1	0.02863656956260175052 0.36683127976706209061 0.21143782013996109681 0.20111011741386738971 0.11806363695814034442 0.04591338450474575367 0.02800719165362154303
6	0.09458431492137286956 0.01917123209141687740 0.04047796624209543115 0.00847120632036872656 0.18055872703093095444 0.05971955816479461443 0.59701699522902063055
2	0.00053508155668557488 0.15592211660497917736 0.61247294197188217879 0.08286029754731653874 0.06976881890549388454 0.03533477073365149518 0.04310597267999180526
4	0.00046346922787827792 0.00035896540667927922 0.00233795543818594810 0.00113346780574392404 0.98797336395373080986 0.00570895207160648701 0.00202382609617500356
4	0.00027750006402960066 0.00396898578974223554 0.00116579170730525560 0.00392485898657715833 0.98316404196464302068 0.00289595008452607104 0.00460287140317617791
2	0.00305181700155542123 0.01793129067977976276 0.71196240003243471683 0.03790707557602743943 0.14938453741441462541 0.02914315058225695407 0.05061972871353147274
1	0.17305645091239968414 0.59399852533776276164 0.01913720578070342987 0.01882225316137535812 0.08034419360346715944 0.02723773571836035981 0.08740363548593120535
1	0.27199477246904707473 0.65774071475139905818 0.01474623598811971442 0.02858441442039195979 0.00330233350704028624 0.02004122382965185800 0.00359030503435007944
2	0.00064099394788949885 0.01345074032165473853 0.91422139921940392959 0.00690410270098664944 0.01847206161610274316 0.00962641385591769642 0.03668428833804379674
0	0.99619928776478039456 0.00013170419957484570 0.00025662977538386608 0.00024294699590758198 0.00056634421318822032 0.00041060256067706189 0.00219248449048795859
3	0.03051790526721636851 0.08201605770916024774 0.00499116262028499302 0.70760640209580749627 0.12591716738848215962 0.01879846758506193219 0.03015283733398674629
0	0.58945225664463762882 0.20064206649065061128 0.03171645393968457183 0.01960008638490067998 0.05729359596452718306 0.06312763528313908301 0.03816790529246018998
1	0.00428039308291588549 0.91272390230895728003 0.01129274763973835138 0.05813878256324227917 0.00222141328543449049 0.00615704233072266165 0.00518571878898943257
1	0.00578751610142658451 0.98886570285198926999 0.00408749917293632810 0.00012556450374353071 0.00017474760152905069 0.00064677522882399907 0.00031219453955202026
1	0.00006672058277795491 0.82365825750491872270 0.10732890001619718734 0.02734627736024570349 0.00443546519422192455 0.02143269997889519357 0.01573167936274429135
5	0.00022948339654827417 0.02716558995838841070 0.00440519883674458934 0.00945133263342116253 0.00763725168997747561 0.93614961724970391366 0.01496152623521571946
2	0.00006002514982760482 0.00093031746986858355 0.96166620969088867366 0.00080967515159075106 0.00716630804072472972 0.00334824781189787483 0.02601921668520302058
2	0.00000984974121822204 0.00004544589862720138 0.91565656926705496499 0.00004590257503883368 0.00059136277501037273 0.08163091559704620248 0.00201995414600371261
3	0.00002198020156372846 0.04690258333306584343 0.00060072032076712121 0.94776621732520094366 0.00088938453334383883 0.00158255951960092640 0.00223655476645853897
1	0.27583035014583623390 0.36656051065012368317 0.05935838400115684560 0.03252877647022153068 0.09499482014535501340 0.10176835837863380807 0.06895880020867287130
2	0.00000313938785873792 0.00128269911645687625 0.99450465012887501182 0.00168311420149793540 0.00021212598216973383 0.00218358167617760347 0.00013068950696439204
3	0.00056515125530848113 0.13331900629473319997 0.00025359474560390273 0.86360753358073438779 0.00032050028060994667 0.00112979477950262168 0.00080441906350710659
4	0.02569933488510174266 0.19337336154192144577 0.11924462701939972376 0.22881218521632853968 0.38266693753438724146 0.02818853546638636770 0.02201501833647473774
1	0.00001323136852577719 0.99773719323301057749 0.00087060444438411618 0.00047658471445839897 0.00011098111002382516 0.00064012917406263466 0.00015127595553560513
3	0.01760544017180194765 0.00992707618719570160 0.02101736696404631760 0.93002233711635706737 0.00066069563967956820 0.00234187921824636222 0.01842520470267265328
1	0.08451741308158980392 0.59376995107802277296 0.09929761643711665364 0.10400796422578192924 0.06098192610523606172 0.02627250330869864217 0.03115262576355404614
1	0.00188873785438134793 0.91264868219093198132 0.02165220585271152368 0.04306438589796535849 0.00232553303965329699 0.01238146770275443294 0.00603898746160188779
1	0.26684356981322288060 0.57856517652642602823 0.04279120367965217470 0.03775425045865900969 0.04965358549763130430 0.00748043637507089278 0.01691177764933766287
1	0.04916664897811885010 0.51384266891893171092 0.15934931264539742291 0.05949606700703395645 0.12232935350951917863 0.06614263678171004857 0.02967331215928953325
2	0.14304285838745975368 0.09851563252704513551 0.44736513443872893969 0.04071446928113978819 0.16625316314564494991 0.06776697441518279852 0.03634176780479877328
2	0.01570456832474722425 0.00374174036286661123 0.91013033649457752983 0.01055471535318762248 0.03861202934278650661 0.00720247731278129705 0.01405413280905257190
1	0.00600949764897366727 0.85582702673764576851 0.00927399296109355370 0.11796903679995632275 0.00358580189530724762 0.00586452294153483496 0.00147012101549036985
1	0.00046233721634077201 0.99681304584727792317 0.00097814621457101097 0.00033229020483204510 0.00036808105221521580 0.00026257329067598490 0.00078352617408693561
1	0.00007040435049053129 0.99646022208735207659 0.00141038980622843401 0.00057358070825928333 0.00042166281901120955 0.00067393212352805066 0.00038980810513065104
0	0.52283880958445594356 0.01981736046888213018 0.03738211771502399083 0.29977305001171888899 0.03961243635899368981 0.04437312809605802044 0.03620309776486734660
4	0.02999375337218317811 0.00908629140544339915 0.00686067503417539699 0.00963646043220238099 0.91098503317349321939 0.01632255195408818804 0.01711523462841397711
0	0.69339436251670127920 0.06944166182206752691 0.03833518861634185870 0.13067520603913185262 0.03987461165452327316 0.00703598254073383410 0.02124298681050059562
4	0.05853247681112530576 0.01057565534882379428 0.00828139636711809624 0.20005102928108572935 0.63260071422696417809 0.03136349886581785845 0.05859522909906526855
1	0.05012715604055545393 0.86250113301847020075 0.05567398049776003249 0.01462827540620616033 0.00119809802706000060 0.00336359702547686917 0.01250775998447125649
2	0.00026847143307805177 0.00297868959038131119 0.97196166064758027225 0.00512806791575561981 0.00949273553292996793 0.00776379353102582288 0.00240658134925077769
0	0.61002238329958391461 0.07813346632091856814 0.02028579564540658464 0.25243159269150028390 0.01320343826387411837 0.00464019359120827063 0.02128313018750841931
1	0.11136555355384340771 0.69089160032701513181 0.00693297443994052385 0.16448413780299422915 0.00456756296358299708 0.01467816713783091920 0.00708000377479340269
5	0.00001506732750776994 0.03434621308562261360 0.01922292463049492250 0.00698581265900835753 0.07282270454787356795 0.83701977374658320663 0.02958750400291070698
2	0.00000593388696664774 0.07429915796274783046 0.86218541045578678261 0.00336967776545806863 0.00538985889629292440 0.05423621793567308391 0.00051374309707468129
2	0.00112937771002258065 0.00515228162209364904 0.96278367814239396161 0.00402830239118577918 0.01569732289764878136 0.00522942084316717695 0.00597961639348831234
1	0.03409534862395528776 0.78080802953903960528 0.00631698075183097316 0.11476135704142638450 0.00998051206673475355 0.04752131233756316103 0.00651645963944987982
1	0.08591596277610040466 0.48309427521040837483 0.25357354002334336895 0.07645093777566093485 0.04249774853031325350 0.01473173174674484963 0.04373580393742926287
0	0.60658212520757648356 0.34632142324471931749 0.00493766056892996734 0.00518810174661459358 0.00597031444622918295 0.02592006700597871902 0.00508030777995166754
1	0.00009554373885097562 0.92627371000048530636 0.02742279787063315113 0.01962323823979839760 0.01892885107817524407 0.00159549833540931847 0.00606036073664745385
1	0.02312962195089222905 0.91390880432897481089 0.00540646988392556437 0.01426557201396487853 0.02041981554674160079 0.02050992602478679885 0.00235979025071443105
3	0.00359532799820920165 0.00122731697355953008 0.00228971523917631536 0.91624215981911993900 0.02001196741346529182 0.01359409710521141193 0.04303941545125799378
5	0.00014564047070889471 0.01307591769656418594 0.01499121899199930101 0.00696575627773443878 0.01305600616362100411 0.92746318525298199198 0.02430227514639056799
0	0.99525999988766256088 0.00067866213605935781 0.00016442609580530853 0.00304236765718474611 0.00026769157694340085 0.00043067470226991445 0.00015617794407471065
5	0.00011322750140008759 0.03163458679516550909 0.02056981567384400314 0.02873588713647431958 0.05656667270104740602 0.79883297027595778772 0.06354683991611125016
1	0.00093099958550309713 0.30565139994280854374 0.08193167287761900230 0.09347232721536725963 0.08904117941480298171 0.23070143027858291962 0.19827099068531608972
1	0.01333651411794803919 0.44417491594783337083 0.22617186951410675477 0.07004180176660211588 0.19562379066359888991 0.02442959119362952264 0.02622151679628163812
6	0.19503708243849246506 0.00496953413828605910 0.01142367375745006845 0.03608453109839647455 0.03801502457722778089 0.01288260417816182966 0.70158754981198523382
0	0.51152396004135780583 0.17982760919219253903 0.07602836994788106373 0.10656780856261997836 0.07539782124633165328 0.02186742216003931261 0.02878700884957753961
2	0.00108405042486384748 0.00801208027828157095 0.96547975517318962435 0.00328693869582549324 0.00315444407125857213 0.01543939338334249060 0.00354333797323941975
4	0.00063720296200026841 0.00399384130961282901 0.04520641044531356623 0.01308188802767737066 0.92062195829275450532 0.00489367539612859791 0.01156502356651346354
1	0.00014037505777363525 0.54757912158679167280 0.04705879789410490760 0.04311080444841291354 0.03010751063709689312 0.01284148114467613573 0.31916190923114418077
1	0.01468039094012690664 0.85561568742307680946 0.03838368598638016577 0.01190889466594514251 0.00678517001195937976 0.06613236891115835403 0.00649380206135245167
3	0.00188282354617409992 0.43873815962298684523 0.01164432610131680909 0.52534316206125120097 0.00451298708854957695 0.00687543180264086739 0.01100310977708073533
1	0.06672283320062430412 0.41776538651855327222 0.10331850082237245547 0.21776880805238024719 0.10043212099640397295 0.05211244291099424025 0.04187990749867123719
1	0.00113862483474739358 0.96313056464385327082 0.00258831223443112659 0.00151908017413957376 0.00103162752313263966 0.02554949880085177066 0.00504229178884291022
1	0.18131644221210760359 0.41977193519458022575 0.13974501725422369680 0.03917889301102826793 0.09233596963630173737 0.04915303714706081850 0.07849870554469738637
6	0.18940402588097085546 0.17872306059321257932 0.09571243446789913512 0.09221407927334586418 0.04373495365429994064 0.01021368403586192346 0.38999776209440983887
3	0.00810012964921424244 0.08095633556846577872 0.22500963411891411470 0.40180877019142813289 0.15365284027469286454 0.03484065155630403782 0.09563163864098034317
5	0.00001056661994386417 0.18910303570547723484 0.01858979719359072844 0.00198436564810574971 0.08459046282711514542 0.68152505049408707016 0.02419672151167958501
4	0.00035199830369258135 0.00114477158637461178 0.00023872750285348576 0.00051918407558574730 0.99569862914849738278 0.00012665646268039760 0.00192003292031575059
3	0.00332205670206397801 0.01024159289717124777 0.00602488574007039625 0.92294359385177948685 0.00500049803506043451 0.02620807694870546864 0.02625929582514911764
1	0.00051672863437388864 0.64410570413672230128 0.18390275472242545440 0.03501352304438627716 0.01066980278219064292 0.02140617195252911623 0.10438531472737212769
1	0.00020974476664031478 0.94562239193496711032 0.02282492615889402873 0.01280811658713734702 0.00171754652523859559 0.01519873090977554367 0.00161854311734593035
3	0.00443292516814343830 0.23681608312419516471 0.02557959798950101837 0.67498138798699636176 0.02259124218540650708 0.01507645471187340352 0.02052230883388433957
1	0.15731345622549697261 0.53628364065403344441 0.05429577485547558424 0.14985685724733244228 0.02743038868491961754 0.02932403598056754906 0.04549584635217431006
6	0.13612890800551624704 0.02451255378923615155 0.29086797376716116981 0.04174516972753707089 0.06237766880477703391 0.00844779432148725848 0.43591993158428526955
3	0.01476240824701788822 0.32018679279177370001 0.00550678645898111142 0.62714797263663968341 0.00808386862327490491 0.00283002382170474557 0.02148214742060771537
1	0.20169534616341797117 0.47385381438213236560 0.09174663297419449748 0.13322354733708605123 0.03848396063917947085 0.02724573636603037571 0.03375096213795954203
0	0.91090259100686143956 0.00613294066006254187 0.00929432153513390889 0.00711722904245017281 0.03421574800809870642 0.00452026079962242894 0.02781690894777100534
4	0.05498796303706753735 0.01847855769062924786 0.11890717370564105049 0.26098915579201170667 0.26325381865878433318 0.03356049218715452531 0.24982283892871151587
0	0.83628072596814706507 0.07514323841323378161 0.01601400728950184982 0.00476303355455739291 0.00677718490463990585 0.00250737247378345031 0.05851443739613659129
2	0.00001510202339569594 0.00052876292385812965 0.99040633919264009499 0.00172631762812336213 0.00081291284618421151 0.00308204030296510599 0.00342852508283430189
2	0.00155791854061823999 0.02167629389033741763 0.94509057659345796498 0.00493436472158306771 0.01738468274320961390 0.00501194812851558924 0.00434421538227742175
0	0.53435601284773004416 0.00488762607920672793 0.00121158875185637554 0.42146193355318212204 0.00925509102688622416 0.00386756626937556636 0.02496018147176286978
6	0.04484344034836350995 0.10236390170463628702 0.02203445939657163594 0.00214341016079084342 0.18985211750356456584 0.03180829920331953303 0.60695437168275334638
0	0.89484302777287161312 0.05408947079259743274 0.00624206920872086551 0.00224884686716147726 0.00893467472519336031 0.00392040037687243353 0.02972151025658279627
5	0.00001561144863757124 0.00086783335181176455 0.00058157025526911325 0.00435888902441029270 0.00037593109677467299 0.99174635876717109895 0.00205380605592581479
1	0.05264826672674932651 0.88867183064323007624 0.00362133634382569595 0.00479372931737527194 0.01363242884668285429 0.01439071461645892447 0.02224169350567839140
1	0.02072463372086009656 0.86627189675188875917 0.03398187065554729436 0.05746714080031371102 0.00750273019133817012 0.00790883165770861658 0.00614289622234335739
1	0.00089520765758017398 0.98790117599648130664 0.00166891012161804334 0.00301477298494658066 0.00150127950957772431 0.00396579698395965567 0.00105285674583726480
1	0.00184270858996338476 0.46023065967987625280 0.13934017981401555786 0.03719646232164616761 0.13808555982350317892 0.19404665950028235355 0.02925777027071342629
2	0.00004125938197429144 0.00360138433234014847 0.98379599317498589439 0.00353461093389848338 0.00100758968615073533 0.00187453461406420375 0.00614462787658498315
3	0.00588257108529607626 0.02730239236766570515 0.38238897839788693611 0.48825576364499512216 0.01077383020592929952 0.04702666692764929240 0.03836979737057819029
1	0.03583858615163930394 0.82258188641219032178 0.00384471305005809573 0.09263906755935258364 0.01893286811749725004 0.00537236770566151996 0.02079051100360115867
1	0.00036702222864664784 0.46633069936219906371 0.34430264569701096722 0.07734083434893584963 0.02038098522742250868 0.07450522980190885103 0.01677258333387510875
1	0.10487016921060116070 0.49953224162920678575 0.04527152961589141905 0.10304207654567486274 0.05800328004363093648 0.02405521869254811235 0.16522548426244645925
0	0.32378111003293025272 0.17018809315949290362 0.00751216194621578612 0.05548592244390060380 0.13199543105579475410 0.03226531783558405503 0.27877196352608174523
0	0.37692868943960866623 0.13244391109518074967 0.04571991371272874499 0.30327601847474167096 0.06695511983045768223 0.01937318751177034837 0.05530315993551231796
4	0.00528305065016558811 0.03042389401614766647 0.02623221984919407376 0.03246907745894483249 0.86417689559305133074 0.00969952322121046644 0.03171533921128577571
0	0.41588431165026684688 0.10524787017342435158 0.03734377848756149226 0.26392150573385103618 0.05876666987473949666 0.02754391486338426606 0.09129194921677230568
2	0.00000728206551793799 0.00078190048107091073 0.98098562948261713856 0.00006593070139033539 0.00786067045270193165 0.00701665157637973956 0.00328193524032136625
0	0.94337786838230031083 0.00682858140882732119 0.00156203759839123983 0.01842830768817304080 0.02000446237085664464 0.00142910975789588279 0.00836963279355566227
1	0.02358124593295040858 0.95743366735745538687 0.00343215050126475249 0.00116730171850796421 0.00052855845052509080 0.01102836409820463770 0.00282871194109152180
0	0.80358860608680060533 0.07096227250242267970 0.00428750513284557357 0.01225014989255361446 0.03942245682515357896 0.03047963715691794084 0.03900937240330601408
1	0.00765662642920652160 0.54731434024750091893 0.15989476694776394439 0.13935914671029422940 0.03053871406600108460 0.09926476242550380524 0.01597164317372932671
4	0.00005025281722102437 0.00239483946209396049 0.00252819621734677851 0.00743587853149479516 0.98616050853516512564 0.00083019216471245266 0.00060013227196624365
1	0.03943046627789788955 0.66765046151123796925 0.04202006368722353141 0.13808891474818721368 0.04742104212176516398 0.01731717131290807024 0.04807188034078009597
5	0.00001817966560620973 0.00004079095995611249 0.00379327400090207715 0.00075371498916537922 0.00229085318711795636 0.99213414416218748126 0.00096904303506595247
1	0.03780989326543063300 0.87258636175718162775 0.02268407979405058159 0.02376169323115646242 0.01284745968562604757 0.02848026342792322682 0.00183024883863107954
1	0.06336273455431201684 0.70722648927705400457 0.02529493559195055905 0.05186478291225767728 0.10348286235338097216 0.01101705620859862525 0.03775113910244599913
0	0.97036025987014962180 0.00426407793420937892 0.00235262323784242748 0.00448814020805296272 0.01368847280381766188 0.00333050932684951636 0.00151591661907845361
0	0.93152689599951532529 0.01672380349468326199 0.00033602124017116007 0.00533106443588152006 0.03953381631393581425 0.00341277353990271544 0.00313562497590991890
0	0.90214000634778146459 0.06470625153077509684 0.01160670109239072753 0.01356683386404687434 0.00369467451722370202 0.00223153603045011086 0.00205399661733188330
4	0.00052540159425587183 0.00151229259079272544 0.00430477694348895424 0.00328229748480364037 0.97469422149884954454 0.00537185754001501432 0.01030915234779489729
1	0.00372630191630325723 0.83623682724307213388 0.02336342582885192823 0.06592060209453082242 0.03608622466420848690 0.01286469208293503259 0.02180192617009863235
3	0.04133010260272492603 0.10452372576898956436 0.06285506359889372896 0.39899211788419775004 0.28399075114723881796 0.01701577859217746902 0.09129246040577776444
2	0.00005762954015976882 0.00809942356792817467 0.97961834521305279910 0.00578830504105810884 0.00038778017282396169 0.00160845355070603105 0.00444006291427111958
3	0.00458931859532065063 0.15107171920160261669 0.01319088406967860658 0.63340587721440533286 0.17181890817785464010 0.02115765364196165940 0.00476563909917692569
5	0.00042637888487614674 0.01516251387512750765 0.01460580114283939988 0.00574615703210382568 0.04524708182962506459 0.87304713440920111989 0.04576493282622695613
5	0.00041521974718890508 0.00368341842739993222 0.01447125991440472402 0.01563371383942518261 0.00548082063318433392 0.95492290554610625986 0.00539266189229059036
1	0.03670158946687436530 0.90664715643310755944 0.03456526696497981554 0.01332579012243330537 0.00196680974339683489 0.00371759958557325246 0.00307578768363532627
3	0.16226574520566763860 0.09455583376167221721 0.00909568207700509924 0.69307657221434748607 0.01179463405558337473 0.02215153353598699540 0.00705999914973730932
3	0.01053590101797947584 0.28056913925734972004 0.24241888412292597610 0.28744489067603673504 0.05637025192902325038 0.04885344790935497450 0.07380748508733007973
1	0.00011081055603986560 0.93572357651804694001 0.03083475626507048081 0.02827379592657579960 0.00132813761341083370 0.00325515843987241775 0.00047376468098268392
2	0.01746362157704962892 0.03429937353094525410 0.58312157742945047723 0.01051880481597011578 0.08301208407714376347 0.03392330985605770260 0.23766122871338299372
0	0.35655240767852203199 0.06090841439549109920 0.06103601268806633368 0.16073643557970046514 0.12961030423751804252 0.17235817624479385368 0.05879824917590804195
3	0.00086095498109570406 0.15074461485717779996 0.00249273262870567010 0.83855406640467089474 0.00344120108492320222 0.00138245936923444179 0.00252397067419143960
1	0.27571443374316606523 0.33388229962243931581 0.07933768557610265670 0.14695302080570829539 0.08252550022699862986 0.04813658399136891419 0.03345047603421596322
0	0.66158256573096974051 0.20425496079035723729 0.00668292418158669601 0.09613335352661955824 0.01050525308350038975 0.01274466278168799767 0.00809627990527851844
1	0.02471312841329422264 0.61315977744267913252 0.15572848834113239835 0.09892606814037294138 0.02628823418473504037 0.02492212150833273202 0.05626218196945387967
1	0.03525807782593607526 0.53943244805767220917 0.08473031111890114153 0.15120954843620235120 0.05381721618363876497 0.05708328478446201421 0.07846911359318750612
3	0.00054537085149502455 0.01843388693129718869 0.00348169901849052421 0.95052348157130661654 0.00607753182061940810 0.00964215337308542420 0.01129587643370556782
2	0.00756065001715409881 0.00048481815250695474 0.85416862546199368023 0.00343020191105120054 0.00702170698097324703 0.00416145717000863079 0.12317254030631237527
4	0.00354623571443438016 0.00189663142697612977 0.00160056402831121997 0.01241297500924280761 0.96380623483188865297 0.00203914463680436369 0.01469821435234227106
4	0.02291085088860090810 0.03605024555929060848 0.06226565199261650807 0.03277872063508810441 0.56447908923427225769 0.01620021739959420087 0.26531522429053761014
5	0.01003469545260891362 0.06703492263288546305 0.00645797792028296458 0.01284101396809946873 0.01984240522083070141 0.77992196033837435376 0.10386702446691803425
1	0.00031713012644817549 0.97600070906761882128 0.00453508435242590182 0.00724855613549948985 0.00063506049308698683 0.00964040431100856611 0.00162305551391132168
1	0.00104356313124669988 0.51470201349464361762 0.04975474888455221067 0.00783610227995740725 0.04687571787301463011 0.01587008058604177582 0.36391777375054301658
1	0.00001811389739499410 0.98443662144341259612 0.00176736873496427245 0.00877640145060458107 0.00056814713334270208 0.00372367611985242311 0.00070967122042802798
1	0.12205567123241502225 0.35489058433405556992 0.03963164691917908655 0.00574544720517226187 0.15376914816338302372 0.08275382591337669680 0.24115367623241804051
1	0.00442410980365558204 0.76311694245081818089 0.01064196655888781200 0.02121826172065783070 0.02040769120278981483 0.17759006024674472979 0.00260096801644610744
0	0.98252334767695148621 0.00538731538683936192 0.00154370540951157334 0.00081205882246130603 0.00386200471608397905 0.00441692846713090045 0.00145463952102130572
0	0.89964717834494656312 0.02119792954905349788 0.01472529979156462013 0.00469730092030312598 0.02340613040926685720 0.01475636882178434257 0.02156979216308078928
0	0.97036285199352090292 0.00210068164662287468 0.00126981569768236987 0.00832651741536306195 0.00374447887677828526 0.00591785209679262895 0.00827780227324015176
1	0.03028431238383630028 0.71649288368706343100 0.02261236975340055050 0.17475008459012880691 0.02810680546018673107 0.01059012081015195568 0.01716342331523256284
0	0.94812206352712136148 0.02113974042706469325 0.00026150599284559034 0.01599682263329355383 0.00403477788198297951 0.00226341410404568445 0.00818167543364570551
0	0.55255894055330623260 0.08297010338557139764 0.01420395806612892962 0.01530889698630272591 0.18087806181667609451 0.04037159911699862713 0.11370844007501597350
6	0.14418061520261413189 0.02085490092863706221 0.02720979621712275517 0.34956679070571167189 0.03580185724951580328 0.00969993922262920791 0.41268610047376930172
1	0.00291411326733497043 0.96435301436439180289 0.01300249243279894343 0.00600885392233682213 0.00180015124069630539 0.01034464361331542855 0.00157673115912681399
1	0.00032043827945068854 0.56424693476611786913 0.00274458107286722989 0.43168704736297608404 0.00044433612022868712 0.00037229865505280358 0.00018436374330465399
1	0.00274793499394825969 0.52919478975183731340 0.11580868663290481979 0.02218305263459347323 0.04483915023019231783 0.06137207125844588301 0.22385431449807738358
1	0.00057782102164995381 0.99830938174458705436 0.00034958738445103237 0.00040478445098873555 0.00004152111727386615 0.00028101742430861211 0.00003588685674050587
1	0.01872110634383425745 0.87136143600211002358 0.07289429610259963443 0.00315775783704302449 0.00126712226190774276 0.02797482349540520580 0.00462345795709983350
2	0.03074942637833453368 0.00678171979419760554 0.88446378885974341610 0.00811084298691122987 0.01268326652834603566 0.04054230626026862627 0.01666864919219915309
2	0.00002199547970652872 0.00048864458991851854 0.99265127320878698836 0.00016500784201569203 0.00102763930074351462 0.00044602423739762142 0.00519941534143070292
0	0.64822133192306830018 0.07568667054056728294 0.00402417989957168636 0.02975459330713861594 0.20541286174031248013 0.00060832720278338468 0.03629203538655840361
1	0.00761193746669004429 0.95393352727243740929 0.01026882625013886968 0.01491668041157351472 0.00514799140666104358 0.00201617089896260083 0.00610486629353751767
0	0.37338844871569970563 0.25310481395375328262 0.00214694987794260750 0.04965033100563154278 0.13159606205939997081 0.04949705387468959772 0.14061634051288321445
2	0.00000381842441141729 0.00021500991534218025 0.97249837893036339409 0.00003459148083976264 0.00060966880478096469 0.02312402604223534608 0.00351450640202714088
1	0.12818267884398629186 0.41781826160023655126 0.02439567125185750085 0.08783447961728101105 0.31456945666769625669 0.02241205367883533639 0.00478739834010721843
1	0.01653962472200814007 0.53253856085568618273 0.03892875958547713927 0.00598816754461478293 0.10925200106997116911 0.28026658069410537166 0.01648630552813748137
6	0.01700164781044095560 0.01848903338710047514 0.06032578881638946816 0.00435359810615199710 0.01197398464216842089 0.00828542880654926581 0.87957051843119915535
1	0.00390928834104245157 0.70812706860795970876 0.01062235704489371442 0.20950792567505627240 0.03743472073079995993 0.02177170706468467554 0.00862693253556310290
1	0.02991564123875998377 0.48811582144785142789 0.15506313891861656096 0.10952717556268852517 0.12692446669616208599 0.03051050665530376238 0.05994324948061772323
0	0.54128930995629764844 0.09085055741431204146 0.02650395588426718643 0.07256333588657586098 0.10181422853026017572 0.12938166290855759866 0.03759694941972965831
3	0.00232084971278263439 0.04618451796101348539 0.00438949769234723425 0.92610621261365788648 0.00080609760474246886 0.00169152451938256389 0.01850129989607418243
0	0.58682104432749226941 0.22053705540499163318 0.02588936597241304691 0.01968521003904331879 0.05095812380834068012 0.02850998286593470210 0.06759921758178422113
4	0.00032101351179554663 0.03362722933787540974 0.01249492215583961757 0.00812640667466965096 0.93376312179783538259 0.00385371642714815461 0.00781359009483630941
3	0.00261529118555632514 0.01919325057741653323 0.00264152063296354839 0.95647143322783845232 0.00271551708971391964 0.00210959488219557073 0.01425339240431625944
3	0.00812215799012434847 0.00854521199946637125 0.00453711351104215798 0.95708746033717528867 0.00699197463328788977 0.00406021415473291868 0.01065586737417075457
4	0.02619584693616618457 0.20169198238479996155 0.07182797874881578781 0.17708657071513381198 0.46082032028289399150 0.02522659561028251299 0.03715070532190774960
0	0.49563158987856664739 0.23396968669086765091 0.05572032455081427083 0.07994989396562492134 0.03222231772183923454 0.05510822844047202906 0.04739795875181517654
1	0.00015150607749972765 0.85005416991172377816 0.00138517730663514915 0.14681569457427426362 0.00043513767139957704 0.00037108751661440401 0.00078722694185284726
2	0.00334520577018160639 0.01297598113677158639 0.89882958288595959928 0.03893659575100100190 0.02028166119180342675 0.00956247423180933351 0.01606849903247325323
3	0.00105003466086100441 0.04262012559790014782 0.01701635702585385310 0.84365799060700830125 0.02324768194115941003 0.02284777107941839830 0.04956003908779942069
2	0.00001022891468499237 0.01164890373741711387 0.94234095536072470800 0.03991409206455361763 0.00100842653830315963 0.00392673232291876166 0.00115066106139840967
0	0.32422843132799084032 0.26373961609587243116 0.02875185220714996173 0.06909829015240112615 0.08447079236945280456 0.02914479173364711503 0.20056622611348573493
0	0.33354545020106979303 0.19484725955332105052 0.08506086425070265300 0.02940685041844404851 0.08583073765878150574 0.17542043883476440835 0.09588839908291629799
4	0.14618720860483144786 0.11366451714594652533 0.01446292964104708631 0.00861500114356526098 0.62930467124403688395 0.04871020527059470584 0.03905546694997803769
2	0.00041733779388788278 0.00345844669471978908 0.97515700745460309751 0.00096043871942975284 0.00164217962563371835 0.01212207280519591278 0.00624251690653047833
0	0.92267456924983892730 0.02348434316813407391 0.00504776815071121977 0.02426273453063557128 0.00971718279580058124 0.00581061305358639927 0.00900278905129332091
0	0.82957933014829499108 0.00191416805477263017 0.00641710226926599236 0.01554569436645438819 0.07282912198085858546 0.05217734274903500918 0.02153724043131845928
2	0.00000319439254060131 0.21638841026534355594 0.73410267967860309835 0.01709216586792637604 0.00449746923267561449 0.02169094160629764928 0.00622513895661379758
2	0.02322934803141612006 0.03677666385431564017 0.62154269608601642183 0.03032480303893196616 0.02056359162803104296 0.13972547501881352194 0.12783742234247510994
5	0.02971116749796328185 0.01606848778999037802 0.12542424944286573174 0.09217090670964843413 0.17892463804489522339 0.43975735828492984458 0.11794319222970717220
3	0.02649421639783933191 0.07139984993131782975 0.01083372834109238084 0.81363611770832422465 0.06082018953294862640 0.00654003424377716351 0.01027586384470035794
4	0.21267537549438000899 0.11777344396994136877 0.01095436448333826293 0.06269649009646925675 0.34357433423863686928 0.06794754620645146459 0.18437844551078280686
4	0.01662249139435348008 0.00643278169717486845 0.18807481728943883925 0.03216398241972565075 0.63022122860055873605 0.09394857855197903673 0.03253612004676992991
3	0.00032189046278252451 0.11034488045611219598 0.01254514550986395374 0.70976778250377903223 0.00965576315945956311 0.10676282489660882113 0.05060171301139378824
1	0.00306535273125611895 0.73250518025435817915 0.04160633589349339162 0.16549195268938687864 0.02234876670570571169 0.01325906662538765129 0.02172334510041146541
2	0.07871195087284801883 0.09659357642560878476 0.65841135513952264713 0.05570446323312407133 0.04638267031879636515 0.03099381899480849883 0.03320216501529196090
2	0.00118625194748461413 0.02366345821439681460 0.94130397029141499310 0.01417441744626070019 0.00307608043060903467 0.01115126582654184413 0.00544455584329188707
5	0.00011670336730349126 0.00321114214787007312 0.03959752337889679841 0.06541806545778121318 0.02247027366363262696 0.86381548948100905783 0.00537080250350699829
0	0.27652820922320803243 0.20601620498176606566 0.18178371447976188202 0.12424954302101148818 0.05928211128446214673 0.03282879294870921782 0.11931142406108125043
0	0.82714417258821160139 0.14071653188393634659 0.00119663194348793066 0.00631164137475164703 0.00086178280860295603 0.01666916305789994945 0.00710007634310975532
1	0.00922385058905786197 0.54992366864398201098 0.10119143159105652152 0.08001556143552662759 0.05739479028082090928 0.16438117171591659638 0.03786952574363867952
3	0.10146700812599826480 0.11474222236038877920 0.01968348889684880948 0.71857344071763284976 0.01175563030125043734 0.01935535967839034643 0.01442284991949016430
0	0.95521690836085748622 0.01340486301764184061 0.00331815239924880719 0.00178565111357326264 0.00808493967890098510 0.01061729607274929620 0.00757218935702806944
1	0.11840442579412110979 0.38782704125771988446 0.07529326117949171338 0.04996138818711429869 0.19800789114589156803 0.09702539528069002717 0.07348059715497169686
0	0.52124201135321401868 0.19614932469595838804 0.03361069464308245186 0.02870514514769415687 0.13707519319519778644 0.04568733597307585159 0.03753029499177726325
3	0.01290441696976394118 0.05299342478943318974 0.00826930000373662585 0.89958070417817470599 0.00266720302982013198 0.01786847849437688332 0.00571647253469515643
1	0.36888699919749184941 0.43099810687150147404 0.03236666424504408557 0.02663192416665328272 0.04125749924703082244 0.02284273385290350872 0.07701607241937502568
1	0.14054278065671224618 0.38710081137972146559 0.07440437471289479410 0.19319621953394491842 0.10699831924525596283 0.06145547943289780130 0.03630201503857272832
6	0.19195361862348689352 0.02632450287931325725 0.00946589789938640479 0.00377718568120401438 0.02013600133138932283 0.01451208034456464603 0.73383071324065551888
1	0.24130651352584861491 0.58796808950740542254 0.02803983203732559812 0.02366376879931422414 0.04069492925549949430 0.03021011303994529731 0.04811675383466117867
4	0.01901754308922030956 0.14786464421886419407 0.03865223173653092176 0.04739494471305944617 0.35240083283092821231 0.18173965062658109515 0.21293015278481575159
3	0.04478750216729873029 0.11571165796384023927 0.03988124117538062452 0.58456251397220859722 0.15988416014997222647 0.01934118813293470712 0.03583173643836527755
1	0.13962415503006517237 0.37590494094137638648 0.07282606653408263409 0.09351771490729481051 0.05385827936099811530 0.05678120554018968591 0.20748763768599312596
2	0.02205522679324409610 0.19876725425276839387 0.61090113712600535578 0.05769269546120386200 0.03992742152069043982 0.05002036617893357295 0.02063589866715501153
0	0.73507281585771400145 0.00320281605235831239 0.02760160813231301094 0.19070220043330773918 0.00704868466212006401 0.00608643213295609158 0.03028544272923086242
1	0.02305761849656967968 0.88427382605789317527 0.04210967942058907454 0.00659645069574492024 0.01186603771413651497 0.00716324707213324835 0.02493314054293338869
5	0.00242360891144764246 0.07117366266359062554 0.16196071422249325167 0.30406349156458695182 0.03838362407111025471 0.38558310303173937150 0.03641179553503244570
2	0.00226114620214355527 0.00095620944994847731 0.98441684046264665842 0.00180514742029782411 0.00338792496985563119 0.00528059233346636885 0.00189213916164212561
3	0.12774567724742136310 0.12654414027563637424 0.09951812165554867196 0.44506625653453546487 0.10354236358100231408 0.05660775542818721751 0.04097568527766846935
4	0.00206579721200407431 0.27529654706644679507 0.08576180184152458474 0.01263047364499197793 0.57438302595831858266 0.02657457589869282460 0.02328777837802154665
1	0.18585541780614861507 0.38542512692644953498 0.07814336716795741711 0.19244719743144061974 0.08818669459069856942 0.03683805547473994330 0.03310414060256557101
4	0.00294654711765909112 0.01353038170685101974 0.00265003870159188307 0.00377030362991779503 0.96020818145012909461 0.01212028933811848917 0.00477425805573288876
0	0.50174869523927201342 0.41805980892523780801 0.02265674676364844500 0.03426985578333828497 0.00615470824582461679 0.01013631060362482628 0.00697387443905372710
3	0.00677362067888956886 0.22005011090066745050 0.08589131190118891312 0.62182771820359705739 0.02002542331628952982 0.02159591237718588852 0.02383590262218146169
2	0.00001982034347007444 0.00060796145033765027 0.97844683025970236034 0.00162228275277912491 0.00819316620367724867 0.00288274018237567051 0.00822719880765572335
1	0.00454751384838001250 0.75204798914262060983 0.05287565017082344193 0.05463383091728266777 0.05334339607252774201 0.03334175124688293357 0.04920986860148270081
1	0.25479197073433418330 0.61569198887194331871 0.00667406955505928795 0.05738513926091750456 0.02521522058460031607 0.01895225452190693952 0.02128935647123844990
4	0.00006662471149358816 0.00360248886983922240 0.00092997964408802645 0.00110274259857506070 0.99320230779265039622 0.00029368195160068812 0.00080217443175421550
3	0.01781914244689802168 0.18210101792355923300 0.01707312122919073943 0.53442090920352558481 0.12622349283015010801 0.01229793879638239884 0.11006437757029396973
1	0.00424875807093683805 0.64393568637698339607 0.20175485974776324882 0.02590490981053863995 0.01962406566804151750 0.05713381511023512410 0.04739790521550181490
1	0.02696089446146223562 0.60720271320880203625 0.05220041766263760347 0.21188729670874242861 0.04368637483609050937 0.02943200643430486652 0.02863029668796007732
5	0.00001364182919188818 0.03151471431366897197 0.03646751734706895481 0.00557663402955352501 0.00756939820653091192 0.91381518544736617393 0.00504290882661931512
2	0.01720504609321135345 0.02270663070703353090 0.90610876975146759094 0.02042663790497657728 0.01995239926056988425 0.00795855009508963235 0.00564196618765088181
1	0.01341896317997242315 0.86970048503551289354 0.05440996195330728702 0.02139550833541095307 0.01349041326981049310 0.01587431938163024955 0.01171034884435615507
1	0.00005868066303943329 0.94531890374697347124 0.00080527437292747723 0.05266033094884976784 0.00032821310683634473 0.00016763018501428186 0.00066096697635909993
2	0.00000147876903207199 0.00199914903906105428 0.99746537226210263416 0.00003868345313591926 0.00001792988039381539 0.00046437015416153090 0.00001301644211175010
3	0.01948743082080546529 0.13447253544812665105 0.00548222524359399683 0.79568658522330748539 0.00861080874847820407 0.01397820553746538866 0.02228220897822275059
4	0.00072789502803424690 0.20575871319341609844 0.12401776967925860762 0.08492742989433202383 0.45680950031935829703 0.10723582749342611131 0.02052286439217479094
1	0.27393467345502287014 0.59280648582801109825 0.01244594184465132140 0.05487358954944160372 0.04573755850917344407 0.00184183275945165028 0.01835991805424840376
1	0.00912686513384364413 0.94223233944969964071 0.00252780222720627246 0.02480856936023279405 0.01605322039214961485 0.00216805922761209666 0.00308314420925534386
1	0.01114908567975966477 0.90216409589177914974 0.03816666705806951582 0.02270490751700704121 0.00471827637778166747 0.01785676872233980805 0.00324019875326357143
5	0.00037575199086132855 0.00326433258015653956 0.01007980564058249921 0.00243258045837551349 0.07262831427447732913 0.88413384124895011418 0.02708537380659690672
3	0.17504833203103187245 0.00703210869646649517 0.00598215493561849582 0.78381001659217930388 0.01431213420379855508 0.00526893531287884413 0.00854631822802634500
0	0.86350873783520176730 0.04635915941224755255 0.02633403923126347718 0.00883735211953361015 0.01473713203897761975 0.00675988944273037042 0.03346368992004573883
1	0.02454610062894777359 0.71731773074253712963 0.10961282824186116547 0.03925054366503182707 0.05230408216413434674 0.01127026959923375753 0.04569844495825434866
1	0.01530899014236896880 0.51752372914150046590 0.03275222129870621751 0.33012498019801084226 0.03759030157083775858 0.00799499728889301389 0.05870478035968318409
0	0.44028491712053435814 0.21767488574737364759 0.05257065737149725637 0.12080951306848421167 0.07794198463608473237 0.01750914564185981903 0.07320889641416573890
1	0.02249821091693485903 0.62117741999537878783 0.04266399361792101025 0.22648501270553983433 0.04977320870223415905 0.01509778862710057894 0.02230436543489075149
0	0.46532853826257358776 0.09584803821853890571 0.01606981271131546068 0.05123075190752827274 0.02342603590392397170 0.08548245077505797762 0.26261437222106170930
1	0.00906411884980343543 0.92230008370721261457 0.00164512210008381640 0.04343999320877104525 0.00818370240241887183 0.00772163201763595344 0.00764534771407453934
