1	0.05005013283089564807 0.47174369651299336015 0.17984717335613215061 0.14285612481134588037 0.07981993710419994781 0.06580324624341681028 0.00987968914101589220
6	0.00823086549852905351 0.00045023520337464455 0.10092120156368426798 0.00032121774411738446 0.01998261246450206904 0.01096186790570041585 0.85913199962009223487
2	0.00450974663428374643 0.23459316724272072374 0.57362373733086369221 0.03459912569891080564 0.07928991048983027867 0.03621182600634589854 0.03717248659704507768
4	0.00446191593229311716 0.00045221231475920688 0.00536937314354175420 0.00286976355186194894 0.97937156857973128865 0.00651665287035129576 0.00095851360746107886
4	0.00064733867175088659 0.00600512132898776366 0.00111610567259376480 0.00300668759290480736 0.98304969949306764132 0.00290770451842627684 0.00326734272226892816
2	0.00716180050391277204 0.02516701508879791785 0.77470007413808072982 0.01709233833223216745 0.10715895013314494233 0.02891589857101274294 0.03980392323281819328
1	0.09886079743267753295 0.66800521046009353476 0.02578832796214882567 0.03213063078037828313 0.07804514289934706694 0.01654131289358696036 0.08062857757176765394
0	0.44260011438020130381 0.39203651832947361555 0.04169240671004001419 0.04030464290329893035 0.00293312436026267349 0.07826767548227535343 0.00216551783444805150
2	0.00027956974946810023 0.00324905519402239563 0.99330483409837233566 0.00028439266467591371 0.00190838479605891795 0.00048704601914321570 0.00048671747825889577
0	0.97386950552093809463 0.00071161621917441341 0.00418780517100870563 0.00355407859003271671 0.00430156753219724988 0.00380039362770086785 0.00957503333894819432
3	0.07889229914240879216 0.07623644173435283056 0.00678504652975689924 0.66562824408348375549 0.09157718183974476733 0.02364257127144588078 0.05723821539880689230
0	0.35889949065182585874 0.24991102460380287820 0.08013657376320701409 0.05773023001597341747 0.07415650952124712425 0.12140906491404571121 0.05775710652989827359
1	0.02700660322771984354 0.80558884026485089169 0.04893908000031114980 0.08389844860386824754 0.00200326989865209828 0.02445938031862021980 0.00810437768597780175
1	0.07027384925161163365 0.81187613732746410911 0.11577283106858311801 0.00013816155433491061 0.00067605491741118103 0.00057128172847783511 0.00069168415211701931
1	0.00006870903254811159 0.99063457544719313308 0.00750769299139560867 0.00047593803989319023 0.00012471718527847840 0.00068932814482539659 0.00049903915886650952
5	0.00675359517075652810 0.02949805841002172899 0.00266946672765240416 0.00534442976266610859 0.00237667183410525829 0.94805953674645027096 0.00529824134834765842
2	0.00015256646273031132 0.00033631091838735985 0.99704527418320698651 0.00007550396578112165 0.00110482033103754228 0.00047515427584294520 0.00081036986301416764
5	0.00012676050634863916 0.00003477627930255445 0.16765780772697175260 0.00002034602172408463 0.00015721574534148224 0.83106476878138069164 0.00093832493893183499
3	0.00016414899857386349 0.04818666357316151588 0.00088681890765271562 0.94734267631596502657 0.00036300412624664616 0.00128171713811781811 0.00177497094028393021
1	0.20084302978540097273 0.23740181261231466103 0.07231989093813356861 0.07272673585668731899 0.12084263369857584092 0.20524682251723835869 0.09061907459164914025
2	0.00000445212630380445 0.00010517472690805513 0.99957607941445980604 0.00005159249097144540 0.00000569529248576606 0.00025289581286911029 0.00000411013599984786
3	0.00203354615202762509 0.23039369574407916885 0.00043614046219229708 0.76468512684191880524 0.00032867830229631585 0.00144789670334055632 0.00067491579414596979
2	0.00944862909780099826 0.02179362728252220646 0.58767613783827088447 0.07961975893876591104 0.27653071276699120462 0.02190899826594007796 0.00302213580970953945
1	0.00030502180934793740 0.99066737247255720611 0.00538242224275798861 0.00091960838361942587 0.00058626960515278579 0.00195801859885913780 0.00018128688770649109
3	0.04269377095536941447 0.00479704328973984233 0.01501954890096351795 0.93163110709649299412 0.00020102226630038062 0.00060501114149221120 0.00505249634964176353
2	0.01846683335755463368 0.45920348361477103527 0.47638648447792375507 0.01084718575367118500 0.01972968686325287865 0.01120996449110503446 0.00415636144172103379
1	0.00096348511598456585 0.98614365641694878839 0.00541421939860958854 0.00454971374000192556 0.00044703626190465616 0.00180415375228058805 0.00067773531427003085
1	0.23842860264439966200 0.54357333059582890744 0.07010543858162517072 0.07263089624816060352 0.05516985606043729035 0.00971141726571712882 0.01038045860383145745
1	0.06613637383962110705 0.32578830329057595350 0.19498271378334219861 0.05130101311224722488 0.23222558593100242619 0.10760242336188118040 0.02196358668133021122
2	0.04089505436427467305 0.00528417245714122696 0.89962217726873672241 0.00275059165994017947 0.02292903948097197928 0.02635400697758613978 0.00216495779134905260
2	0.00194683792361288808 0.00021062336236136068 0.99209687084152486936 0.00072767886209124848 0.00354519883511365992 0.00073121862296283025 0.00074157155233487348
1	0.06634962651600151418 0.74992904102948765299 0.02213372106257954774 0.14280264174239279407 0.00729503352527507455 0.00869024834961599872 0.00279968777464710333
1	0.00059208015931257348 0.99723405568576750646 0.00122162572584035597 0.00026086869590844674 0.00023727969512084282 0.00023476621605166765 0.00021932382199857348
1	0.00001086771375637636 0.99964414795432499083 0.00018733361937586343 0.00002468189399429708 0.00001906121681504524 0.00009031106237911866 0.00002359653935381171
0	0.48364887628539465769 0.03450975477150328846 0.05209495980712688934 0.34430833674549060630 0.01764614944062886659 0.03419759271133895884 0.03359433023851677441
4	0.06131027639978477162 0.00594524683075726805 0.00557240639244511570 0.00541195620171270458 0.90413146738917293810 0.01051433707493900499 0.00711430971118830104
3	0.25962004651970832514 0.00445076153953755712 0.00849419066339539112 0.71706974249387989140 0.00633899415069720269 0.00158856928923052860 0.00243769534355148428
3	0.04820775597897512810 0.00385019206535953387 0.00241069825258709422 0.61039375833339037936 0.31672328098214935777 0.01350994402383876546 0.00490437036369999191
1	0.11833414497087774153 0.77362629205178123915 0.07135368346572869280 0.02036799820764336952 0.00089766563016369452 0.00158900552631875973 0.01383121014748660456
2	0.00006101967039823527 0.00003493270023687260 0.99844414266159420279 0.00044184772052203650 0.00017579327331208210 0.00080761974227760904 0.00003464423166005785
3	0.24325956772154311292 0.08427406968968945145 0.03475240566512467072 0.57078301284287336070 0.02296290852868426019 0.00768806372988671289 0.03627997182219813710
1	0.08833653564504692635 0.77738713832040950980 0.00792526927909462629 0.09457977138582805698 0.00395548878747047517 0.01977418895202408614 0.00804160763012546145
5	0.00031207154451427761 0.03404896549698634839 0.00079986929338804187 0.00014670889627542218 0.00192428889826466915 0.96179854592460956031 0.00096954994596090542
2	0.00000415593029702240 0.00150238465194362522 0.98624360626550178210 0.00016151380037507523 0.00071692243915931313 0.01135916948113784367 0.00001224743158594208
2	0.00025091539040930980 0.00010441821283530155 0.99881964429844716236 0.00011861994107260217 0.00049054418414615089 0.00013967532336934310 0.00007618264972025188
3	0.03522181921930035015 0.11657884149515712613 0.00266925106882273319 0.83582334897684418262 0.00116786444489794922 0.00792476854838615810 0.00061410624659136918
1	0.00917802475526583936 0.94365066573253719717 0.02764947280034164498 0.00635032519075741462 0.00835725802833230114 0.00162001643043015197 0.00319423706233458969
0	0.48956642683650414272 0.44789629905467009952 0.01410470971593780036 0.00848548109490969947 0.00316998851389665038 0.03535814827839134367 0.00141894650568988485
1	0.00094768988889261938 0.94475656456611856182 0.02864518309448340141 0.00951423059262004010 0.01112332013749663118 0.00142309023733833942 0.00358992148305075720
1	0.01187310696833028360 0.96487789009575763988 0.00197690517370732169 0.00660490063101523868 0.00681784120129018054 0.00702872616880356564 0.00082062976109494566
3	0.00904167484320824756 0.00199844836278052903 0.00106172321144049260 0.98192529627347591159 0.00181470299996214245 0.00119091121512867530 0.00296724309400453684
5	0.00263635207391987479 0.00741827804138508150 0.01182936179537599775 0.00419678576431211162 0.00602374562611779525 0.95624952535362717221 0.01164595134526195952
0	0.99671522308030824355 0.00028137655390338519 0.00008145557831780193 0.00246941514258083774 0.00010822174531148842 0.00026796133082565354 0.00007634656875265153
5	0.00394624339216797810 0.06173135240866884504 0.00350084516962025387 0.00141307864856001853 0.00118322951679752150 0.92634650781142469089 0.00187874305276048716
1	0.02092935665265575548 0.59594760089980802764 0.00440357334353112025 0.02152024231593368392 0.00899669406314794473 0.32517830805334219102 0.02302422467158112343
1	0.00289278075087507193 0.97913610352670332748 0.00978697827409390209 0.00126352239626562014 0.00576465203053447110 0.00057438403436456571 0.00058157898716322618
6	0.37676963057824036651 0.01718171296067165857 0.01560221293780303040 0.06352416472070782083 0.04302453188587350430 0.02951612710240372403 0.45438161981429997516
0	0.44359497648533713354 0.14882691544951909268 0.09814072280214043709 0.16218637605260538548 0.08115325237417278514 0.03346523486064255370 0.03263252197558248746
2	0.00040897757748218732 0.00054459717109766736 0.99734732603747966451 0.00022886794057382483 0.00027164929479152680 0.00110402934049901036 0.00009455263807646674
4	0.00006235298737628460 0.00136131354338287955 0.00174044969483078127 0.00036084752217334528 0.99611608039591992281 0.00016530168678513524 0.00019365416953217747
6	0.00039544423790149961 0.04539137822833444469 0.00417392294019996654 0.00461144063481557561 0.00108197674348597082 0.00058772034487953001 0.94375811687038335673
1	0.00601011234068999766 0.97458821437790488229 0.01114786221603577231 0.00115061798634639870 0.00103327703021610174 0.00571912017113709696 0.00035079587766920548
1	0.00166006407867166027 0.90745803992445617236 0.00459650354589074325 0.08110064184093068729 0.00105416884834015449 0.00074782861953969089 0.00338275314217120803
0	0.57494845735484712002 0.14828162928378266217 0.02138143651868237502 0.11547944461947599881 0.08356545862425408810 0.01587151886920625671 0.04047205472975161367
1	0.00057552858825745019 0.99063331505161933421 0.00175404108132833666 0.00008629338622090515 0.00003457288813243896 0.00655316556946514486 0.00036308343497519279
1	0.07229017342238287791 0.86497470252978703176 0.02544677122696293800 0.00206743147227187981 0.01536177770380042600 0.01276196987475115147 0.00709717377004350468
6	0.24908346818566767800 0.14677854776529128400 0.10798803044158192255 0.15571919827466509934 0.05048720148074473113 0.01602286680262473770 0.27392068704942462709
3	0.03302436179430627561 0.07520404035772243478 0.12637272619469616664 0.49218960516083259948 0.09089650315962029270 0.06524607912489351069 0.11706668420792863683
5	0.00044655597925182325 0.42426686187242806936 0.00151311889571253185 0.00022194195066401045 0.01118139978942340670 0.56079320688971212583 0.00157691462280819456
4	0.00255747872432647398 0.01547393584956568285 0.00086556511704300322 0.00254006467028325801 0.97109687896641694316 0.00018681854132370082 0.00727925813104041836
3	0.00181889711273099607 0.00027223500202992306 0.00062470178711397867 0.99384008244112653774 0.00016081884926797286 0.00181504512045924105 0.00146821968727132144
1	0.00046540228959278450 0.97995316519520758725 0.01503346236770692311 0.00070680553436833964 0.00031149167962704984 0.00083552752439249457 0.00269414540910433136
1	0.00067207024790794437 0.99269886217733327438 0.00417332882420207510 0.00103170649391986103 0.00006182489506961413 0.00131258440850427023 0.00004962295306225477
3	0.00097972578434525701 0.02030963097312869781 0.00337410703268554903 0.96979459015375790720 0.00240600324422493659 0.00136216145410751610 0.00177378135775066426
1	0.15293339527951768653 0.39061755827311211986 0.06180904786421764080 0.25883963276272775600 0.02897696514961933117 0.04657137739360282108 0.06025202327720265150
6	0.12111344941069407399 0.00313427757201230860 0.02401130160807155023 0.00736847314721417613 0.00727130428933052582 0.00168484537776272662 0.83541634859491442633
3	0.01786547675726246273 0.16286319809578916895 0.00487094978031261602 0.76796981158442334525 0.00254167695288891543 0.00370175891643655152 0.04018712791288669289
1	0.14909277753879984774 0.47814329752909073834 0.07429421278060860390 0.20106126022195708325 0.02439229496221374111 0.03662530076082988473 0.03639085620650038544
0	0.87313980777269817324 0.08034475049653670709 0.00820569378578230729 0.00813752990020478843 0.01391650914800968489 0.00332519146335954682 0.01293051743340875234
4	0.10178759130820783096 0.04255233807806260010 0.09805043305461923209 0.29221259326485049534 0.35978566787356019985 0.02725525721397654283 0.07835611920672289066
1	0.39698856226653733703 0.55087520058859051897 0.01942162356546568019 0.00382055918978325276 0.00779519412054426823 0.00227762248621012162 0.01882123778286897905
2	0.00001999042859039469 0.00001514872935780704 0.99923102812080544233 0.00019203749254686228 0.00007508809866037955 0.00032847793023593074 0.00013822919980287696
2	0.00599488639307972464 0.04201974130419550840 0.92657265387102460963 0.00521670894613938518 0.01256305560129076897 0.00379656653980004963 0.00383638734447107723
3	0.17941934876443188518 0.00244108728725347902 0.00413524976352765052 0.75041593518741300795 0.01953910379521346316 0.00781884160809970252 0.03623043359406078606
6	0.04904337516361830657 0.09503770443136730361 0.02530278635560088973 0.00235120152996489860 0.22385074072063373962 0.10445187806039643585 0.49996231373841837353
0	0.70947980155793577417 0.18327363006640290388 0.00469628620551518390 0.00359602378678180795 0.02393152734340916674 0.00678704000158530680 0.06823569103836954475
5	0.00044759814527059222 0.00082626788003874879 0.00003543699830169282 0.00064770613055533375 0.00001466778174941061 0.99799576717205373821 0.00003255589202994888
1	0.14660932263549600330 0.73297520681600192294 0.01270466115376911627 0.01365701803425145404 0.02142646528985620372 0.04508734949458859803 0.02753997657603673294
1	0.00139089102451095772 0.98851350374692659173 0.00530518066909543493 0.00248619887757319056 0.00069682049141400477 0.00139812286306625444 0.00020928232741514343
1	0.00300241993320657895 0.94229808581655449817 0.01017004955623268016 0.01878886977022364152 0.00698389019946050234 0.01720483081940376094 0.00155185390491936227
1	0.00780045657922401586 0.66120373586014724587 0.08102532391868114137 0.01560267009041608859 0.09228283574251865129 0.13409547571094182494 0.00798950209807057152
2	0.00005156026349500342 0.00212598918873013742 0.99671255608188202846 0.00026440117857753600 0.00014163404634412455 0.00055764637207412571 0.00014621286889693777
3	0.01646890814031552741 0.02503512104120126508 0.42915184522486471419 0.48225948430900444919 0.00309509204938006625 0.02646994069518593395 0.01751960854004811288
1	0.00949343911280461569 0.98558580181833832512 0.00024718182762422926 0.00206170262548019878 0.00106149677830597489 0.00040656623591977419 0.00114381160152618108
1	0.00262585303247764561 0.58779200341555393194 0.27676436945362142827 0.04842152391498943942 0.01598918950659453456 0.05908667461352235667 0.00932038606323959407
6	0.09098092895862122664 0.24529288738345714216 0.05793059143056696753 0.15734279303819018181 0.09174414339105139982 0.03573291743493226674 0.32097573836318066265
6	0.29378152323115214184 0.12355528831199492912 0.01240413125822586310 0.03456264296720360646 0.09230920480708251774 0.04534885082895460245 0.39803835859538633235
0	0.45753118017571658971 0.09399667440573096500 0.03880712799118603978 0.28193451562927135390 0.05530252717300224163 0.02342261321459029183 0.04900536141050228917
4	0.00011410791125136488 0.00037010645262756985 0.00050877139636695834 0.00139965443810462480 0.99712161192616000083 0.00021761271264510073 0.00026813516284355247
3	0.28707118567080947003 0.07446758444798701193 0.03483953231606053136 0.54087994804999739440 0.01985557120590927122 0.02141815995451372412 0.02146801835472212511
2	0.00001392058722097537 0.00001499360331094555 0.99849825296973793165 0.00000439861211213139 0.00061104014391214368 0.00074141869034465892 0.00011597539336111907
0	0.69241626495511343631 0.00240708597393134681 0.00196091232998441087 0.00446765943987349149 0.23915889718252641982 0.00196734351978812517 0.05762183659878282460
1	0.06323613787415013898 0.89581422103915642197 0.00630830507156283048 0.00308680942464986284 0.00099355885940042329 0.02765913035980280613 0.00290183737127738210
0	0.97781387867801994318 0.00462476174020669522 0.00025391786535347257 0.00205539113047644969 0.00482671550178735784 0.00580229323748366124 0.00462304184667260143
1	0.02513417448792661102 0.34193524146699105781 0.21092505426281063508 0.18245072061112169171 0.05692323165541487984 0.16187996485696110049 0.02075161265877422875
4	0.00093404754552096870 0.00937741049184100464 0.00522409497214582248 0.00665365889576048468 0.97631419110150663432 0.00089651027269414547 0.00060008672053171893
1	0.04219828760190407618 0.50971418572614324294 0.06842252081889932391 0.25107872833934430368 0.05321066402991154326 0.02195901935264592958 0.05341659413115108085
5	0.00010222321561256728 0.00004145097875747085 0.00008910687844317130 0.00006670073282700902 0.00005047022625626749 0.99963121991375647468 0.00001882805434695481
1	0.00285344292686610370 0.98953323425823969117 0.00379630154726693031 0.00120350605216390429 0.00078449911861226359 0.00175314986285302955 0.00007586623399806114
1	0.05425895084310019406 0.67959464446148176719 0.03030526140582279898 0.05023180420244269945 0.14952422105067064706 0.01543593747260577943 0.02064918056387617801
0	0.74049966734098904286 0.05221537918124445621 0.00723581710575184334 0.03831568823401525214 0.12666017480238586645 0.03062663069741300426 0.00444664263820062321
0	0.72441134488109137912 0.04555728533935930052 0.00443395723728468635 0.02906967582791738711 0.13466765100296648749 0.04065963573925125696 0.02120044997212955015
0	0.94404659963587134186 0.04174390020288421682 0.00596076194150604692 0.00380277444151720352 0.00162492055036069015 0.00075362405501558838 0.00206741917284492633
4	0.00329492480958409406 0.00165617777517994454 0.00389660941524111980 0.00362149322111810727 0.96994916901174432766 0.00725906264534346805 0.01032256312178891910
1	0.01724243403615743561 0.72517411805865961139 0.02618554095218802655 0.11168309641827650625 0.06164912419097406254 0.01722128658574952412 0.04084439975799496886
4	0.02154064366227168362 0.11462002714347419019 0.04975252363559257845 0.27814172746298865269 0.39955517440424992426 0.00634550820792864102 0.13004439548349427946
2	0.00001814185024558214 0.00018390718994547908 0.99943129251556006576 0.00019894267418706679 0.00000827641128623482 0.00005581940848981786 0.00010361995028368614
3	0.01708600018011738331 0.24651348303780520888 0.00724636349124681885 0.39939211549456093975 0.31822646896632450497 0.00830203132336498201 0.00323353750657974330
5	0.00302852382867151724 0.01072389010061254068 0.00129795990776371706 0.00046033719021701007 0.00438299903309985993 0.97771434803465784302 0.00239194190497732297
5	0.00467196620012827035 0.00078759715883818839 0.00185176342922761306 0.00091748327432661380 0.00023458544266824285 0.99110929460618291120 0.00042730988862783734
1	0.02493373161645183814 0.93345050761633641123 0.03516867942592455387 0.00322601864775546318 0.00050908726688461399 0.00211060251771294245 0.00060137290893352228
3	0.26169554936176858684 0.08340925516774710946 0.01542156627790641082 0.57217421789502798113 0.01405643146833712893 0.04726468747131476467 0.00597829235789807453
3	0.02072542279426062284 0.02885861219211363626 0.04882800159224217479 0.88226435839320693777 0.00454958000127847744 0.00659602919924567963 0.00817799582765221626
1	0.00021518702444016700 0.96231872818774566447 0.01703597632339370893 0.01603745657178143671 0.00095011758615845489 0.00314306696244921442 0.00029946734403197542
6	0.05891086374121034391 0.06908032989035760296 0.34591691700261756326 0.01359726186112031332 0.04146977968119082425 0.02152869447477369705 0.44949615334872938810
5	0.18677073335053270831 0.05969674134513364844 0.07582265494670799300 0.12719977183909284002 0.13439297896464624804 0.39271045430518075614 0.02340666524870601770
3	0.00225402237748073336 0.14955251743399078368 0.00874805118657982078 0.82724532087557645088 0.00888803247268593090 0.00128702487455521764 0.00202503077913050635
1	0.20162549231018545015 0.35867754988019734386 0.07534660230931389258 0.16145974775013666180 0.06004490328230024238 0.10364698983152025036 0.03919871463634608255
0	0.38493665810778110448 0.29619100462879416336 0.02451412560950034722 0.10583417701846423165 0.06250985216318231952 0.11002416330141089051 0.01599001917086684960
3	0.06721303816383085439 0.33114872710478537865 0.14111153925498459705 0.37815962016894827391 0.03842202340013422396 0.02306286073744624049 0.02088219116987037258
1	0.02667773717459498428 0.77456512262634014121 0.03708146712150217628 0.07435148233037805476 0.02558415217157417737 0.03670684844868096763 0.02503319012692999113
3	0.01489345183476923143 0.06734352011995042853 0.00990057469554169942 0.85628822085096645278 0.01610862844216224068 0.01885207270041915420 0.01661353135618985274
2	0.00249007793134127303 0.00010690003146014033 0.98109434681575014014 0.00050739678284008206 0.00071633617124524382 0.00049616205853346374 0.01458878020882940080
4	0.00010374195770169773 0.00128075253273983404 0.00004598744955837367 0.00018829787504944979 0.99818274524928174429 0.00003825367985048866 0.00016022125581781997
4	0.02464348082887040867 0.02265231302250335713 0.05193519741990224731 0.02028886607587476743 0.81223415552056343891 0.01026329950586575383 0.05798268762642003193
5	0.03324908918943015462 0.01866575610940448757 0.00700192908548509258 0.02108467154267952212 0.01677354600746634034 0.84061290725169268701 0.06261210081384177562
1	0.00059219255011923745 0.99077274444356877581 0.00334465222035815364 0.00136939904365562912 0.00021522310083037108 0.00312171872359159018 0.00058406991787635510
6	0.00220937509324152731 0.07061521619283805951 0.00366230620950801482 0.00114696607256548956 0.00686224186658348188 0.00155510284258047310 0.91394879172268306267
1	0.00020557691396930062 0.96611808459154868700 0.00433236062011397791 0.01686224722492182804 0.00111169969078145814 0.01084568824151711970 0.00052434271714670337
4	0.26713083192178033176 0.16433580868736541447 0.02501648475003614633 0.00720724981198338568 0.34589379107403550595 0.03437833581673683386 0.15603749793806240276
1	0.00125007502436200028 0.95369949279084420546 0.00532892901116717790 0.00111281490501849499 0.00208966221457737274 0.03639551966143068223 0.00012350639259996852
0	0.94967046561742118893 0.01665834477783763312 0.00604384676689304588 0.00394866606907523336 0.00655382357292967187 0.01204256721737557989 0.00508228597846794965
0	0.88658033406612579697 0.05347274538424391654 0.00203109938759014072 0.00068184156050164399 0.01025129625078604820 0.04161092899870112716 0.00537175435205139006
0	0.77434282376217233868 0.01750462687286355110 0.03493583102092275711 0.03487551265734771533 0.02246375855295388788 0.06666001058654431877 0.04921743654719540340
1	0.01071024355650506028 0.90878829040437414388 0.00787383255405741181 0.05871570626724033348 0.00604638763404269364 0.00423281606352162842 0.00363272352025874237
0	0.55679345385117218203 0.15070319030591819431 0.00189402951200541830 0.18777684165185451470 0.02170476818956898132 0.01546307800469874996 0.06566463848478173992
1	0.11157304378651868026 0.65401139556394216612 0.01101970779784505923 0.00474212271608742512 0.14913670912416110426 0.02926011935375250408 0.04025690165769257173
6	0.07044830189219640493 0.02050262430411221512 0.02710285971818317263 0.32258977659545468031 0.02137937666594993263 0.01462851040025748423 0.52334855042384620383
1	0.00040329571158805087 0.99635074277128610198 0.00205100970787537324 0.00032007353296032397 0.00005653761086243846 0.00074112044170408244 0.00007722022372296306
3	0.00021769828491215542 0.07267279223762060369 0.00062801302595408650 0.92634799444182558403 0.00005674631718700235 0.00005433310172455963 0.00002242259077519607
5	0.00965697147492910676 0.26200898030218899848 0.04208576440626891207 0.01903276257309993377 0.02253081726347984370 0.59692085806239947310 0.04776384591763405130
1	0.01491880292326685023 0.98315997265809496053 0.00046689986877669187 0.00090887057822112126 0.00003758726936298649 0.00045740145625643446 0.00005046524602066220
1	0.06761212937021737757 0.91963549315500536796 0.01062186870047599797 0.00029439810799810495 0.00011991958373339192 0.00135634567250986736 0.00035984541005977874
2	0.00106240732839757305 0.00033457855945244415 0.99315905824924344270 0.00055253814413481009 0.00110224763539530624 0.00317278717971929570 0.00061638290365681968
2	0.00004534518185363958 0.00015260739023334376 0.99869653035093020055 0.00002010701560888029 0.00020798959249040529 0.00005117100772614752 0.00082624946115802706
4	0.03851176339396324838 0.02350520705865812021 0.00130646849310624971 0.00302390965651713663 0.93089299253475865648 0.00013662055900714543 0.00262303830398900178
1	0.00621914300385587645 0.95860607720528612230 0.00834709493536721879 0.01832324294810172560 0.00393481315697590851 0.00103182526119668808 0.00353780348921673262
0	0.35309443864049422368 0.24337896388099869438 0.00323371506625873056 0.05596031719078378014 0.12484181284390911959 0.09833503315066582928 0.12115571922688972428
2	0.00001012797903338528 0.00002187391995127866 0.99431948410796178184 0.00000433816517657540 0.00010904779752117174 0.00527544759675711156 0.00025968043359912880
4	0.07417148126182586398 0.07744670744853048017 0.00650649448088395227 0.02336761256865369993 0.80951484745888846462 0.00860121145641520521 0.00039164532480197984
5	0.01216736897396497596 0.24176805232742820673 0.00353001999566070548 0.00019267834339737908 0.00966665959871119279 0.73225410472189611522 0.00042111603894051289
6	0.04574764315928012137 0.03069400140792051188 0.05538568085745779884 0.00335437515068202170 0.01819776868360687208 0.00421190072174751004 0.84240863001930532672
1	0.03292906172186266245 0.65163748659770459604 0.01125236030099696118 0.23089180212928861469 0.01516659309725201625 0.05158571911427452944 0.00653697703862052282
3	0.03487078997348535409 0.09648038460414863626 0.05069919978202466759 0.74046379111619708979 0.05272833493375263247 0.01160816345665544383 0.01314933613373634423
5	0.10450020984366185928 0.04346457727331830972 0.01150801799039734112 0.04621923068647335736 0.04960224762953396871 0.73274170478020828057 0.01196401179640694222
3	0.02013715327128749386 0.06132771545473755109 0.00713533189439046183 0.89552388854509434868 0.00033961193881863798 0.00140265290407912070 0.01413364599159224431
0	0.61279910504352663736 0.04670437523558858967 0.00483553244965139687 0.00669731158162832022 0.30296371267829624863 0.00728769563830273821 0.01871226737300602655
4	0.00011890115960240903 0.00131841618634694394 0.00106832502638954307 0.00101137145496440583 0.99585652617672792974 0.00031433452065638572 0.00031212547531402453
3	0.00242050355654540228 0.05020992038900352894 0.00372954969167276851 0.92663500062216808129 0.00259110681715688657 0.00113971556364825754 0.01327420335980511457
3	0.00590973890378862325 0.00710978853402179957 0.00470873341983235084 0.96232515301071952507 0.00481818847933781786 0.00469197091078555131 0.01043642674151368244
4	0.03846273829561378671 0.24850175009653130420 0.09222708610773579230 0.23367730595373878422 0.32773260343351001689 0.02686914830225983417 0.03252936781061116500
0	0.26068661480401278396 0.20717313955301108752 0.10813036669966832881 0.24352431549628980600 0.01839079480278335565 0.11183844576129985116 0.05025632288293487709
1	0.00027856552611609713 0.99146145855776524058 0.00080021267110352856 0.00722627676408889395 0.00006841205228051018 0.00006480086263388260 0.00010027356601334062
2	0.00045512719905776457 0.00055330338473838503 0.99039041290159646191 0.00371226457717919751 0.00326737010086373871 0.00075690718526026581 0.00086461465130518826
3	0.01799056017960600634 0.04501797104829843160 0.03331611500206555637 0.75677705382147086866 0.02870052956262359595 0.03742974624568705388 0.08076802414024880639
2	0.00002525928329933788 0.00592441866041699960 0.99368173731789655179 0.00019622874948403785 0.00002267562210704006 0.00013158487304632503 0.00001809549374942553
1	0.14736552030309063577 0.29981827588155146591 0.05017728025058636881 0.21052592223168573038 0.07503816911844297943 0.05922975901971468810 0.15784507319492796507
3	0.19263202815642907484 0.02826242645830250033 0.03588115139071305915 0.60566966325536919502 0.04630452459651936137 0.06177523290039749204 0.02947497324226934501
4	0.20294198723568951381 0.30888380422035599526 0.00317384734518996649 0.00292502979955186785 0.41540855193743847495 0.03880418012009889672 0.02786259934167523503
2	0.00302881073041397176 0.00390417687789815140 0.97960340376289711806 0.00202203309164789447 0.00104563596099033511 0.00654425815995562151 0.00385168141619685869
0	0.98602308410888128698 0.00268094249744155362 0.00069308294232858997 0.00683351160784910223 0.00117427609178388011 0.00051774979792051186 0.00207735295379497722
0	0.60708770172063464265 0.00684293866725816519 0.01392768082251355684 0.03221643033631070574 0.12189724123870478156 0.19426707317847297096 0.02376093403610510593
1	0.00023442744601708619 0.50524723064731091871 0.44879149495127540481 0.01300603703541142186 0.00441109819125055144 0.02638886435423374796 0.00192084737450264704
2	0.02561398267049528818 0.12728592039793523716 0.63617955937473724681 0.02465602259117894227 0.02161811804519455510 0.07493692481690893137 0.08970947210354972279
5	0.01164126021730172225 0.00809090546148467406 0.01721479953930006926 0.02190382044583338850 0.02633405797829522013 0.90680257163003363807 0.00801258472775086099
1	0.05574971692387614003 0.60629238412517805212 0.00700183394990027200 0.28841357745374063271 0.03520361920082035884 0.00424271371678220082 0.00309615462970219517
0	0.63932893109357535888 0.02922701080114932515 0.00324932292098571718 0.04370745174606849304 0.18620995277103330467 0.02634394386604543489 0.07193338680114241823
2	0.00145931777228754480 0.00024898781823989142 0.88683911993633812720 0.00309240613230034019 0.07836601131850252921 0.02772765255001853960 0.00226650447231200930
3	0.00072517468615828718 0.00465561223548845160 0.00067917535985100226 0.98473961539322729664 0.00066350425201332870 0.00548962397365791114 0.00304729409960461696
1	0.01176572139668241590 0.56980202640585242424 0.07406549685750969669 0.23434253804420290823 0.02225511286251322801 0.02495265300681817275 0.06281645142642131030
2	0.12592474668626382761 0.12977301086617784587 0.54357246721728114114 0.06795381410486081575 0.04687658760632230914 0.04636762824837593888 0.03953174527071800365
2	0.00010792277177697459 0.00080222843952664857 0.99700361530829639811 0.00031271239912738282 0.00012441436102100003 0.00154273102506385191 0.00010637569518854494
5	0.00103140629570498557 0.00960105054916024145 0.00583684885892399481 0.00243308747195139334 0.00107696454515321047 0.97976581201818069289 0.00025483026092472323
0	0.25949289167691091951 0.13487164951572341853 0.19291672576153748309 0.17254080578675451418 0.05749262783046037162 0.04489729252314824531 0.13778800690546505470
1	0.07356932587214211339 0.90133516782408940049 0.00155948763500712503 0.00165923447176330344 0.00007630724634528300 0.01869901601906675051 0.00310146093158618873
1	0.00608635147865964603 0.88851531932405392045 0.01778298127923202965 0.01780034974789449290 0.00508883419344257574 0.06033559599703204601 0.00439056797968481044
1	0.08624332595983398575 0.58649639052080315693 0.02196417577131038260 0.26599432542266598922 0.00939859209242736339 0.02303203588762535101 0.00687115434533391595
0	0.79325801962964170855 0.02305121918302700454 0.03472879357676503242 0.01443157535034178020 0.03707013509899396292 0.06085572979281481804 0.03660452736841558752
0	0.50798544429170400250 0.11548960996825910486 0.01417698635813017388 0.03024711038663250445 0.18417220674145634574 0.07261039228458299188 0.07531824996923482118
0	0.60683673372871427265 0.26354974787490775823 0.03039197741950911899 0.00715026361003789739 0.03461404705190971459 0.03761607144940578434 0.01984115886551559779
3	0.02780062804479718763 0.03213007654544351721 0.01040456248673811597 0.85625277637103314188 0.00175103232093003474 0.02421608551681783683 0.04744483871423986476
1	0.08233567707428898763 0.85138424299486969993 0.00523292177102346791 0.00193248888048342619 0.00458531661445436660 0.05037922040224953463 0.00415013226263038527
0	0.57276873138056250134 0.07066345600477891287 0.01857926749649813775 0.18553671952342878915 0.08790222359928866191 0.03583306692878562849 0.02871653506665741012
4	0.13343662580735404788 0.01057213873849618957 0.01342395219890166191 0.00297401607051145985 0.67416463802051840304 0.02625359352443596556 0.13917503563978253500
1	0.02389900243769601043 0.96637013587435660611 0.00161417721009469778 0.00145470815988079250 0.00501094056664081258 0.00109752529293510892 0.00055351045839568524
1	0.02025851909134650242 0.72415373851418929352 0.00644512932373800772 0.00844219816192071440 0.15700899871609469427 0.06414516989964225147 0.01954624629306843039
3	0.06477045168375622497 0.05791448597969142686 0.02333143390183244070 0.54093312842859397893 0.11172857550554302075 0.17592552352003090754 0.02539640098055247208
0	0.83250841812138454134 0.01609288112618301528 0.01192251056823867214 0.05475973764631486551 0.01073717538430740866 0.00933398268685496982 0.06464529446671685164
2	0.10225950040379548633 0.30769615082203399803 0.39968866068577685313 0.10012006985565155559 0.03124314929614793040 0.04693296118402091877 0.01205950775257341387
0	0.55577411635533224832 0.01217441201610344748 0.06891231922858687131 0.31038403596243874238 0.00497434159872164536 0.01377653549046905894 0.03400423934834803652
1	0.03125964429337566020 0.83464619902684078490 0.03964677281540000126 0.01520588532371639282 0.02262443812209588220 0.01797778258770137486 0.03863927783086985868
5	0.00175655464728185487 0.01901614276693089356 0.02318923696676352536 0.03451048994139545301 0.00337558450661917201 0.91642625032838453958 0.00172574084262503260
2	0.00020378146723740550 0.00002990974823664263 0.99905880693656856639 0.00004570641456009087 0.00014434113763452433 0.00045719661238464933 0.00006025768337919913
3	0.14353662417202067703 0.02739054340483933550 0.02087229509201054059 0.77251073697112138117 0.01989907035393994814 0.01101367110850560126 0.00477705889756265684
1	0.00603777807302909812 0.57628788005469233635 0.03545688591116195887 0.00862219427176099187 0.35431536426513676741 0.01264081439482523002 0.00663908302939307526
3	0.10356972135600465978 0.23887110013566700828 0.01377194895420216954 0.61253272496984900730 0.01807065537169463137 0.01036091329747370129 0.00282293591510915116
4	0.00755136726822687541 0.04516292881638818424 0.01213945216119988353 0.00979849742676312634 0.88806449914615903651 0.03087185231652693138 0.00641140286473561565
0	0.76209453029227469667 0.19638444842900742993 0.00625913783262515254 0.01134964722470688074 0.01115548174500389372 0.00361904609268523959 0.00913770838369670768
1	0.00674041681617809293 0.45630828578693449771 0.05113312339249226346 0.34810092065353748225 0.01302814685961862715 0.11071364394267328712 0.01397546254856593846
2	0.00083218603448629788 0.00174107888234936899 0.97107175370872567122 0.00721450031815764389 0.01105262849274192376 0.00140521550096460272 0.00668263706257427731
1	0.00720585214199064017 0.64073269344937844316 0.07373532674057604874 0.09554993955131992067 0.03753902130940854620 0.11466956877698772366 0.03056759803034018660
1	0.17489310089924797742 0.45186233380662127468 0.00723649085995675331 0.30649769257072456696 0.03186974611882709141 0.01809011798724328296 0.00955051775737896826
4	0.00000825986775307646 0.00055581282867906540 0.00008019038683428954 0.00010249939910943095 0.99922466041296575945 0.00000611992523607829 0.00002245717942084059
1	0.00585469928087423153 0.52238438690034194600 0.01060185431801133858 0.25669502046119957450 0.10386650759536893152 0.00696323806757338792 0.09363429337663055352
1	0.00327903831415911036 0.88835786098954316881 0.08258646072458390719 0.00358174613838912201 0.00585070094798264585 0.01193181138131244393 0.00441238150402983517
0	0.40896845274006254911 0.28294898691565273374 0.02190553709730950691 0.19170464269646630973 0.03848717533025686893 0.02499511665587667020 0.03099008856437554874
5	0.00045664734036500373 0.00431220410215779615 0.00207651465672666459 0.00031763970796742702 0.00036364785558048464 0.99209797003870026089 0.00037537629850255207
2	0.00179072197461324742 0.00145052408546840440 0.99377100462932743685 0.00112319454864781196 0.00084409708067073076 0.00084333059769688828 0.00017712708357489778
1	0.01132695465539658615 0.85955704230147045308 0.05908890955395846439 0.02141473181800328945 0.01954184753502097652 0.02131763524883483960 0.00775287888731543244
1	0.00005800316061951931 0.99622090571236954215 0.00015879507316677571 0.00344484237253228501 0.00003452331711720215 0.00001401416171793253 0.00006891620247636402
2	0.00005574545820898755 0.00151324760843914684 0.99802930440482151564 0.00001517414637012353 0.00000604598200752878 0.00037627458495235159 0.00000420781520049945
3	0.00981602583362512979 0.01138215659579117078 0.00140746243522027990 0.97529016761832121318 0.00022407934274628285 0.00091156572432819891 0.00096854244996845255
4	0.00528077030509204511 0.17908651105273437620 0.08335961425760939070 0.02483398603387033943 0.64913909490000543112 0.05260133339600152336 0.00569869005468648902
1	0.27136562193919316899 0.69622353120633517776 0.00257125319428457792 0.00469639954651722164 0.01806219144756613174 0.00016332808556118245 0.00691767458054206533
1	0.02285817001170126900 0.86529049155222959033 0.00647902910919978276 0.04636420125602323805 0.04716798327325984197 0.00477349470943081323 0.00706663008815555747
1	0.02395839839301296820 0.79222159200934094692 0.09111611520763926442 0.04156886813819395121 0.00795097915864132788 0.03685228327223349226 0.00633176382093823820
5	0.00442969792108606746 0.00662027148396741698 0.03244988428688680426 0.00228727782095191918 0.06356706075331326755 0.87131457872720874391 0.01933122900658640342
3	0.02671150345326000694 0.00020050413840811608 0.00020328860971935441 0.97178340325498424601 0.00063115539148337978 0.00018659485245494948 0.00028355029968951228
0	0.68481183637271414444 0.10016837136785633477 0.07910066997482358142 0.04282449743100748274 0.02031928694525484899 0.01773399947835915813 0.05504133842998447379
1	0.06817482052533897774 0.52669717063604837293 0.18391700905477242900 0.08331229059849205865 0.09112822246685813032 0.00614454228143496237 0.04062594443705481312
1	0.00771707969594875864 0.76590990178680307121 0.01165034687124426316 0.18400266391084732498 0.01081628620183988816 0.00186190284141943144 0.01804181869189696100
0	0.29586218465103580888 0.16785500899205682557 0.08028050263520260243 0.17072470417620555505 0.09161783440263454592 0.03301600881399297666 0.16064375632887184508
3	0.01804805183245188419 0.41877458795822170012 0.03550640161120915961 0.44503445816707321026 0.04619868200663466290 0.01656962403401599296 0.01986819439039299792
6	0.09339297358394510473 0.21536365086492503806 0.03081287302642069653 0.06712897942769029125 0.00794433719366374226 0.10767717484152523888 0.47768001106182989002
1	0.00142280187227398808 0.99170556092074246823 0.00034841616619166020 0.00353797395394805664 0.00125040529408397463 0.00108133175683417112 0.00065351003592519180
