5	0.05566064228274906350 0.07016036294185377942 0.00441435535550083104 0.26099593643230678541 0.24935314913139255966 0.29011436194892536999 0.06930119190727181133
1	0.01256664474302783031 0.95957489628030467887 0.00121338024544850507 0.00653727543001476029 0.00383975542367261721 0.00989180909364662658 0.00637623878388500227
3	0.00000364885329287507 0.00002605950105456303 0.00001338372909865214 0.99994205197642749283 0.00000180472117944143 0.00000093947550680189 0.00001211174344019207
3	0.00035941017672494046 0.00874155981876012685 0.00120377128685760101 0.98842023772799025849 0.00049180200564761330 0.00066052561784798514 0.00012269336617136244
1	0.06362279788764893529 0.67449873812346183843 0.03378721916177963164 0.11597162367069331623 0.09155246530607831501 0.01067246232498432999 0.00989469352535351024
2	0.00083268144573054063 0.01520734600650873458 0.97370253227388547934 0.00137897122034992092 0.00679668969849985156 0.00114117619774363834 0.00094060315728129241
1	0.00254338791814096975 0.98894311625907627139 0.00153251747391084086 0.00629749682824080632 0.00009956278422503632 0.00042063192719934788 0.00016328680920729024
1	0.09289663264279797439 0.47073067353813796698 0.02682937461406803212 0.08506262633180639021 0.15466126562579252113 0.01608983908136988120 0.15372958816602730336
0	0.99827998258728356529 0.00011284189109548444 0.00005021237852791687 0.00025123225275832555 0.00068580820273241006 0.00000472923356581172 0.00061519345403646412
6	0.03570432572894179091 0.01255903747681281525 0.02028511346243837971 0.01768195242612843540 0.06108474562058548163 0.01320052371095997192 0.83948430157413300723
1	0.05438863198903901019 0.85913597659431739650 0.02070096436579911200 0.02732753453729003593 0.02031081697420891730 0.01001196798408377116 0.00812410755526175518
1	0.00877887041672933792 0.45242810082657058945 0.18254962059791424167 0.01994672187311127831 0.23685051070336818335 0.09180065875386063390 0.00764551682844513258
1	0.05967994980333079375 0.42301199600814121116 0.14572748266664933836 0.02848491372958872683 0.25953601100562745385 0.05906176083591618137 0.02449788595074690878
3	0.20978981512051222968 0.19856429940611797225 0.09849563455761503605 0.32986399950188849406 0.14146841407971147420 0.01629787837859439023 0.00551995895556089966
1	0.05341324946443192639 0.62140080435865929775 0.30156116893427070691 0.00780480974402462946 0.00195755727692272603 0.00617643414424753120 0.00768597607744280105
1	0.01101372820804387594 0.93281082398930836863 0.01975486481967157065 0.02236271715831286699 0.00223206267771082750 0.00969266226592958163 0.00213314088102336706
5	0.12533605490463464727 0.30878186600378082494 0.07466824450186178297 0.00388647002263892887 0.16699157557437249721 0.31452137536976110255 0.00581441362295031551
0	0.84793064436684129070 0.05558947438854988654 0.00234602387392096341 0.02367207794520227726 0.01946352128577355511 0.00552875208649563320 0.04546950605321648659
2	0.01549021725667064711 0.02943063743411858044 0.59497384416817344910 0.00040860080619561294 0.07913487462701822295 0.16143947175297124197 0.11912235395485194778
2	0.00003600937358161297 0.00001551126632751292 0.99956637026391848000 0.00002372816948145727 0.00001217991663215891 0.00031465177451189520 0.00003154923554663525
1	0.00082794722961047353 0.97275586715946005256 0.02177764939576274164 0.00127055776999274758 0.00200551277364435267 0.00046916924062467830 0.00089329643090466451
4	0.42419624460547666889 0.06329069533268136261 0.00044934577561634120 0.01091767484462309416 0.49704312842411291218 0.00207896818018207417 0.00202394283730770877
1	0.00085743686947498197 0.99565747202117038661 0.00007988148097497025 0.00243288512535937357 0.00004928675422712723 0.00002798385248987068 0.00089505389630360787
4	0.00638061916637024714 0.01069048473543462649 0.00926454835768247137 0.00675398244610445151 0.94078273675847301494 0.00967446958183841750 0.01645315895409607890
4	0.00006383647476987343 0.00003457304529552687 0.00009688441647383710 0.00040426082221788610 0.99901415950402705501 0.00005861150614104024 0.00032767423107473857
2	0.00104604625602477443 0.00053284292925182431 0.98293586952804978818 0.00026381255959258742 0.00040314100999664303 0.01396785077612752203 0.00085043694095753789
2	0.00038181580831902459 0.00551971076398149671 0.70815127562561053232 0.00681674124297203341 0.00667288609232896072 0.26066108303160862025 0.01179648743517905905
1	0.09743679128849179472 0.36524707583674281830 0.09909244839006020600 0.22107135569732125346 0.08110893247222472624 0.06922130891270451836 0.06682208740245489109
1	0.00672926227078317861 0.89434353948803968493 0.05729446457209208532 0.02465850527794041444 0.00192949684574297039 0.01160643249116944872 0.00343829905423178759
2	0.00564788858784530130 0.01370472917337610570 0.97749584239221876114 0.00033547695676599783 0.00166417254314192532 0.00020630649069637772 0.00094558385595629158
1	0.00035970533575323808 0.99775815653448729492 0.00028419706375495371 0.00092549182654111265 0.00013096118767918011 0.00046623481294604224 0.00007525323883849299
2	0.05040317052075872495 0.28886440262570667326 0.33146898298412763584 0.00865334746602493439 0.19554366896403774234 0.02805456983829488285 0.09701185760104920341
4	0.19875381853238324736 0.01851330711319166406 0.04922189234016404596 0.03826156991380653960 0.34721683870177155740 0.01934341706839213734 0.32868915633029083256
1	0.00783134605964258025 0.94818318995966355267 0.00895577594530747208 0.00172712905279203267 0.00078705235960879771 0.03210297505428985620 0.00041253156869679332
0	0.45039459555602356922 0.09384210751983300403 0.00469951439933671486 0.03389231760031741203 0.27090423333232815928 0.00158620085019569451 0.14468103074196544955
4	0.00006791821293380688 0.00502926808340213409 0.01328112102118284878 0.00100882402622861473 0.95983537861010792547 0.01443500216068422520 0.00634248788546049481
3	0.07375419233395376362 0.23354614810156415494 0.26927810152589737314 0.28998643766300885583 0.08627771660021937850 0.02028535268791085630 0.02687205108744568013
1	0.00414481112919640009 0.92572232695476985853 0.01768488300438108424 0.01571088360098817083 0.02204205050203495581 0.01251032068593074462 0.00218472412269919095
4	0.05261025899463277894 0.05091983587576618536 0.02460945974352067231 0.03058065055273554572 0.78493484516782974225 0.00575893183988826669 0.05058601782562661964
2	0.00245073451602218937 0.01195616510109152701 0.85877146153139383156 0.01812756815292487778 0.05023207912927202257 0.05223688878726354123 0.00622510278203263455
1	0.01560833651767024911 0.96701960187452806750 0.00382956493349933223 0.00317827454526719427 0.00345061944033217549 0.00578193048109050881 0.00113167220761224924
0	0.98888761534981761692 0.00056091674603127599 0.00071546328629526056 0.00145370463098186604 0.00462992558378220315 0.00018763692105758280 0.00356473748203422081
3	0.00058946044847520628 0.01840068153216879721 0.00100463818248857912 0.95071196806440516625 0.02364868869679485550 0.00133195798472707260 0.00431260509093986215
2	0.01581394663341898627 0.37288226104007593520 0.57181908712475593148 0.00777210393613892315 0.00036175386787840258 0.02448554056067023602 0.00686530683706132201
2	0.00131475279709748457 0.00037362665892657758 0.99547963754560730987 0.00007328530682773496 0.00079423701163831763 0.00171954050292077759 0.00024492017698222264
4	0.14188709688652714758 0.21462781361678587300 0.05223570019292258365 0.16478344186332127830 0.29150882832319063853 0.03864295769077642773 0.09631416142647611367
1	0.01716586305029237092 0.93050692325998707322 0.00487789481258925090 0.03080742755487928669 0.00151928842273637145 0.00356370823763884704 0.01155889466187701164
2	0.01465158272282971776 0.24039908158607833921 0.53454273753483105835 0.11988135140755019903 0.05985407150142335597 0.00755835098705234451 0.02311282426023495221
1	0.14232331366647382742 0.34118199496226647716 0.28204939225391079116 0.15003279814359662958 0.01717805541907918218 0.03450594898060187210 0.03272849657407109897
1	0.01722342583481773631 0.95877272736044505397 0.00109047771864069325 0.01464630312003508718 0.00188380961278992987 0.00251652388254326167 0.00386673247072866167
2	0.00088983694193814865 0.02165168564193670903 0.95572733435932810675 0.00174924911211395118 0.00751769830535645688 0.00159186803016188555 0.01087232760916517424
4	0.00004364672729064089 0.00005375549814606973 0.00034292312498383011 0.00085183786809548334 0.99763922012441541565 0.00002232060841658303 0.00104629604865237049
6	0.10768110965818956937 0.00664529952879533425 0.01823105375462900912 0.00515352024523813360 0.06547078182515553291 0.02247508662036713442 0.77434314836762518919
3	0.01914940756589079973 0.07223358921681313771 0.02375352120663419206 0.85023123822360702206 0.01187327320869296585 0.00334559723126865837 0.01941337334709325110
1	0.01129353793678778382 0.95220204215264359071 0.00518821415415981601 0.01020377740020722741 0.00456568666156449178 0.01581807620602197414 0.00072866548861412429
2	0.03740544909858733308 0.03749637710159048343 0.73006038032320219600 0.01451111329801674232 0.01611314268084190413 0.10934040779307611924 0.05507312970468548896
6	0.02809154596829189707 0.01017460141999717606 0.01328436547367198815 0.00172376807341192962 0.06324478662484973868 0.00741244896217496153 0.87606848347760246654
0	0.86886870992429876548 0.06155048074007533204 0.00533094340605188427 0.00402785389247059099 0.00750017474658026470 0.00385764737967100825 0.04886418991085202113
3	0.00497379751188414734 0.01326521061873492564 0.00451576145533315147 0.97459468899293355548 0.00093839889051882893 0.00062304015121783811 0.00108910237937759704
3	0.11146604307541062295 0.38344089976371964479 0.00564669503011338593 0.43912000901381575968 0.01229276977288408859 0.00062368130725160031 0.04740990203680526399
3	0.00003532761615402247 0.00261163211792960447 0.00054103399814316101 0.99678078583184714923 0.00000528086248206670 0.00002280952004624988 0.00000313005339759763
6	0.44615750018569710900 0.01670387644576308561 0.00142086985629345428 0.00114499948307588339 0.01015318554675390811 0.00207246050068612617 0.52234710798173034085
1	0.00066828962465844061 0.98892028966959277803 0.00045277412152539389 0.00817942518121237382 0.00073953955966586974 0.00077984075291148540 0.00025984109043375404
1	0.00529069109846964057 0.87209532043397020029 0.00329132861522953533 0.11206972374885225407 0.00516942990517323554 0.00171954493923604521 0.00036396125906785722
1	0.00060038744922754066 0.98582658883315565923 0.01061319431306992009 0.00041787295793938218 0.00019360024837147591 0.00140303062007130527 0.00094532557816574532
4	0.01738891242313784016 0.22657006203923282794 0.00127411113011980325 0.01839331394836023897 0.70398886383155945268 0.00334628692029943862 0.02903844970729101138
2	0.02277363975735204396 0.01382460808773447285 0.86204745404048421786 0.00068303126304424346 0.02715364500331149400 0.06691005415777279142 0.00660756769030066120
0	0.54703312975013362873 0.00349365911997495714 0.00623781104996129054 0.00330755011706579480 0.41214376458524015767 0.01685604701518445339 0.01092803836243962448
3	0.00469576404054256654 0.00098929723710334595 0.00143647620050567273 0.99110759769428413701 0.00074962689617623357 0.00048684754538717032 0.00053439038600037938
0	0.95718797663495658323 0.00913376266115643876 0.00007259299083396403 0.00238044924199701550 0.01635858061973488251 0.00041008641415518041 0.01445655143716605313
2	0.01977356791720870366 0.00764374939097578216 0.88608732677646206977 0.00089935271386308514 0.02434098150400212240 0.04813212096798530348 0.01312290072950274104
0	0.89526736105317039627 0.00540168136809876520 0.08519831710307691763 0.00178308760468897471 0.00487951847219669690 0.00183906452340872853 0.00563096987535934707
2	0.09781950535793476620 0.20807730029569657115 0.45876961829171081231 0.00372094096585508759 0.01773080922366824033 0.19935446298022421741 0.01452736288491041951
3	0.15812682739944686205 0.12275649033884236672 0.00854675851559597022 0.66404180141283297711 0.03244570877868038772 0.00755907690709610360 0.00652333664750533605
1	0.00023868116370916604 0.99917876856928522500 0.00010328193098011834 0.00034519357625168264 0.00001939946792508247 0.00010441771955602896 0.00001025757229232397
1	0.01821072193625812227 0.91550934023003571749 0.01892966301534007231 0.02111598065802479732 0.01175828586562746234 0.00299166388609368441 0.01148434440862034986
1	0.00540595962257315547 0.99299797662625566286 0.00050344067573062138 0.00014012928632667180 0.00070680892513466404 0.00011831943438842972 0.00012736542959094100
1	0.00241937543585779569 0.99269206300029966261 0.00146433833797265630 0.00196284190261240658 0.00089473299161863819 0.00053631666236610598 0.00003033166927278912
4	0.00226773958867203338 0.23644642688593434099 0.05348615235434532600 0.07965154285655465238 0.43874396481390415259 0.09723766372300401972 0.09216650977758544805
3	0.12898489049983519195 0.08626088847605278831 0.03597160197926881076 0.68194096719496721803 0.05359626242373596861 0.00407542226556411626 0.00916996716057611599
4	0.05942058653660968470 0.15203190935714491760 0.30492516398231644947 0.08628894275882868781 0.35425411388622457531 0.02056492511856355607 0.02251435836031203883
2	0.00175644591795866820 0.02183053451978818685 0.84937680045023189468 0.01922716011257312105 0.01586108814838208675 0.07911624511641845992 0.01283172573464638408
1	0.04454570275822805625 0.85389136406203425267 0.02168590056870350544 0.05838094848770430945 0.00220190985502473563 0.01698168376548579023 0.00231249050281975193
2	0.00124260589015348405 0.00054433660883120884 0.97925799920343337135 0.00110612638648639868 0.00099073680821284700 0.00948625034035683462 0.00737194476252471358
0	0.82045194622191564005 0.04297356469694110087 0.03797767813643476709 0.02615463290440965538 0.03943792000491912891 0.00869757114777299986 0.02430668688760660723
3	0.00305617678549950427 0.02412989180487026472 0.00390585814554133106 0.96854679389290521119 0.00012745430761547803 0.00014666930512141339 0.00008715575844662358
0	0.85989610010647987703 0.10426303775615018699 0.00071790500523522698 0.02078495374061274312 0.00737565759881018447 0.00075748324114788984 0.00620486255156391196
4	0.00138376905590028828 0.00080477649905340580 0.00029774888454803629 0.00082784768330248051 0.99336395259290022342 0.00008406521586885159 0.00323784006842769111
3	0.00258883256779165365 0.02428939092580002790 0.00073528547398306473 0.96658996440957112295 0.00417278886883386702 0.00139176788236484799 0.00023196987165592401
0	0.93825022873202357232 0.01475336846354877683 0.00122200376518356792 0.00799738191850224434 0.02393312009274318336 0.00162827175129895267 0.01221562527669984785
0	0.99577555365143866073 0.00272349388969816237 0.00015718925217765952 0.00009784957186266403 0.00087013845843310236 0.00006145688615260643 0.00031431829023684449
1	0.00768433249943834603 0.81391322909703123223 0.02196392006079837811 0.02238135648880805115 0.02265658259927835760 0.04430064120409972495 0.06709993805054528804
5	0.02648474723222811467 0.10948842033197309087 0.15027172309310457554 0.00547755881639649250 0.02837534972742239425 0.67701140318893793246 0.00289079760993779262
0	0.98241958742467128118 0.00292251605623616286 0.00023799629339986148 0.00243038938772347727 0.00556570452688882021 0.00031419532062996092 0.00610961099045038460
5	0.14106544855723793241 0.21485350625532545488 0.00341011331281729181 0.00305818497773825172 0.01842966367622675405 0.60409084217531672234 0.01509224104533768776
6	0.06062524081637424289 0.01740842070336272654 0.02729424253751272511 0.00579016698143515907 0.00523039109836714259 0.00428104984598915144 0.87937048801695893996
1	0.05079899347088968203 0.89201035266506456534 0.01730840987365630732 0.00875080346251453506 0.01317411602768815866 0.01115285583821389211 0.00680446866197304250
3	0.05336367843753815621 0.09877278817811799283 0.00889259498870158434 0.67580574179212105079 0.03946294654320463280 0.09381833637703247686 0.02988391368328415301
0	0.98822721399733803871 0.00133735204704869327 0.00027032603121973761 0.00054774485218759400 0.00492906181828003942 0.00132785209026643866 0.00336044916365919313
0	0.96597257184619333970 0.01080776902413398306 0.00028398869172271583 0.00948071177137781683 0.00589811833083597661 0.00017645052184526381 0.00738038981389080914
0	0.92893194835499603990 0.00365712657729382095 0.00083520933331405957 0.00368459708859500889 0.00440546552308315829 0.00387086653906862843 0.05461478658364932182
2	0.34306117889539516908 0.02424066779862458706 0.48661658582002637052 0.00783273789359467329 0.02185733005436481247 0.00071868572573597961 0.11567281381225842651
4	0.00001360055006696942 0.00000105750652394596 0.00001425408770810832 0.00000520284395337136 0.99985552546578382316 0.00000249635503955074 0.00010786319092212205
1	0.01800791818633481686 0.77459857870914960998 0.02612039333732704346 0.08568246442938405594 0.05063534961403230034 0.02639534941403569659 0.01855994630973681683
1	0.02277711560598951607 0.62021301517870597309 0.01136459491965066161 0.16133802167496560931 0.14133546993439288775 0.01960029878779812398 0.02337148389849750749
0	0.42310248955922596936 0.08491287261594571145 0.04421250888724619077 0.01962339538316467194 0.28705627049779830484 0.08149515237931730105 0.05959731067730184018
5	0.00492338874518235322 0.26691927054447639467 0.00491219085165890690 0.00944162003934597045 0.00442976785123112924 0.70912794093368736181 0.00024582103441761667
1	0.01414091288110074472 0.63087656206019859795 0.15368358409449403568 0.12784357507738841608 0.05284072637238917958 0.01153378673073676176 0.00908085278369221045
0	0.76258384526653988367 0.12373105798121054877 0.00090347072796666305 0.09321307529843679551 0.01122121525898588969 0.00147616150554395428 0.00687117396131635763
1	0.00609720516998960189 0.87816572427304262494 0.00214874907986532977 0.09283260235899688795 0.00114785986492260488 0.01316705683592224105 0.00644080241726040399
4	0.27567393493389835690 0.04511458284553652304 0.07722369134818167502 0.00237919627839409823 0.45097091281568602028 0.00686061435203366796 0.14177706742626980385
1	0.03771458099130389763 0.58324950548182041832 0.06154719272591212959 0.03229366463909160573 0.06669530514251888198 0.05670103517600562359 0.16179871584334723500
0	0.97861729103345496128 0.01335074791328512249 0.00065619083555994379 0.00497353261448470457 0.00118701341361765662 0.00026677525404772743 0.00094844893554992308
1	0.00165600948587812263 0.91055183391866845177 0.00542911891356740155 0.07692052019493657300 0.00278451545912830785 0.00163823919658076414 0.00101976283124102242
1	0.10182354031020897367 0.45850852439663780657 0.10173150496263408393 0.16438610704760836523 0.07515931936040429195 0.03904806093817562995 0.05934294298433084175
1	0.03629574389493470804 0.83087052667991756483 0.00984269452641811128 0.00261909727264700602 0.00591939275511801921 0.00683374648416301342 0.10761879838680138421
4	0.00357233709515911331 0.00807866781748387865 0.00384295756007464870 0.02543342450288988213 0.95046769600098945929 0.00088586603927854723 0.00771905098412428714
3	0.23465981567222934934 0.02420196751528387591 0.00895984815966181271 0.70837513090130388438 0.00563110516391970850 0.00941140696805883165 0.00876072561954252885
1	0.00212114271631737598 0.97536475302543790278 0.00093029622252721752 0.00219577395227199242 0.00759616142803000959 0.00568723567610081131 0.00610463697931407610
4	0.00018606921174912715 0.00004194505110947716 0.00005239665157146537 0.00020881043422459785 0.99899265414250404405 0.00019018612291817871 0.00032793838592338337
2	0.24017990047830917177 0.16476480763942494279 0.48758316824598535444 0.01999568964426082923 0.05484238768519947987 0.00510940776953055543 0.02752463853728936982
1	0.22176802904259623750 0.36045174248769584757 0.09254722181828595184 0.12408009112523864237 0.11198075399853048284 0.04645144558626638359 0.04272071594138661388
4	0.01116829518499602714 0.02733469280197191320 0.03636565047666270173 0.00250431042073491266 0.71018830372367125481 0.19930716948237964248 0.01313157790958299938
4	0.02952421752461514490 0.03510848384106762116 0.01979839967945558332 0.35231775244583662943 0.53907389780432768411 0.00418136880257667220 0.01999587990212022687
2	0.00048835256477155662 0.00016553254651211529 0.99569676739487067429 0.00002311505243385688 0.00307093702248168116 0.00048498572409229747 0.00007030969483850365
3	0.16906338539885060190 0.09231020015977731141 0.05330379155621917803 0.61241136439918197887 0.04816909142357379825 0.01436114256458271947 0.01038102449781417962
1	0.06451839410353325810 0.59822362130821349346 0.00211490681392334729 0.00937153237644587633 0.30057034262718979045 0.01021567748391283108 0.01498552528678119729
4	0.00067122509665742361 0.00045905399011398078 0.00007471089626171520 0.00156963097345837405 0.99608484551807530138 0.00008657139038274609 0.00105396213505008882
1	0.00002381778912164780 0.99973272118507094941 0.00017019068083572959 0.00004295103663061896 0.00000278305009533371 0.00002028474621193811 0.00000725151203332122
2	0.00246341287830699864 0.02691990161311118637 0.77777523423324956831 0.00026945331997601743 0.08336133270481434210 0.10871360710042478337 0.00049705815011700041
1	0.00292072074138128831 0.97681291911974688080 0.00169849836548737767 0.00223913696576068244 0.00249851262834840633 0.00427772899005306531 0.00955248318922209509
0	0.79383478213849956173 0.04719177542684088039 0.00165155338298428149 0.04523896108717345710 0.02347764873968250648 0.06152196612482251081 0.02708331309999671352
1	0.06645966310898059060 0.88040382413835294173 0.00085784646699479743 0.00406518119692360520 0.02517054663880046242 0.00581046986764663983 0.01723246858230166600
4	0.00020137578314071566 0.00169562340989263334 0.00040393989994739040 0.00007602887035533561 0.99345533425617371659 0.00263572424881796438 0.00153197353167130578
6	0.11298901877980470354 0.00666321131036259982 0.00532450167206715945 0.00608240507636739237 0.00541486255569632955 0.00027121006653464344 0.86325479053916709393
5	0.04768195539092132812 0.07224827868817124132 0.20780954072245980124 0.02012134556141781383 0.22840895508625866372 0.28556164495660124603 0.13816827959416991267
1	0.00954420199009635949 0.72120559696003194716 0.01053590670394882745 0.00137539221131696135 0.23963364567756123558 0.01521597887876926375 0.00248927757827605272
0	0.99468003885732403369 0.00311837396765870644 0.00010137037969717778 0.00176641461275553815 0.00015675002038265250 0.00005357899063191333 0.00012347317154983863
2	0.00015184879357728624 0.00015385427921272649 0.99831422778703127197 0.00012055499968668467 0.00023429822054451139 0.00012842770663508584 0.00089678821331285233
1	0.01196036609299528340 0.98451474017282025741 0.00099704801924644401 0.00106962499193262298 0.00063207063034905083 0.00043047303246937735 0.00039567706018657744
1	0.00130047819444858450 0.77490615797932893560 0.00011190279395217825 0.22192704987466399524 0.00058460952470142937 0.00069885668780529197 0.00047094494509909100
6	0.21300229248451160724 0.12931570436382464062 0.05148664587523187758 0.07595401179043377582 0.08126285723330232968 0.21951217879997519944 0.22946630945272056268
3	0.03747958351267965255 0.04539435426786808669 0.00149087688892485270 0.90622014586116839130 0.00049122383584790418 0.00392148646457258013 0.00500232916893833361
3	0.00210377939194958093 0.11301141360211965081 0.00163067065574881340 0.88071733591607981317 0.00217583209171745432 0.00025718852759795772 0.00010377981478680036
1	0.00678457793147678977 0.90846976043771998643 0.04096826801564617399 0.01644405690058405381 0.00406090175397483613 0.01115348722608666514 0.01211894773451093789
3	0.03062933475722894733 0.13372498889261710819 0.02301389794926004748 0.80664794928409777608 0.00240512202920644845 0.00075564251247607942 0.00282306457511369725
5	0.01493786098965691096 0.00129319151676857104 0.00542627600332977640 0.00148228438242569501 0.02396804487689812094 0.95166763835479772915 0.00122470387612333312
4	0.05668263392992024807 0.01054660248908254917 0.01750747907232319198 0.00769687607328473078 0.66181167557220399456 0.03338141947607502213 0.21237331338711012974
2	0.00209440785201876105 0.00056113085987060068 0.99313382538168526459 0.00063178210680482562 0.00055099225477906453 0.00250780712881539317 0.00052005441602600265
1	0.00582569831640136499 0.98235034900424089699 0.00456129637718474985 0.00504874694961333827 0.00031816647705190171 0.00023292226355351974 0.00166282061195451155
5	0.00079667713806012364 0.00036098496315560335 0.00031950631786669022 0.00000941750024259955 0.00162181812342171829 0.99676502402937716685 0.00012657192787590178
1	0.01146199770695605254 0.77384095591624124655 0.06549621536840538605 0.07396400329884829372 0.04060387421736099539 0.01028559823731571045 0.02434735525487257898
0	0.81351216688589322867 0.16387439261085032238 0.00099080881969946079 0.00744350267807042994 0.00383136562273832942 0.00012026010271307041 0.01022750328003552492
1	0.05817057575334082936 0.88781490918779737420 0.00053029972836673208 0.00144095857450856225 0.00477411604907585722 0.03232490302231199458 0.01494423768459872577
6	0.00582703093058528285 0.00117984111218994402 0.09048064110190906506 0.00341666388054089054 0.00215144325326576064 0.00553048349399001219 0.89141389622751854294
1	0.12536668257979829977 0.83205690023175926662 0.00122183688088777832 0.00053876152010261258 0.00904830737493478310 0.01781511819624827589 0.01395239321626913671
6	0.23904899896271897264 0.00222089834519034919 0.00079935992866327099 0.00035115308556850247 0.35041138917475894710 0.00722913587660501712 0.39993906462649492228
1	0.00906890596687196134 0.84489816996832667328 0.09987024259093413292 0.01199735038112028501 0.00215369499942690392 0.02911991592165686857 0.00289172017166233145
0	0.91242294756614683582 0.01532829475232010304 0.00097331580783597237 0.04178730797383559126 0.02265666836738574122 0.00124852101396509345 0.00558294451851093238
5	0.00216073692424230456 0.00255755234632627478 0.00009320898662164841 0.00011090977376481134 0.00080539828923195200 0.99390374786996127376 0.00036844580985217242
2	0.01197481215042904210 0.16173642618691763673 0.66177278551380036564 0.05666412494031702191 0.03722798245993499261 0.01830697912740561831 0.05231688962119509373
2	0.00005742422708360768 0.00002023333657822757 0.99805039668102379924 0.00001479389676216657 0.00065032292837032490 0.00117260491140215627 0.00003422401878106761
1	0.02244330040749357297 0.97536679424322592080 0.00041418734077966083 0.00020582166240458018 0.00048323900328687316 0.00071657115780732032 0.00037008618500178087
1	0.00968768925027666851 0.92751757050351446576 0.00534679167529469000 0.01154616800175165686 0.01535165891265028934 0.01839185860773054002 0.01215826304878180053
3	0.00839936144245172212 0.17546517725357274609 0.00169953103995314886 0.79936541479215061923 0.00537237503480009117 0.00387055454521435067 0.00582758589185785898
5	0.05236907024177255704 0.01754434864183993664 0.00845875042267347881 0.19818290604072413830 0.10524992815032853388 0.59100708424249048800 0.02718791226017099050
5	0.11826478513488962452 0.16631504876161712358 0.03422395829243140425 0.00402878595899853510 0.26141497163692506422 0.35687521466513699719 0.05887723555000128756
5	0.00007656834869466245 0.00015335164401644301 0.00004484191818274032 0.00000405008486176312 0.00001235289165858711 0.99968983748643058806 0.00001899762615621644
1	0.02700981343799093229 0.62061175414395020056 0.01149793281038914011 0.11002846247155084747 0.00729377630815445255 0.21284873874442813979 0.01070952208353690739
0	0.95049675937032884754 0.02985279006676563873 0.00132313458532234800 0.00380009865563913675 0.00643262498306661126 0.00103378976037475623 0.00706080257850258235
2	0.02300739033372999065 0.03884159183996126891 0.76244163353258087579 0.00667495911895023102 0.01644127986105557021 0.01639337049573912422 0.13619977481798362096
3	0.03429133067798301876 0.13346421975730801690 0.01764019394285390105 0.77372175695194755907 0.00794599849775935382 0.02575263509077549071 0.00718386508137294506
1	0.01585603871798896974 0.87647680080293066673 0.02451493261716084296 0.07036331002148575597 0.00417592486678437878 0.00745863554886452753 0.00115435742478490425
1	0.00119296201981217913 0.99646450940434150301 0.00086000573314704552 0.00034156048714771174 0.00004354851227172650 0.00014122859135036036 0.00095618525192932811
1	0.01765474663768765162 0.96888826449799958507 0.00155345638195195155 0.00484615263477733427 0.00315145291238280549 0.00236428360642298909 0.00154164332877778352
4	0.17940934946561259977 0.04297774035641439144 0.00062072732977564641 0.01509571166048211295 0.62117021949351924892 0.00006288811051095810 0.14066336358368505821
5	0.16952720247665986619 0.00951012603211143920 0.04747303577415954573 0.00739539627628887572 0.01478944645612272762 0.66783257320243083477 0.08347221978222657546
4	0.05611108847259887317 0.16118248230052584224 0.09263721595084133120 0.14773879937914444205 0.48367260783899640453 0.01235760834146837871 0.04630019771642496923
6	0.00016643496108966155 0.00023704926689583711 0.00016519496402720940 0.00021301301574857976 0.01426054465315461720 0.00019088261917820607 0.98476688051990635131
0	0.69680586811981348738 0.08050887286526312026 0.06561955532379651346 0.09218362081122029317 0.01253326806902299931 0.02074527704769709921 0.03160353776318662600
5	0.00110737300309526952 0.00381873859900666015 0.00072265485632496882 0.00006670060678786955 0.00072511637587331168 0.99343168633889677999 0.00012773022001574241
1	0.20255493355394912913 0.36834122325160123523 0.05782793734224145332 0.07285423681159643172 0.13080472430604392353 0.02272491751780410588 0.14489202721676380792
3	0.02900045417812372947 0.05541271749698416238 0.01579472616739109256 0.83055778204114805163 0.04063393440390258848 0.01161250756418691528 0.01698787814826420786
3	0.29629323123289769137 0.12119359416858264955 0.00480673430347595531 0.54914438840642221251 0.01606924780998542773 0.00049315474114617274 0.01199964933748988091
0	0.97951843247054259933 0.00094746510635626026 0.00194384644527892717 0.00082878814705375351 0.01160911598286787187 0.00040684163558556185 0.00474551021231516164
3	0.00152530975642134838 0.03029246373519128843 0.00043317360829012044 0.96104962902643364941 0.00529385058545786807 0.00061350749014014907 0.00079206579806441750
1	0.10185401796278020781 0.45981348571952268545 0.00985611625715991993 0.04479791398703945882 0.38183816308514040294 0.00087716158212383796 0.00096314140623375609
1	0.00125368694673340343 0.99111232135061444470 0.00148724008025416304 0.00546361448085173809 0.00052162430621764016 0.00011262316824842460 0.00004888966708152922
1	0.17817719402135598350 0.57196731396344890896 0.15987315669769144866 0.05108258497611408572 0.00546092965529368108 0.02602265124195560220 0.00741616944414006177
5	0.14535907984092663603 0.19849064038027242063 0.04449546717792623313 0.14580395747963259545 0.17335582291338230698 0.20456835990467228670 0.08792667230318738925
0	0.90044372058840116413 0.05346353469383097884 0.02805682103276903316 0.00419837698923829997 0.00453079117319774710 0.00176544493469043651 0.00754131058787226114
0	0.86392356423136118515 0.10275786351474140712 0.00027670680974948506 0.02294740485038836847 0.00460937553525236042 0.00133284836776476913 0.00415223669074235493
3	0.01686343915260590798 0.14196108358390510662 0.07374876414519943024 0.66947032723575405910 0.03907596589799898490 0.02360198770737972213 0.03527843227715694863
4	0.20698702281508718492 0.07036088250186754711 0.03051579845619876649 0.02701593818117834639 0.45728586482307737038 0.02507383053810352536 0.18276066268448737384
0	0.95195860869580417596 0.00737273040800938331 0.00296160091914995103 0.00265517746939013689 0.00538789157654569369 0.02627961065007085664 0.00338438028102996643
1	0.01324160083026159306 0.90249607963828648582 0.00314098086290571631 0.06556850729928194454 0.00613765212308623603 0.00299721903284965461 0.00641796021332863720
1	0.00324700013775244389 0.97119434529378767529 0.00853129527186315822 0.00136218795437940835 0.00545046771203281863 0.00622161321085469999 0.00399309041932976658
1	0.03767945428284219522 0.56595601029209441357 0.03330701678810230743 0.05078424231018777851 0.03851106187612347853 0.01118934799968494646 0.26257286645096472588
1	0.00071422795975707818 0.99121464869728292957 0.00086269008715265309 0.00021707290044658268 0.00015576091823906417 0.00646792609098613500 0.00036767334613583896
5	0.14914502134153820312 0.08967360132465662659 0.06499309867985630929 0.01822144956151905415 0.02426137285554769846 0.62906181987725939830 0.02464363635962264765
4	0.00001619624208608532 0.00000889516923225673 0.00005009318944363072 0.00001354072638554141 0.99985316479510577548 0.00000164266121127401 0.00005646721653659628
6	0.06079379838348296372 0.05073486171748327334 0.00518906821144735075 0.00480125595378056574 0.02043740718601570402 0.04649004639205054495 0.81155356215573959400
2	0.00019122987562626042 0.00011646915662536849 0.99578471244584632061 0.00009518189439121481 0.00204514593544494194 0.00023321071977468741 0.00153404997229010629
1	0.01770072910112396175 0.89867407755874839648 0.01374582234176018741 0.03401291356609383032 0.02846292863803173701 0.00515509866227766445 0.00224843013196399317
2	0.00280396824973832420 0.02004422214474978203 0.93502985541970440320 0.01055254027273918108 0.00448005301329385246 0.02161003118655255642 0.00547932971322170805
1	0.01078806483970549783 0.53241046985262785451 0.00622905082282744060 0.21986698148309069545 0.07880703473144011484 0.03942230141488380080 0.11247609685542417357
0	0.69257695515755590687 0.02980733693224169381 0.00017688586868234627 0.00655681148958779485 0.08858361864349185988 0.00366230016745031518 0.17863609174099037702
0	0.50009276426554272188 0.01699914137040783521 0.31863937515468149231 0.00087993065210229297 0.00827464398156952004 0.00249189981230421445 0.15262224476339192325
1	0.00072318989301649957 0.99885866523647925952 0.00026219547741842815 0.00010698846299838505 0.00001923120002068650 0.00002333079817223859 0.00000639893189451995
2	0.00159297539959177997 0.00148796610736275786 0.98015845469773121845 0.00535033372588079436 0.00540251968702509539 0.00147665000324320164 0.00453110037916510788
1	0.00035995074343502518 0.99931627195065164670 0.00003080157940046367 0.00023679872896035264 0.00001446656837504627 0.00003727521237990999 0.00000443521679721626
2	0.03125416338361484275 0.31414019238021351210 0.62213339976947024113 0.00222061181639802117 0.00099697373989882337 0.02649017914509991037 0.00276447976530481455
0	0.70301543203640803892 0.01373940259375036610 0.00004063274446711700 0.27592831045748678065 0.00608060982748428493 0.00114682410085520446 0.00004878823954815437
3	0.25183228061649992613 0.10604194265452675239 0.03049046294402109683 0.59043819852729206854 0.00636967674899994313 0.00239827764787660771 0.01242916086078331254
3	0.00573982596127678001 0.02572428796217076860 0.00245985513952540246 0.96373128757840986758 0.00116129737246572855 0.00035524000246450575 0.00082820598368714405
3	0.06958122838876990013 0.20651766291432416267 0.16256721745042698735 0.33218454030107924524 0.09649543304204308281 0.03552510588021714349 0.09712881202313927709
1	0.08347884451420561902 0.57407433134480878589 0.08964430375775221671 0.00229904976331022888 0.12369953506174002911 0.00672308766273339419 0.12008084789544974658
3	0.31211757306384740884 0.06675657258738156019 0.01848948788907101709 0.36525275894456060710 0.00947245630059656042 0.06819375372880842612 0.15971739748573429707
4	0.13863537730253189251 0.09704677751660592544 0.03636123040104370652 0.05187184633109984122 0.55495948766502800620 0.01824317711180278856 0.10288210367188775629
3	0.00539666168229768328 0.05781433214057889874 0.00076174908700926843 0.93108985418867462602 0.00387454971712518923 0.00029869170195796204 0.00076416148235709206
5	0.07167172559848156155 0.11190838460293137113 0.03423043102118718956 0.01552403985536272499 0.00188128557781868039 0.76003257879439090061 0.00475155454982758088
1	0.00301680990611647706 0.99423379398431543930 0.00005478124436727220 0.00137025081367167208 0.00038304796781928930 0.00046460654384940442 0.00047670953986080625
0	0.45755044251995197202 0.21716819614711624364 0.08710325662118144352 0.01926409625069363390 0.20114669960025857720 0.00512948671876901820 0.01263782214202921472
0	0.63183545349164871308 0.11253045503812937611 0.00658739963632123428 0.07687563467708069531 0.15476563101652598964 0.00142620237004595124 0.01597922377024810908
1	0.00235738680330441078 0.48943956342637362500 0.45464576861993982737 0.00194723526996773530 0.00591784941924927352 0.04336808064410155317 0.00232411581706405386
1	0.00783408357356142268 0.86973757844760157809 0.01515132387286283362 0.09369707091877291227 0.00383349052333716196 0.00555026252139996512 0.00419619014246446018
4	0.15271593826974319552 0.11225910156792859307 0.20080442099927758859 0.09218029214580303332 0.41264569689226415772 0.01228265901967377262 0.01711189110530945273
1	0.01545757855545814088 0.97293676596853473360 0.00254521206223608026 0.00213450153353299818 0.00048863906955237094 0.00546835483727590478 0.00096894797340895007
1	0.08011325621583546830 0.50699312338674595857 0.15993145732124891545 0.02378351449503351631 0.06909016976363807627 0.02882782321220206043 0.13126065560529534548
0	0.62771731076255976589 0.11030361945713874905 0.00166265360881927391 0.15517434197629473291 0.00847451770589529967 0.02047328404230610438 0.07619427244698595558
4	0.01778689570421965183 0.00269169150306608485 0.01820704595872017773 0.02463432093969323416 0.88138645862836251244 0.03756264136563396139 0.01773094590030405149
0	0.91593758931937196976 0.00617713809372822265 0.03534703672549099895 0.00668259405035403955 0.02625477286270901101 0.00226653040981768857 0.00733433853852824211
1	0.12369325779128685638 0.49329325800304679728 0.05742997160027171061 0.12120300055808333473 0.09716962536764230107 0.04139450204906744424 0.06581638463060146549
1	0.11817706351159151801 0.42899174392578492965 0.19319221886647106046 0.15567304894215369671 0.05109384125433989038 0.00659143595120573102 0.04628064754845320761
0	0.99366553019755343712 0.00431592064130157781 0.00007119487449863992 0.00028527141144606469 0.00036781557151219484 0.00022676886342155126 0.00106749844026654897
2	0.00057313374926159458 0.00770507151859706110 0.97881835915409209914 0.00068687006910095956 0.00637122295173149934 0.00424775979004877059 0.00159758276716750981
1	0.00011995106661270185 0.99837299544664614981 0.00003497071861965927 0.00046714496013467908 0.00021464994736083282 0.00006898459443697003 0.00072130326618849623
2	0.00001150356716752964 0.00014558293896478193 0.99894285616768041525 0.00000096628384750311 0.00033429601161496695 0.00046826062987754863 0.00009653440084992093
2	0.00042056996373765145 0.00112630664745175073 0.99661831099514763821 0.00001988545936651062 0.00004266574553302348 0.00155866750176329207 0.00021359368700064887
0	0.78381408837724553251 0.01471612933569155929 0.00472992200811928054 0.15253824797662240975 0.02336079247450065233 0.00070793043782945786 0.02013288938999108213
1	0.00045552614724575198 0.99447336941439790081 0.00008718912243318686 0.00299701857331093622 0.00036849610852999332 0.00082757328849998807 0.00079082734558228796
0	0.53499590629047855117 0.00403810254989006665 0.00146059001239056503 0.00389603844273542829 0.19700389645085089607 0.00030130242264123466 0.25830416383101290068
3	0.00329521609347233589 0.00846205380730151446 0.01010049177748987941 0.97618516204904226541 0.00128467304917159937 0.00022350315565151268 0.00044890006787114405
5	0.00970723345408523557 0.00289937037649213658 0.00136878985729035115 0.00006086348482105035 0.00220861086187496784 0.98197512903257933026 0.00178000293285675380
2	0.14418863942269088962 0.09307185356152507250 0.57955015600533865694 0.02964654537334826881 0.11379447699841434283 0.02248128741331050645 0.01726704122537257857
