1	0.04829316866697823396 0.53859758396155765769 0.11337601431476912461 0.12491597177453199474 0.08281576276948079962 0.08291201353439314747 0.00908948497828881638
2	0.02305918510934292301 0.00093866895306210366 0.66447574485414784284 0.00061424529580432702 0.05850679813683179464 0.01921969066998608852 0.23318566698082537902
2	0.00414824897402743357 0.24424179137513593596 0.55493919841287275840 0.03290842842014321534 0.08037974334665601295 0.04245276898017309730 0.04092982049099162106
4	0.00639258049370408903 0.00056046697838593523 0.00676587030791176228 0.00366988783332510698 0.97188803725381600618 0.00929276849941594769 0.00143038863344110241
4	0.00075028399972329820 0.00753554178320380713 0.00147935908030493325 0.00330919377332665986 0.97966313109796521186 0.00368223101678401320 0.00358025924869240795
2	0.00733377306988157798 0.02663408191660505270 0.74686694336756309642 0.01920037110447188680 0.11336957297751504292 0.03735999174216447782 0.04923526582179964944
1	0.09450806572686583362 0.64639896685193121151 0.03339826435069651045 0.04736945897094948371 0.08369739178779353472 0.01780488015928883422 0.07682297215247439748
0	0.47073099839036103287 0.37600196126703455679 0.03782827972159476249 0.03845303259051667533 0.00267009703038926247 0.07264578786916975339 0.00166984313093417459
2	0.00024596846130770747 0.00249755223008843626 0.99490375638072314768 0.00016485542756541709 0.00173896448920181834 0.00027825018850559277 0.00017065282260866920
0	0.97340340325251739628 0.00108142458553804567 0.00348333579632720573 0.00452488770230024574 0.00452758731941901946 0.00505276207568800591 0.00792659926821035442
3	0.08221775737356758207 0.08402645150701686105 0.00824731450864358250 0.64561814233021430631 0.09194603366370376896 0.02167179019122774525 0.06627251042562626315
0	0.33683792062414358304 0.25328855978089198642 0.09090619052526408006 0.06432026620391038951 0.07532970484227012598 0.12092008540361122437 0.05839727261990879797
1	0.01822744131829480418 0.84607208992991655983 0.03516605223060580154 0.06789251850013502954 0.00185391422175529091 0.02406251230889543818 0.00672547149039711637
1	0.09759250747766334833 0.73793527875693021301 0.16214809681515632289 0.00013037565334779650 0.00105879130950117654 0.00028424976207267795 0.00085070022532819927
1	0.00005151376938727841 0.99700209705301812146 0.00211956735048647159 0.00024068223325006936 0.00007052414100914546 0.00031347906836701992 0.00020213638448410404
5	0.00856157850698381108 0.03650066907651980386 0.00460421336181780945 0.00596334506526753887 0.00271729774091240134 0.93570829524345344730 0.00594460100504573020
2	0.00006812907190512695 0.00003220085975719562 0.99820451373151997121 0.00005512326637375970 0.00097679741915022360 0.00026942567891866256 0.00039380997237591900
2	0.00011119583906900404 0.00002816122126467245 0.57146293135423265053 0.00001633825226270006 0.00019135566162703255 0.42775544157909800580 0.00043457609244504760
3	0.00019158784476887210 0.04996965100675149207 0.00139570201104064753 0.94401704432329192063 0.00056503798898450963 0.00167397236983199416 0.00218700445532920987
1	0.20341707201215558642 0.24157390324984556740 0.08442446384892754452 0.08339473221985699292 0.12650688391815961831 0.17041202040248534799 0.09027092434856931469
2	0.00000312369463351809 0.00006761200288809112 0.99976816792671507894 0.00002606168515803437 0.00000355157253875591 0.00012895503374020880 0.00000252808432504414
3	0.00198342429245146551 0.19809384507275001885 0.00062969760163003802 0.79621906538032727330 0.00037415081896983792 0.00194696015021013184 0.00075285668366166731
2	0.00484070443165999283 0.00682820568951004493 0.79038626839801839896 0.02857031377467914371 0.16104152623353440443 0.00738162139900792186 0.00095136007358982938
1	0.00028792533354424921 0.99131179211067088630 0.00453199465827125621 0.00109685421013136757 0.00067677477243695196 0.00196116475949474752 0.00013349415545134148
3	0.04235859068394282057 0.00551903552497778720 0.01527947247907237259 0.93336448537735872133 0.00030086350858711796 0.00052416276108857736 0.00265338966497272915
2	0.02020567893973315710 0.40120271124956685682 0.54228117895494909462 0.00638249830490556121 0.02106765010245659903 0.00679011139188645703 0.00207017105650244984
1	0.00164298569144561606 0.97859660412323834500 0.00180310170680895087 0.01686847226755295096 0.00035012909676700947 0.00057600614627697220 0.00016270096791143470
1	0.22529168469387278462 0.50477196941368596139 0.09692799413493075056 0.08548823363706632705 0.06396996185181960670 0.01140998631703166351 0.01214016995159261994
1	0.06499505955282887382 0.30980646492065866404 0.18990825797431232225 0.05488016610053724625 0.25548172781443218016 0.10377345395599632538 0.02115486968123467953
2	0.01781477905694198519 0.00139634479046875913 0.95885195776046672211 0.00079313047919834330 0.00947726428459408875 0.01099690891469935934 0.00066961471363053034
2	0.00155483570745467109 0.00008881394617341042 0.99515728898896582688 0.00034370728702948043 0.00190811313001786921 0.00038222144476355294 0.00056501949559566460
1	0.05273624276514898152 0.80058634454737509500 0.01285054339816431475 0.11711468496101436199 0.00688823572428525974 0.00752129645582446001 0.00230265214818752527
1	0.00057818089891778415 0.99760744658704525456 0.00089192623853538418 0.00025400253405676037 0.00022744111335440208 0.00025588636836420165 0.00018511625972558171
1	0.00000854805391181770 0.99978353937408848129 0.00006678712053474757 0.00001463498160294805 0.00001553795912043167 0.00009340770563221787 0.00001754480510979720
0	0.42334463039911790494 0.03393888633727022014 0.05581096400737787372 0.39329518845762173607 0.01703983127237173462 0.03859641962535724502 0.03797407990088313284
4	0.06491702308300362212 0.00574686802363829491 0.00738988910933970327 0.00511018365356714216 0.89535509205404373301 0.01077416471430260245 0.01070677936210495673
3	0.31087697680323150839 0.00387023043497360239 0.00666090344951115673 0.67249169598487501531 0.00452398686303661420 0.00084794208855219267 0.00072826437582002176
3	0.03522635616110914025 0.00285105136581433006 0.00233923589463020005 0.71130840514316229228 0.24074755099157030269 0.00544821247092908047 0.00207918797278537713
1	0.11890573906910008317 0.77082673524367228968 0.07051166187509200212 0.02171000339788222572 0.00105677320699132534 0.00158870649934510048 0.01540038070791688654
2	0.00002430860028902968 0.00001185677572356469 0.99947239717625346866 0.00014501885094800584 0.00008234195784397347 0.00025134165891079152 0.00001273498003000704
3	0.26166350129932836044 0.08505534674516174176 0.03895996139773969663 0.55221642674834325870 0.02541121745734260112 0.00967353566803928928 0.02702001068404536951
1	0.09249592017022813251 0.75634201782031684758 0.01316865177363577867 0.09284323268863602097 0.00571315209758847895 0.02698131082498726740 0.01245571462460688325
5	0.00008261901116607775 0.00664201659280484920 0.00025134322130087103 0.00003925445425744258 0.00788010762287928365 0.98487528336699725617 0.00022937573059397432
2	0.00000170760011386024 0.00039139220854492456 0.99613519019496554741 0.00005105707971427335 0.00040809150965956744 0.00301024869521631213 0.00000231271178395622
2	0.00011660767481906966 0.00003413468724146368 0.99946907161835296662 0.00004041078159029213 0.00026890704222184872 0.00004216537099590567 0.00002870282477569708
3	0.03345347931583247947 0.09919375156256481085 0.00241013021422316429 0.86049670863453320280 0.00102070193808890576 0.00324221841146524930 0.00018300992329197012
1	0.00850143235870819830 0.96748336310887372846 0.00977617597512833204 0.00430456642814975969 0.00735037517014853602 0.00114060012086170354 0.00144348683812971289
1	0.37678444076386841122 0.56574081192549419139 0.01305293446649569838 0.00736137983696025667 0.00252675455842892634 0.03310957398019201414 0.00142410446856056083
1	0.00095952586920118696 0.93324069970677026031 0.03006082135692517837 0.01081268265351329610 0.01823874771256076693 0.00191562081254682717 0.00477190188848365410
1	0.01122137103779260493 0.96579423058816793457 0.00190530582841263118 0.00710249333151452642 0.00631641727007311183 0.00668525164695842576 0.00097493029708046824
3	0.00450005410521659571 0.00025889285812808588 0.00038804817566344022 0.99254126065617565011 0.00096449742844699547 0.00046839999887898727 0.00087884677749035310
5	0.00227766127143459859 0.00718913836875982853 0.01303462466270768026 0.00435060535694307710 0.00515259139506355542 0.95547408429418445586 0.01252129465090674049
0	0.99755999583004517639 0.00024649563827583226 0.00005335835389924257 0.00184563468462302393 0.00007643687824714726 0.00015059600502445711 0.00006748260988491503
5	0.00100547536480581493 0.01236871032001751573 0.00122320721193539309 0.00039226247469107903 0.00429749841037509010 0.98044577506047025928 0.00026707115770494249
5	0.00275244347803080096 0.02904423208347681543 0.04912077639606401286 0.01049309694585139757 0.06050411706194398082 0.84387799465905588558 0.00420733937557729847
1	0.00199937816774215004 0.98731480091319756554 0.00488902736033289351 0.00092923503256946323 0.00411840962862815990 0.00040041859548133204 0.00034873030204779135
0	0.44862364891816136625 0.02556024598190977451 0.01883575231307640235 0.08583011586736323528 0.04093144659049221395 0.04834272618359182483 0.33187606414540532507
0	0.43368746563516097359 0.15833167401840897437 0.09494623125450424306 0.17066147259476316389 0.07708649941865629296 0.03418805616292102528 0.03109860091558528522
2	0.00014988452898391744 0.00014197650051351950 0.99917717060303778975 0.00007311043081732964 0.00014039698433658483 0.00028183232485040865 0.00003562862746030690
4	0.00003042889419563813 0.00095006228200164480 0.00059366514707822943 0.00013980980977848240 0.99810065023361271841 0.00011259301593537648 0.00007279061739804240
6	0.00028215064110649043 0.01683722278346554829 0.00124611455979106896 0.00101975149070290838 0.00044432238262059941 0.00018400510356556186 0.97998643303874766186
1	0.00361595289294479620 0.99104738479047971289 0.00192389668865321347 0.00051728647401484381 0.00053773543507289244 0.00225054702254545149 0.00010719669628938488
3	0.00321887095032999697 0.22706945215605878197 0.00728990760895823538 0.75651847290636642374 0.00183376056668646905 0.00068128459403092535 0.00338825121756853578
0	0.27839941116121580400 0.19308352800593145404 0.03077449999870787711 0.15733927553819537781 0.08618145720548474331 0.23630269646210444456 0.01791913162836034773
1	0.00032484501466614979 0.99622838080164455299 0.00030389046574780379 0.00003118001007887635 0.00001380853957241502 0.00294161129749614036 0.00015628387079467734
1	0.04792237557750567839 0.92559446500226327803 0.00566262175504435306 0.00103776142536739593 0.00860864123961100139 0.00851057274332809276 0.00266356225687983681
0	0.24762633696155414431 0.14574632803069673126 0.10176449995745499855 0.18515842241849719829 0.05757447177389454773 0.01953637451582773341 0.24259356634207462911
3	0.02966047219931581755 0.05833661255432960602 0.09693787430659336901 0.50278933972824446652 0.08277964791760256125 0.07912433068303835471 0.15037172261087586311
5	0.00017138640165056628 0.04271755202814903063 0.00063134453231609381 0.00017267211371653076 0.09237394833642047220 0.86345309034533401782 0.00048000624241386171
4	0.00596807723772030570 0.03397275933665058756 0.00216619172416764472 0.00469883855413587813 0.94110868028275884711 0.00039992665840214253 0.01168552620616492531
3	0.00168990856988435840 0.00016472489722676762 0.00057301576227653938 0.99609149498376581278 0.00012520422759855878 0.00077475393425374412 0.00058089762499338607
1	0.00030217201600792358 0.99419887166601994544 0.00345836392074405728 0.00033146608565743323 0.00015570323895429256 0.00046021454259581758 0.00109320853002097158
1	0.00062655459813231416 0.99593748674219595429 0.00195937282551023398 0.00063179984916442297 0.00003640884746723871 0.00077771813944985211 0.00003065899808021014
3	0.00119715134155230210 0.02025938042863351107 0.00253483695146116284 0.97239483408413340815 0.00211552512816345255 0.00078750107197648220 0.00071077099408012497
1	0.14861482954583357663 0.40775469572247197148 0.07531599851434914172 0.24785643666993925627 0.03123839772402210030 0.04503507989950888968 0.04418456192387541087
0	0.69817393800606464271 0.00448854839324505216 0.01475783899610726320 0.01197632315347133512 0.00949139835060181479 0.00121222030105299543 0.25989973279945699502
3	0.01785872712393075587 0.16601497893292971320 0.00773923595551243536 0.73524285609710016143 0.00265829898781648607 0.00525829027132944469 0.06522761263138113219
1	0.14484840090916831223 0.43522436527128971484 0.07544421419757600666 0.23840204979495924209 0.02592069180458633770 0.04099461250531459544 0.03916566551710615879
0	0.83944610979165168452 0.13390077711179110276 0.00295012848434988420 0.00560015124670305061 0.00822948892467336747 0.00290482338515882709 0.00696852105567211111
4	0.10137002448262384668 0.04690709751400525679 0.07496001481833949875 0.25526699213127118648 0.42602198009540598322 0.02492454475562043414 0.07054934620273339840
0	0.78755731544070650685 0.11709135201145592919 0.02333679367786571646 0.04324038666642097961 0.01260728620979504819 0.00224771939169726579 0.01391914660205852312
2	0.00001055598815321198 0.00000348778699173904 0.99976356086364381870 0.00005775521010920943 0.00004052027585185143 0.00009076338551157683 0.00003335648973736543
2	0.00719338529474313620 0.05342223023309541213 0.91145611701812134786 0.00603595936053232668 0.01292127781785955970 0.00459888101778104658 0.00437214925786693666
3	0.16673677543276990698 0.00219004525533809382 0.01014294947246512091 0.73432444753148184979 0.03630743136100869628 0.01204131130762709813 0.03825703963930929957
6	0.05418486636128432704 0.09916458800534060092 0.02455478759768051772 0.00234233042232427505 0.21127480471050821831 0.15636833985389472779 0.45211028304896760943
0	0.62630919422492947746 0.22576190454054784196 0.00627459396841862672 0.00429125851472175485 0.03539694498529716293 0.01025131609673709220 0.09171478766934798577
5	0.00017918438751723665 0.00023574173056243781 0.00001379334312570992 0.00025282386081351503 0.00007086878942336907 0.99924044314128945832 0.00000714474726957725
1	0.16150207782255859845 0.68554313576614533954 0.02543411163369665995 0.01692283795928804443 0.02164290903087446455 0.04870624249294198266 0.04024868529449517757
1	0.00134524995211502329 0.99339890042311729257 0.00197297673823219801 0.00169344140824792132 0.00054022983942797161 0.00094339226798505552 0.00010580937087356206
1	0.00337189409906089952 0.93825208408790528036 0.01087008838677076990 0.02213787829506642241 0.00901495463491761885 0.01514050580971249525 0.00121259468656631075
1	0.00761484353655644212 0.68732106490871314186 0.07623777617455955447 0.01419363781158467126 0.08151002329857313933 0.12683211435643904075 0.00629053991357407007
2	0.00002228633102828376 0.00012406623830303205 0.99932161462488389159 0.00013581005409553398 0.00012669027405045509 0.00022812485242055757 0.00004140762521623485
3	0.01550242068461352672 0.02977540008841021019 0.39243826292119143861 0.51484658833284080437 0.00411879923255687071 0.02776379599216801872 0.01555473274821847496
1	0.00790277837481079097 0.98929864127536970564 0.00010178825776080374 0.00116397051664345703 0.00080199722446752447 0.00026899979290891611 0.00046182455803872780
1	0.00267915251201951247 0.60887324881401716503 0.25108391627031351190 0.05606521830626805258 0.01732876305624375668 0.05218922658508978046 0.01178047445604850189
6	0.08019202504084799177 0.24613325044707975997 0.05820627218771895484 0.15511250598812267865 0.08275739014255932557 0.04416420579036867827 0.33343435040330238195
0	0.38029449262331882498 0.11162908168239517315 0.01488037073370748233 0.03291389104784583214 0.07069364650200421485 0.05212479160970149433 0.33746372580102701466
0	0.45154202588797948126 0.07815795183451054728 0.05146940632033646101 0.29931435323282334915 0.04908736835103853086 0.02297224778594185446 0.04745664658736962332
4	0.00005206061441710725 0.00018103437372381936 0.00022624725944282275 0.00073009945929075463 0.99855482094069758503 0.00014627804220146019 0.00010945931022521975
3	0.29260498999585726754 0.07593067102218231668 0.04769455433132175487 0.51958196991286964561 0.02175845308075370632 0.02313064191053506094 0.01929871974648026192
2	0.00000763684934674508 0.00000720383674162219 0.99927613770899403889 0.00000190042245774944 0.00036229226500698994 0.00030636160948463800 0.00003846730796628903
0	0.60870983623166741161 0.00124823537076247291 0.00107426117530077950 0.00192153721779036784 0.30813961785784399483 0.00175967500397214297 0.07714683714266301617
1	0.05936997832658093971 0.89620620258021532756 0.00390916131532404853 0.00308404969240989001 0.00097973665717369040 0.03395487641550289787 0.00249599501279340261
0	0.98672596412641644381 0.00333164179428516128 0.00010058952887501387 0.00164502604696773456 0.00225277548294362546 0.00275394388317787460 0.00319005913733446961
1	0.02436448719447306677 0.36693964699430897669 0.17877328220043164908 0.19260617581575986690 0.06126904350047963910 0.15586869858372121023 0.02017866571082488347
4	0.00150190590628853792 0.01367960384669739994 0.01105917739942637729 0.00978351921610445818 0.96144595940190935579 0.00132280443311360608 0.00120702979646031294
1	0.03940964354542980663 0.49390094915835675016 0.06769259885995727866 0.28355765490888140690 0.05155078682701392384 0.02152733910011323318 0.04236102760024779146
5	0.00002369960324541003 0.00000325893115259711 0.00001930813617167472 0.00002963483116645677 0.00021089564651663258 0.99970880775634229920 0.00000439509540619660
1	0.00168895537722213484 0.99549072858106602002 0.00102174315581812628 0.00055905505015469098 0.00035192043410357934 0.00085902647457694343 0.00002857092705920175
1	0.05064864709681039801 0.67824838851293167696 0.04527546127459344816 0.05142897488937715061 0.13452451482935082194 0.01908459355371493540 0.02078941984322119421
0	0.64466796608388066137 0.07294011973441495711 0.01175148927204082774 0.04704181051132812208 0.17780052562020889906 0.04096813817081052661 0.00482995060731621680
0	0.72479638694010350974 0.04154967974049222912 0.00705073081766453662 0.02914851017951303885 0.11846516557143527137 0.05410303263815981201 0.02488649411263150341
0	0.94776493049769250376 0.04292131696288382231 0.00289302735844360753 0.00297366566784074745 0.00111338557830753093 0.00044929129422551748 0.00188438264060631017
4	0.00491550369385049517 0.00225221116271665531 0.00649513374515858343 0.00583351028198694083 0.95782681702730387840 0.00972740371835354757 0.01294942037063061095
1	0.01903526572063866940 0.68305221832055651454 0.02802536044554410077 0.13086854752464502361 0.07709576832536438329 0.01908451881797574787 0.04283832084527581380
4	0.01929903169084265166 0.10591992783944730039 0.06668473697714470683 0.29641176287671627820 0.36933410549579820392 0.00729543213135002214 0.13505500298870126707
2	0.00000762956239056407 0.00005966097689533178 0.99982395440363991401 0.00005362717803450891 0.00000438775950847779 0.00001991756063696178 0.00003082255889398493
3	0.02214997504327367167 0.21400091036377402731 0.00968679286638006280 0.43676039006847428015 0.30554916003003179670 0.00773866432673261766 0.00411410730133357928
5	0.00075420935418860741 0.00077873343517557503 0.00041588765666798186 0.00018582647484221009 0.01755815798172954273 0.97974655511606467684 0.00056062998133114968
5	0.01340826289845480947 0.00147017802449866280 0.16761585864924483102 0.00280143327002988982 0.00147084019207748646 0.81229381035916614628 0.00093961660652833244
1	0.01673688150103574968 0.95435130776060295155 0.02342943593338673788 0.00274772372641612049 0.00037106027083003249 0.00195925904879808242 0.00040433175893028148
3	0.22787167273575184567 0.06686410474109392987 0.02279815668865498718 0.60419470810945907768 0.01422603170771901716 0.05721534137716430962 0.00682998464015677903
3	0.01664613468805940799 0.01664904139843752934 0.03294807228083508621 0.92443081947514793573 0.00332747101510813201 0.00288660166435439434 0.00311185947805750094
1	0.00024535136754741269 0.95328714548527349049 0.01991245114172301989 0.02036231942795534502 0.00124267958303807052 0.00439652596948598984 0.00055352702497748129
6	0.05763895997633600859 0.10536980103691337418 0.32286232804793746354 0.01435547446880676425 0.04569814868562708382 0.02077085875332212658 0.43330442903105731434
5	0.15757685585578931620 0.05879656178796757726 0.06952788266166516629 0.12678749012948675734 0.13023334640565648046 0.42875283676800052257 0.02832502639143424233
3	0.00234444749652343949 0.15919069463340185244 0.01102689560856318605 0.81315996923431488330 0.01098765429055091093 0.00145087462198277366 0.00183946411466330020
1	0.20868390362373590019 0.33556525147158711153 0.08396129358384249453 0.17162290743682548366 0.05270899924640021911 0.10689431790131746769 0.04056332673629108737
0	0.33586051371992564629 0.27300228673581788952 0.03299121746484878076 0.12079388560983926604 0.07585054487816177138 0.14479131953014404144 0.01671023206126269131
3	0.06410210540013425162 0.30688588232818470036 0.13348721228855051080 0.41588699606200540959 0.03864934671829878265 0.02468257551112977219 0.01630588169169650686
1	0.03292883182194574626 0.74525994545940654756 0.05430710181091229910 0.08041693926645289425 0.02562832246104308764 0.04006332593239782247 0.02139553324784156801
3	0.01472281831267121047 0.07541939219763257873 0.01569551377701829120 0.82502064277597186859 0.02226557587332331223 0.02431817898062837990 0.02255787808275426867
2	0.00288883927968557963 0.00003310295324210388 0.90777496260192391819 0.00013497016205143671 0.00048482145334037850 0.00017672640711560833 0.08850657714264087428
4	0.00007332552158753736 0.00138519399467537533 0.00001185295918573116 0.00007891552516654801 0.99837221467846959388 0.00002556369388937399 0.00005293362702557689
4	0.02809775945824708257 0.03478524652971150266 0.04644939590348656777 0.02528311203671300758 0.80624475941070450347 0.01184801746792951520 0.04729170919320777738
5	0.02709147562701560291 0.01571449962423458746 0.00840228644695814250 0.02205956816013367530 0.01902268086057202351 0.86011741321597845467 0.04759207606510749977
1	0.00042273363035687722 0.99511153262575535727 0.00099625320253534364 0.00084901183457667176 0.00014595430355658794 0.00205019443023231893 0.00042431997298696307
6	0.00173968507832649279 0.02816354417272377841 0.00102748884020942440 0.00037984513095453093 0.00355658197428480177 0.00066718205241147804 0.96446567275108929795
1	0.00019276109722283637 0.96556238563620755411 0.00472501881318550688 0.01574307701773863463 0.00131251731226490254 0.01199316392354446599 0.00047107619983563449
2	0.06584895151748544617 0.06448555220432705681 0.39679108349363506614 0.00626648264609466332 0.34834754737404954872 0.05912837177093982488 0.05913201099346817452
1	0.00094009329878643746 0.97542799082683717682 0.00221313909826686105 0.00054694746203420841 0.00105427182871754214 0.01976492294586034565 0.00005263453949828508
0	0.95221384807229292324 0.01589942538874861838 0.00604304921252621970 0.00434865524036532041 0.00653882479676157376 0.01039710740904501232 0.00455908988026017779
0	0.91250803339498398614 0.04983469602464926651 0.00041481906506708825 0.00036766114562159234 0.00511415895219366132 0.02986947700965951469 0.00189115440782501847
0	0.65483288834337138873 0.03155786427067114319 0.05292711880350616654 0.03662706428015482379 0.02651499284099509413 0.12418349965708647131 0.07335657180421485679
3	0.02477255351961758778 0.19217737484486122068 0.01122004342187617881 0.75422791418438495104 0.00955812193758332797 0.00442286142978574100 0.00362113066189075983
0	0.54511491530363465063 0.15616914771142906271 0.00233708419538272445 0.19028098267546439404 0.01938645077092824090 0.01943929839107903790 0.06727212095208198739
1	0.10167811005102828092 0.73386035630341128755 0.00451293778097763745 0.00323751216276900455 0.11724174075906709791 0.02002751827293788867 0.01944182466980843085
6	0.05693111150450419489 0.01726721727642580723 0.02731841099257214731 0.31741557436433781580 0.01991727131380822968 0.01700523882524929142 0.54414517572310228122
1	0.00034355714515531391 0.99816152287297132961 0.00060959365061674436 0.00020592923463500724 0.00005630149404212509 0.00058859572972615897 0.00003449987285438223
3	0.00026881698049377911 0.06215811083469542642 0.00037840466769588528 0.93710481775726395259 0.00004749315505836788 0.00002955021344723496 0.00001280639134667128
5	0.00543349340812947397 0.13502214659031455679 0.02628803358465113191 0.01057618083919759609 0.01525589262849565142 0.79158980598169126353 0.01583444696751973996
1	0.00095902373481102955 0.99886090035167862666 0.00003476029649985192 0.00007003773094842282 0.00000256549792835360 0.00007056926416042607 0.00000214312397199515
1	0.04931863170418467751 0.94861154178244000423 0.00135630615636082798 0.00012409922682670604 0.00004981906819978262 0.00038839131776892774 0.00015121074421928427
2	0.00040820093626908283 0.00008473545683264786 0.99780887998107647974 0.00017506787306706222 0.00051412686937308205 0.00084226819965054303 0.00016672068373177828
2	0.00002607448610462546 0.00005804708536464842 0.99950768602805539764 0.00000838820407847783 0.00010639360411379004 0.00002133721336772732 0.00027207337891384654
4	0.01845700270674908300 0.01286039534970893558 0.00077718014756268325 0.00145258826725797019 0.96490659259745281684 0.00015747160727072495 0.00138876932399821344
1	0.00420716546868268610 0.96400166628944350400 0.00672247334043963533 0.01765530042024224949 0.00379164661710531354 0.00096811144971937699 0.00265363641436781221
0	0.32095948765514087375 0.23193225660670610533 0.00518329516904296982 0.05754380602101220182 0.11993798194989217787 0.11058392762428770340 0.15385924497391784138
2	0.00000678817550732865 0.00000806511444277999 0.99784793751192435440 0.00000195937932086585 0.00007195873472537748 0.00199195721220973886 0.00007133387187005906
4	0.04795093910359979339 0.06913756468271942124 0.00507191136048682715 0.01858845379496542466 0.85070598473850322918 0.00822842136929675255 0.00031672495042910917
5	0.00605161889109038457 0.14820848152118126784 0.00093993117191468059 0.00006415072387064375 0.04603910780533367053 0.79864972449915494490 0.00004698538745432304
6	0.03829150611226471435 0.02356357550194596723 0.05179588165607213607 0.00315337561687677485 0.01841115217929770870 0.00356776091271855363 0.86121674802082415212
1	0.03921651960164601602 0.60405352852963323240 0.01699543101507766663 0.24597867183959137849 0.01417307459090093313 0.07093115523966715685 0.00865161918348321228
3	0.03512606029458146401 0.07146096236750611175 0.03232721997683887794 0.81253327900067773282 0.03896379637933303219 0.00509717119116266919 0.00449151078990013553
5	0.06182541047823938291 0.02698373570520058023 0.00731115204040938636 0.02602505292837921369 0.02832257457561609265 0.84459966720975465648 0.00493240706240060788
3	0.02017471784970608500 0.06077471405453124115 0.00821201036660718607 0.89266788873189439890 0.00032354637307801707 0.00154775427683813156 0.01629936834734551157
0	0.54383325077813915449 0.03827279125183769004 0.00239662106806048198 0.00528753307599298325 0.39324182045703842681 0.00524993646256877340 0.01171804690636257112
4	0.00170482574303633307 0.07179446992000333705 0.00578200378811834226 0.00440156508069761143 0.91355451748411176105 0.00163041912709083647 0.00113219885694233616
3	0.00238798939496155270 0.06220591942442472988 0.00415864947269291383 0.91195072786947073418 0.00302403484986944922 0.00117443088056163941 0.01509824810801836149
3	0.00556078456498283486 0.00857607000509986832 0.00607919794783448771 0.95844083842696592423 0.00435683028220863484 0.00527220369311479694 0.01171407507979340366
4	0.03840681320467195792 0.24162913194702778652 0.09532157230484419874 0.25460918383086966754 0.30986494739703257517 0.02795719497235554796 0.03221115634319824533
3	0.24137781840350944207 0.19143514297090127863 0.12671088903472904619 0.25356689527505676951 0.01481208472532401406 0.12664255705657981310 0.04545461253389959655
1	0.00075675624158261429 0.97033067836276387652 0.00043079007081625820 0.02834623335908635286 0.00006822028323586255 0.00003712997619048481 0.00003019170632360212
2	0.00025654985219506832 0.00020027444966954163 0.99558402787406530265 0.00148262862937986024 0.00194814495197521672 0.00025699620412591837 0.00027137803859197702
3	0.01877551686480231907 0.03766341475737954719 0.04036895772523769327 0.73235763223357441820 0.02831141324235974741 0.04895256184504019614 0.09357050333160604749
2	0.00002957134238220587 0.00858620042081855404 0.99113380154041297310 0.00010672164017374511 0.00003196879293859153 0.00010141050811764988 0.00001032575515477887
1	0.14680946927911805999 0.26513541715351701678 0.06661686066227562319 0.24627054213294588547 0.06895533535630446464 0.07338194264453405669 0.13283043277130485160
3	0.17991346935084009950 0.01785720191543779464 0.03011855911415289161 0.70593328237128061264 0.03341874037465955571 0.02367600714169741313 0.00908273973193178541
1	0.24785802451426200421 0.35603474338707852276 0.00242619029342704042 0.00297630504626284495 0.32764217526157873861 0.03388304251021666269 0.02917951898717416337
2	0.00312650003627700781 0.00467249022535560967 0.97695709848161571554 0.00237203344144509875 0.00132124442500018854 0.00675176418780367663 0.00479886920250318250
0	0.98712068068560110401 0.00305923789979139875 0.00043401477792414988 0.00557422179462905426 0.00083746622247662765 0.00031692688035402376 0.00265745173922375070
0	0.56168703713254364285 0.01048914197455131161 0.01594364615567108595 0.03876359145861749123 0.15324778497428531709 0.19669626879673304809 0.02317252950759814134
1	0.00025827877084353730 0.52840838335878492771 0.42604582919465516788 0.01021425242811751198 0.00450724583754542451 0.02896952455719480415 0.00159648585285797513
2	0.03239243408347932535 0.14268012412991590288 0.57814992233510920094 0.02994779447520180479 0.02100481766069847711 0.08566597867697163526 0.11015892863862396245
5	0.00671304416991506427 0.00555091700184469437 0.00899906014603248441 0.00692774795376629050 0.01273225056187982616 0.95596888441735250463 0.00310809574920930783
3	0.25933692936387447991 0.16186794674325330479 0.00364677896032056248 0.51389509514659936773 0.04965511232572367151 0.00305693075384703061 0.00854120670638154958
0	0.79142473558951353940 0.02052595411034564832 0.00170477902895653554 0.03705201749539352440 0.09509892808316072754 0.01032995629918439032 0.04386362939344563144
2	0.00096821641315145536 0.00012682017377993725 0.94730066601199403031 0.00146600971763384677 0.03621281359044189324 0.01293003841172311354 0.00099543568127494859
3	0.00071817019709619382 0.00286517277506081547 0.00059068871482515211 0.99179039410760494455 0.00050740756388943100 0.00234773389189713282 0.00118043274962585155
1	0.01165038135923227372 0.47350395714540632897 0.10588387642483086670 0.25751602087802744068 0.02811469783765438782 0.03569133183262736958 0.08763973452222105498
2	0.13349801226985710811 0.14371583235273852064 0.50816868873193732359 0.07115767229147726414 0.05214245598216917660 0.05004392174815747163 0.04127341662366312142
2	0.00003960216635802404 0.00026006345958715126 0.99921050844176684258 0.00006789050546105759 0.00004262286706289133 0.00035302844361166451 0.00002628411615427834
5	0.00019274027786992141 0.00061247262928857316 0.00147272571210750537 0.00070347998132586011 0.00396466251465299371 0.99299986327520972651 0.00005405560954545016
0	0.24712865913852580246 0.13705670370208497544 0.19145030540619034642 0.18903744413357204124 0.05878148324943464897 0.04699615897139606396 0.12954924539879617007
1	0.04880231579006626130 0.93890483445953987207 0.00037574508484881978 0.00073431858511925261 0.00003334506517617746 0.01009523028001015066 0.00105421073523951389
1	0.00485044760507593632 0.91509007154134780482 0.01095237137987975160 0.01442711790128880373 0.00407690268649172835 0.04794221647371809530 0.00266087241219782394
1	0.06097361005529110256 0.71437196962296600766 0.00940511869914039712 0.18599138571392467845 0.00646282176680348496 0.01855891924115074532 0.00423617490072338964
0	0.75506817622125599332 0.02468055852118888199 0.03963508512515531712 0.01757885578801683321 0.04408924879710084122 0.08013144221248398591 0.03881663333479832417
2	0.19824725800352879790 0.05815719643848624165 0.38452607044090086896 0.03061959328656611162 0.22298394740285890081 0.08035711273169056368 0.02510882169596839741
0	0.60232591022867765229 0.27080918547134930074 0.03447732686678730424 0.00555390328078941061 0.02069500268800555931 0.04371203916013712693 0.02242663230425368318
3	0.05130656695114442500 0.02980936339588114575 0.01171603565995651963 0.71741497301858048186 0.00257361810935101193 0.02824849984910051542 0.15893094301598556517
1	0.05631947423926948054 0.87050979715606136011 0.00185034658859903637 0.00078582131730072012 0.00277293995638058658 0.06683398865165877945 0.00092763209073013094
5	0.23461972963558830330 0.06702833319532601475 0.02522136566745348391 0.21370752002933193769 0.06909868434903171375 0.37843485851382185903 0.01188950860944682809
4	0.18257545689939061462 0.00928032585676809123 0.04470073699648111076 0.00291249895850176485 0.62866126600852267892 0.04230783844142835259 0.08956187683890756701
1	0.01728670745197983388 0.97621358899490551231 0.00060291459267872757 0.00089584968433917018 0.00407071826782708784 0.00069277220701676660 0.00023744880125285028
4	0.00493412059865726976 0.06426379094647298451 0.00165218520987779486 0.00439986320493687515 0.88425183721437361495 0.03442461888697060518 0.00607358393871072159
3	0.06122443535288611682 0.04588544949346801127 0.02595292060277987548 0.44065661004851325311 0.09827172785940474498 0.31232416992266986977 0.01568468672027836450
0	0.87183931633696132302 0.01056902329666634978 0.00900847747925808892 0.04527845891853701094 0.00854661129534685544 0.00577848525238762456 0.04897962742084279592
2	0.08045075007041661841 0.31498550303353306523 0.43799222792262276771 0.09253649497178696726 0.02845511815265038685 0.03515297505092309510 0.01042693079806699882
0	0.56123583089234596599 0.01331165964797418472 0.04903458341554511185 0.32336608566532937248 0.00385568785328146415 0.01592331021569667882 0.03327284230982732738
1	0.03666587258369888996 0.79666992986989260128 0.04747505946895694273 0.02068517779979478152 0.03039184580712966585 0.02605592469296254959 0.04205618977756504784
2	0.00182888547316823282 0.01199303318884198215 0.67269355689895005135 0.02941263275677497013 0.00654603527300318122 0.27556378307022788565 0.00196207333903347918
2	0.00010952720779651187 0.00001196249411317349 0.99954687665758468196 0.00001878252753204206 0.00007952915179683273 0.00020826124593965328 0.00002506071523827584
3	0.14169783764961327299 0.01669607109674710321 0.01920480562269934882 0.80073960753617401398 0.01363092287216348224 0.00574169553277119240 0.00228905968983152347
1	0.00610500077956999988 0.53586992764126228916 0.03758185772235077965 0.00833477345799104111 0.38767929260133560110 0.01640979825856967236 0.00801934953891971121
3	0.07526422433596718919 0.03007053293137674707 0.00869445435356556995 0.86732270596940519436 0.01381526423529671338 0.00381660926982034911 0.00101620890456806498
4	0.01232510096618496392 0.05441760811713716728 0.02076589953453185713 0.01254880956717947457 0.85116170745467290004 0.04101766700778140817 0.00776320735251218638
0	0.75343505349255779358 0.20587874805816636092 0.00329696369104953571 0.01089204113941346155 0.01458746568362556846 0.00280315503231013492 0.00910657290287706853
1	0.00478392155321024585 0.44947786582673854294 0.04117041220747354180 0.24454806403500703449 0.01326060644133325236 0.23803018380307508495 0.00872894613316281542
2	0.00062285206135053101 0.00113758945437753391 0.97742483354915909999 0.00688109498587877698 0.00812124812420179747 0.00073099970920393123 0.00508138211582881676
1	0.00562294514110823346 0.59215837497962775515 0.10673051629450820699 0.10030556723107031392 0.04271391362766742417 0.12449298871190604687 0.02797569401411214782
1	0.16451372475738043621 0.44488659899458699032 0.01365768908289682199 0.30734243342905770424 0.04434576755501525719 0.01573306332372507652 0.00952072285733772741
4	0.00000466868050990622 0.00041684182451716173 0.00007509804017238348 0.00006649321969913009 0.99942233463209972921 0.00000486694447484157 0.00000969665852778962
1	0.00460535445445834062 0.56636186924274811716 0.01548654117160241234 0.20654009344863896724 0.12207909644244960279 0.00678141567187515691 0.07814562956822793116
1	0.01958748987302839570 0.53132471310076634374 0.26912069610445593648 0.11444508737259309616 0.02534340426506927549 0.02898164692368781700 0.01119696236039877460
1	0.08866384092710065390 0.82452542635836989504 0.00715653904969080525 0.05300734742546507616 0.00979926613253129068 0.01229466756990994086 0.00455291253693250117
5	0.00106771035253376318 0.00706909136246507488 0.01364375626503138914 0.00052752299166184508 0.00066579870315556589 0.97645166698499807900 0.00057445334015428305
2	0.00104657287586734670 0.00062166508953678053 0.99714773195449291077 0.00041418294684530173 0.00036831569319763289 0.00030863753061676944 0.00009289390944275299
1	0.00950376600192108859 0.88269266785270827924 0.03886686370035127847 0.02107087545823180946 0.02026157757085896016 0.02129664335076485518 0.00630760606516279302
1	0.00004490750855519645 0.99774305241657457177 0.00004344126606888954 0.00210215347813831393 0.00002355688784571691 0.00000882047618593076 0.00003406796663254488
2	0.00009496615985203241 0.00301890772070774254 0.99622302270521023715 0.00002553138706187795 0.00001045552705597576 0.00061891831985655496 0.00000819818025707341
3	0.00966482693035838024 0.00945461808861397350 0.00203785207569520980 0.97752187682509583677 0.00016800099909518380 0.00053767347461454809 0.00061515160652674168
4	0.00611635426478465867 0.16307104257351442977 0.10233946933872473117 0.02649104904016147746 0.64543601333458766600 0.04994832531923721480 0.00659774612898999298
1	0.29823371311980328979 0.67883797402279155708 0.00169451466420234725 0.00327100326222110570 0.01182774779808179813 0.00009910688697788632 0.00603594024592206489
1	0.02002965441819701958 0.87770317012266552137 0.00980405965985766889 0.03869519353024594016 0.04296678798328859572 0.00383241004572437011 0.00696872424002072978
1	0.02070554340159163134 0.82883744173947826450 0.06536673912865675895 0.03594358494071755311 0.00835126425127380272 0.03438785951440007094 0.00640756702388205635
5	0.00466083848077963967 0.00885142783411271492 0.04964525569757873014 0.00298928794916018641 0.07559509712478225396 0.84252271154700075773 0.01573538136658640327
3	0.02863574874985044122 0.00011912093756583748 0.00018507125851728186 0.97044678250620519666 0.00047107280917136810 0.00007421548781194624 0.00006798825087811982
0	0.62078287122116526664 0.12926028677557588331 0.09239654607857562818 0.06256133072498447356 0.02125790347688369733 0.02460283971693570659 0.04913822200587947275
1	0.09057080553454381622 0.48039155589409276992 0.21904796901436732193 0.09000835876048769724 0.07628123642470718835 0.00560933470231543465 0.03809073966948566675
3	0.00635214215975979119 0.06085568261980996846 0.00602100418474323541 0.91454427123699522095 0.00631077354651717048 0.00063337457032994974 0.00528275168184500800
0	0.28413463316714238083 0.17124157009494683779 0.08163514743140401486 0.17793733122680160941 0.08617620849803514504 0.03942508751145328005 0.15945002207021669038
3	0.01850330027961783960 0.37687412588831065152 0.03601438809908866223 0.48803755845522150958 0.04277529376320021032 0.01697816545219927448 0.02081716806236188003
6	0.07036297977128132264 0.19813547071042134085 0.03889488788212985826 0.06340861748639078921 0.00744853102723221257 0.11882602344358714208 0.50292348967895739165
1	0.00354102423003735184 0.97599689872996553408 0.00032118769964387730 0.01819780388630797691 0.00107263333804204935 0.00058191640652336654 0.00028853570947929278
