5	0.05592233274366034679 0.07021099981309855687 0.00443145118384233056 0.26027665646851777526 0.24946631608084804399 0.29018168617004447274 0.06951055753998844344
1	0.01211271566462527455 0.95987271700734599911 0.00118177593563945256 0.00664923975316580092 0.00386355755997575901 0.00992098826992562216 0.00639900580932150232
3	0.00000382891080727445 0.00002616703951729669 0.00001250006797174100 0.99994345372327930743 0.00000176093333022089 0.00000086167135335312 0.00001142765373947415
3	0.00035868065745081471 0.00891635187143481264 0.00118775841218108822 0.98822374385434008648 0.00048860510774826130 0.00072269466128105830 0.00010216543556387328
1	0.06212203700493779124 0.67213897507851383395 0.03431903657659420015 0.11714125707933333020 0.09327000356591330643 0.01091184053569006600 0.01009685015901745815
2	0.00078473391783071206 0.01496136550776489861 0.97431380629419739314 0.00113778745603616816 0.00676017433380744336 0.00114635833397004746 0.00089577415639169680
1	0.00247070537370899833 0.98895569041976827407 0.00149196569800639947 0.00639575559246147521 0.00009936511304026200 0.00042184911270912661 0.00016466869030630168
1	0.09208444967919814095 0.47087822990535327383 0.02718299151424988583 0.08482581562126378927 0.15632598636711422802 0.01614873817842518017 0.15255378873439584542
0	0.99833062864905008915 0.00010833391443705128 0.00004511996996182523 0.00024501803851841914 0.00067246576564586726 0.00000430919396246699 0.00059412446842443565
6	0.03703871525583465885 0.01299514901446920286 0.02088264346326785745 0.01810841863230550769 0.06131636107733017677 0.01367131691305902702 0.83598739564373347743
1	0.05608076875328176641 0.85770100530100479297 0.02064472648119739656 0.02729737635302310200 0.02021882684243631739 0.01000666705623589475 0.00805062921282098144
1	0.00891600415945944906 0.45392541411488573910 0.18112797945671146871 0.01976845150060366901 0.23760773686407457572 0.09097851365337124296 0.00767590025089427870
1	0.05927230526657242815 0.41957723800824919813 0.14766410521156717039 0.02858698274698598385 0.26096072121816160649 0.05923552981810775026 0.02470311773035597028
3	0.20294465408657660910 0.19715264445013722105 0.10062427243374592878 0.33256221985917944206 0.14443781900521632244 0.01664092384672610433 0.00563746631841843641
1	0.05272271331731416544 0.62412654056985261697 0.29948153269855665171 0.00781956268373892004 0.00195269873820342189 0.00623408279182756982 0.00766286920050647698
1	0.01065485489760167534 0.93241642125789292450 0.01995890956934385715 0.02269160086113478775 0.00225945234724298080 0.00985799977402254841 0.00216076129276239265
5	0.13346577811287860249 0.30587150350191683046 0.07369336375334226141 0.00369505640567840401 0.16186402624497292502 0.31636276767401494414 0.00504750430719585075
0	0.84313506998767195899 0.05755800468912073559 0.00226302877910253882 0.02478547918065925407 0.02011892488526952419 0.00532893424210464321 0.04681055823607120636
2	0.01507392490624901403 0.03011094332046521799 0.59477536140211229032 0.00041545606703644153 0.07815074812912335689 0.16202675787373888028 0.11944680830127460403
2	0.00003453575345401627 0.00001543952626719335 0.99956816878644250135 0.00002407498493568025 0.00001229597211838211 0.00031337032745749123 0.00003211464932500388
1	0.00079455401742475873 0.97344405669819922267 0.02116489010784737557 0.00126749126236163322 0.00196771478148654059 0.00047389382471435006 0.00088739930796571487
4	0.42093234403329898852 0.06287615653633847612 0.00042142649799044025 0.01100326175059540210 0.50085034300492847770 0.00191371354959904796 0.00200275462724901904
1	0.00085387402309536570 0.99568291102986017371 0.00007502459096019674 0.00242027004911786513 0.00004909185642019397 0.00002602739350258245 0.00089280105704358679
4	0.00632265833932695465 0.01040266679768367397 0.00916799600485225866 0.00669298520709446596 0.94178133769106842088 0.00954547190004886338 0.01608688405992482473
4	0.00006380918165706772 0.00003279012779251361 0.00009471606975394975 0.00039029259220671518 0.99904099776176402692 0.00005541230106035670 0.00032198196576600346
2	0.00102909539957565387 0.00052963723141815809 0.98302399157533726370 0.00026244825452748197 0.00040378232647226561 0.01390653918056119001 0.00084450603210831944
2	0.00036768046526881957 0.00541215233227670001 0.70838893284185133759 0.00681339066961663721 0.00660906242800253420 0.26059204885239750649 0.01181673241058609630
1	0.09397414675897301783 0.36439775653108785747 0.10012020166805830901 0.22192451537939855699 0.08204032981646862399 0.07024505602429620410 0.06729799382171756938
1	0.00656031956292035204 0.89421762826383688338 0.05738625491598436934 0.02475734010530841051 0.00193131397245162382 0.01171864642409573692 0.00342849675540303272
2	0.00819415666016411540 0.02360377388046074054 0.96361645452720223748 0.00053673185023112751 0.00231813282425989307 0.00028202548969023875 0.00144872476799245845
1	0.00034906347084391674 0.99779540491078910769 0.00026947286793146746 0.00092234068526160127 0.00012697420330514265 0.00046245601709857405 0.00007428784477045907
2	0.05338306865471579427 0.28876724159703992534 0.32855858226948975176 0.00870828529694905526 0.19518343479358565840 0.02778500082676902197 0.09761438656145121628
4	0.20205118134981084332 0.01809744352562694947 0.04892380634584383992 0.03816642733573299973 0.34889559899261435305 0.01933572630228422642 0.32452981614808673605
1	0.00789850431708421022 0.94804721851980833236 0.00886307117055409356 0.00172434717796924567 0.00077710059176268797 0.03227921722772424812 0.00041054099509694829
0	0.44097550057061962736 0.09590565698583970733 0.00447069964588157551 0.03490555314013281396 0.27633722702956198258 0.00152136489337617803 0.14588399773458818331
4	0.00007227757109450998 0.00503447446970762928 0.01347972030436186269 0.00102202888985411609 0.95971040058400214345 0.01444102150085001431 0.00624007668012960086
3	0.07137281837656941907 0.23195176708330736415 0.27089885166730104382 0.29110654639222255380 0.08699230526745575787 0.02034511722032028222 0.02733259399282318008
1	0.00403905851454702640 0.92550692130340805885 0.01791024130714532689 0.01580763222392434636 0.02203161285012469189 0.01249854454526642955 0.00220598925558390451
4	0.05064762822980520274 0.04980401478270364557 0.02435392765175757243 0.02974620252123942599 0.78905146023823613532 0.00559345766682676267 0.05080330890943111216
2	0.00245283800134597774 0.01210222709122919446 0.85814297018337404310 0.01827215690625661262 0.05012690808523957708 0.05250098169632791412 0.00640191803622748492
1	0.01574666361534683701 0.96685858021292225839 0.00382621386607449399 0.00318618853426793800 0.00346456669578536170 0.00578758887409406338 0.00113019820150929103
0	0.98919552757786899377 0.00055340425055538673 0.00066005308599744318 0.00143320170954929697 0.00453928727985079307 0.00017296598442627904 0.00344556011175143955
3	0.00060414283468709375 0.01845590633566202704 0.00101525525709572650 0.95023063297844334585 0.02396482343709154667 0.00135151213366989484 0.00437772702335133268
2	0.01584362369471131043 0.37598218175638470351 0.56785862777932061274 0.00784796969661219479 0.00036762087401589550 0.02500663033052288875 0.00709334586843274242
2	0.00122450576929412458 0.00036579497035867884 0.99560050809704248032 0.00006045914138470977 0.00079089791176960918 0.00172382187731163106 0.00023401223283887478
4	0.14097505762347872782 0.21491911185543932650 0.05288056536644172162 0.16467220482248190461 0.29149692655742609482 0.03909151360832314320 0.09596462016640923409
1	0.01658092682550502128 0.93138743518596289750 0.00475217263864884196 0.03063655002166126851 0.00151585506150563650 0.00355525340025652494 0.01157180686645876803
2	0.01417081857446011658 0.24055700543987076911 0.53537439887968052421 0.11835390873478648932 0.06054719064352035579 0.00759932531594656544 0.02339735241173571123
1	0.13880971904044603349 0.34077944903046697434 0.28307780787849801118 0.15193011018277419177 0.01729845054689313488 0.03476045143039856872 0.03334401189052281500
1	0.01694611967083814452 0.95865710009032534256 0.00107588095984278206 0.01491997619246838297 0.00191869168423182586 0.00258373538865005851 0.00389849601364362832
2	0.00087703927199343323 0.02167199102590771850 0.95561089753185224360 0.00177470480919936875 0.00746541644996492112 0.00161078411965862251 0.01098916679142350646
4	0.00004650092075008526 0.00005297468810505639 0.00033105919066257631 0.00083340612384617168 0.99769021988751094288 0.00002107963425385768 0.00102475955487163245
6	0.10892627662805429156 0.00668346952753441550 0.01816590151773351050 0.00516440453419382810 0.06507085944470238081 0.02250252609410628712 0.77348656225367506956
3	0.01845534826520902477 0.07112962634096124670 0.02358816884233319935 0.85224202983754770990 0.01176766697047444687 0.00331779039327815889 0.01949936935019579154
1	0.01147156128034385221 0.95215305769571489947 0.00515880133966637767 0.01017317168359260435 0.00454726787852964640 0.01576159616505479893 0.00073454395709744388
2	0.03629598613378121064 0.03778579600709150443 0.73032244185135219983 0.01472084236882108439 0.01624454620486929374 0.10922761793624850835 0.05540276949783631832
6	0.02880056018830394471 0.01013818307723954315 0.01383317449767143548 0.00166976930861768066 0.07193349233039465773 0.00760908385546258444 0.86601573674231013822
0	0.87198909699816751218 0.06029876598869023108 0.00526126521518251351 0.00394225569117952288 0.00738447325961647319 0.00380748730626224259 0.04731665554090162124
3	0.00503554402313405747 0.01333876405278605799 0.00451844428653865038 0.97441649954372444586 0.00096009032359945976 0.00063216785247056917 0.00109848991774749109
3	0.11002021837931552639 0.38514482992329240885 0.00514840422440352927 0.44069792142505403998 0.01195938639055202021 0.00057738744856348644 0.04645185220881913046
3	0.00003704949659238902 0.00265461436370023488 0.00050373037889107420 0.99677594265204794155 0.00000511909698806086 0.00002058530127417701 0.00000295871050743911
6	0.44898520915261530551 0.01682418753356305918 0.00131582709814841137 0.00113991179933586461 0.01001406199409510776 0.00191392445090495206 0.51980687797133728889
1	0.00067419617304061933 0.98888442878603610708 0.00044205158194567356 0.00821191035347861899 0.00074164882073453244 0.00078158365851046889 0.00026418062625419036
1	0.00521066930072694879 0.87089744823914383431 0.00333414371509713984 0.11322380695077713386 0.00521000711447007579 0.00175257024405055012 0.00037135443573307132
1	0.00060401922405470374 0.98603315070251740249 0.01042271117330720830 0.00041827776226818948 0.00018982565490738418 0.00139801842972306204 0.00093399705322206163
4	0.01834505287276762264 0.22787079702516502278 0.00122273887405179569 0.01828292710710651553 0.70214313768758362944 0.00325910488698631607 0.02887624154633868997
2	0.02162091695762979882 0.01359083611558372859 0.86420912774044345017 0.00055868291372576813 0.02682539050999063063 0.06694416938910890957 0.00625087637351747979
0	0.55889831902151798637 0.00341671450104169983 0.00598510090858536247 0.00319234714895923243 0.40169433253851583032 0.01624050373822329141 0.01057268214315656464
3	0.00480177083108216871 0.00098790024218457328 0.00148262583369099059 0.99090694302892845524 0.00076345370574354833 0.00050101384618370711 0.00055629251218611926
0	0.95707356026945966665 0.00924913124234038285 0.00006773828213301852 0.00239952053537769491 0.01643364517385454207 0.00038478414771706351 0.01439162034911782920
2	0.02011163354592607547 0.00733746959835026354 0.88656932318291226114 0.00072043069690610692 0.02402169067511062198 0.04882472362447486808 0.01241472867632036417
0	0.90431842978987109216 0.00530228211173977386 0.07645040427241284187 0.00178000488501535133 0.00487834532698801660 0.00168592154491721763 0.00558461206905546195
2	0.09522182295613521030 0.20998873063373107994 0.46162445566629273230 0.00373285409293476087 0.01806532357484493673 0.19637461081398466245 0.01499220226207677135
3	0.15816826460690056044 0.12202829786857795347 0.00872406978927072613 0.66382638689119177755 0.03283608921530759006 0.00766320741426147669 0.00675368421448969882
1	0.00024369780219000948 0.99916592849759044981 0.00010129058267253038 0.00035277738477306581 0.00001980697403753834 0.00010599750209492256 0.00001050125664101478
1	0.01859039922744595147 0.91377818242572450558 0.01934562713244396964 0.02152078535739223100 0.01210392847656349344 0.00305312082123660768 0.01160795655919289945
1	0.00548879029814125854 0.99292071777962209733 0.00048624707091494772 0.00014527517643744058 0.00071194130015814173 0.00011753516554478944 0.00012949320918127354
1	0.00258204029434195995 0.99248730854246103306 0.00147781793386980677 0.00196777559784414979 0.00091313889213145332 0.00054088969145188459 0.00003102904789956028
4	0.00228642009118400951 0.23666912653475422057 0.05358454726583332384 0.08096408100840737920 0.43190559523649635354 0.09917897745948993371 0.09541125240383570294
3	0.12424368118331496902 0.08592119834953652890 0.03644427374920835433 0.68588028967296965632 0.05389957376433282543 0.00417117509018156366 0.00943980819045586034
4	0.05854932758054152975 0.15045837936157197001 0.30684728587735871086 0.08544856960285197867 0.35508904487737674716 0.02083503298126902423 0.02277235971902987974
2	0.00180679719764649158 0.02119537570499722967 0.85232902541013444431 0.01895067981075836822 0.01561327111185825851 0.07742270934441115859 0.01268214142019341573
1	0.04373088816882251401 0.85469315506214493805 0.02167338663374385882 0.05851875791980318958 0.00218751386522118710 0.01689548323696302840 0.00230081511330184349
2	0.00122136537147985173 0.00054276917249143847 0.97912553214637321197 0.00111791497139009728 0.00100261859446028876 0.00957705152397883563 0.00741274821982581839
0	0.82657722939987421373 0.04105209317108789169 0.03653019910859435504 0.02528327358826153864 0.03826672960118792516 0.00850721832044769484 0.02378325681054666713
3	0.00309150708577213534 0.02447025071522749076 0.00388447581816189552 0.96819211822230077935 0.00012665931924744469 0.00014844793512623912 0.00008654090416421672
0	0.85442559962181963140 0.10787025113377288199 0.00069869135341251083 0.02211841371805921969 0.00766031438581941254 0.00073274125266746071 0.00649398853444874656
4	0.00136798296311329507 0.00079170785058526704 0.00029046231117623014 0.00080225178555596763 0.99342586515037367700 0.00008022196164376546 0.00324150797755155384
3	0.00278042905809465892 0.02519226925453553131 0.00073986509704482067 0.96537956521697299017 0.00418431066650644563 0.00152227374983768303 0.00020128695700749239
0	0.93606330180455721290 0.01531630639019672217 0.00117343110804680453 0.00835639280440278291 0.02485855430424056128 0.00157502697169665910 0.01265698661685912309
0	0.99580921585622272918 0.00269237060269314791 0.00014544396144978723 0.00009808075325659483 0.00088469341557994804 0.00005740438459550879 0.00031279102620239700
1	0.00767700469886494451 0.81305004934892732837 0.02213751960875933247 0.02258207814576533579 0.02295757411913325677 0.04373767130745236098 0.06785810277109795285
5	0.02537213462516934442 0.10646366953713992665 0.15059786031028768449 0.00523254919306826230 0.02801765968159945427 0.68176227076160023088 0.00255385589113522968
0	0.98281172098334979026 0.00288164938111462468 0.00021561853177213245 0.00237374180692989569 0.00552480245724167908 0.00028421873238618814 0.00590824810720555829
5	0.14663243530409769688 0.21179450830299878517 0.00341327640989832039 0.00304452355080141483 0.01841134360306675294 0.60167507639249084850 0.01502883643664624375
6	0.05893187356662989845 0.01730572289342374379 0.02727425311677049435 0.00573017632277098270 0.00522302499994626353 0.00427158514359199989 0.88126336395686655223
1	0.04901955400662728196 0.89288178602999457301 0.01754949340805710134 0.00885700543935174708 0.01349415767860057472 0.01132861540047130043 0.00686938803689767299
3	0.05250078773292152917 0.09745540956969343804 0.00889046510699603720 0.67775804957203944490 0.04008698865167839576 0.09325103940140178072 0.03005725996526921115
0	0.98820009169154288120 0.00132071541812298922 0.00026635044279267638 0.00054791303545053955 0.00494735792516365607 0.00133170053154924072 0.00338587095537798335
0	0.96734319060102802457 0.01038751647014213297 0.00024988088972973565 0.00904045759454494106 0.00571334766568889346 0.00015488080832917151 0.00711072597053734844
0	0.92889197610648699399 0.00366677911138875001 0.00077870823400695371 0.00372278868647660591 0.00448145650021680979 0.00358098351097802751 0.05487730785044585280
2	0.34428010138017739461 0.02385259409140653639 0.48794197570432051858 0.00775079646448616471 0.02131623922731385595 0.00070670980881874031 0.11415158332347659365
4	0.00001419642562413826 0.00000101727036562563 0.00001415023626583953 0.00000507513738720213 0.99985638093403850224 0.00000240874011622130 0.00010677125620411971
1	0.01830778021680235651 0.77493633341557521810 0.02596943771994964303 0.08513502025126931660 0.05045935475893315036 0.02639746619126088351 0.01879460744620937290
1	0.02309146268777822683 0.62072662992446792085 0.01128681259431017769 0.16060391914915797540 0.14101460381264235844 0.01958254244849921138 0.02369402938314425430
0	0.42868185920633983255 0.08505955735778525373 0.04406181784893433567 0.01946771360230760764 0.28315164172816997823 0.08152345010639991396 0.05805396015006317884
5	0.00492465393285923276 0.26616392372837582858 0.00492135873056855338 0.00955402493316002618 0.00440031614879114394 0.70978757368345624101 0.00024814884278776754
1	0.01442271189011031657 0.62610137397195719799 0.15471109122421597415 0.13053172247204633538 0.05325455890667231407 0.01166794052224782996 0.00931060101275015851
0	0.76260999048542443823 0.12456759451022060559 0.00086797201590041060 0.09191706738292106105 0.01158258276471225284 0.00140864653297479055 0.00704614630784651617
1	0.00616227036677653890 0.87602324224367578154 0.00214342244809932227 0.09468126227518655624 0.00116386965045345921 0.01340667626724001416 0.00641925674856848576
4	0.27940116612305537780 0.04391363052402277867 0.07691982020896062644 0.00231193513959759150 0.44993527421042101011 0.00686242220610429939 0.14065575158783824583
1	0.03794473386728391961 0.58405786687514704703 0.06193952828520286891 0.03227307584290028952 0.06751018208589111558 0.05666463729094968482 0.15960997575262525494
0	0.97868407326775153088 0.01327355874106917084 0.00061581404818413378 0.00501817416737152747 0.00120561269830534563 0.00024795012771399252 0.00095481694960425887
1	0.00161784457865977072 0.91068634093517386585 0.00545696109922763802 0.07678453547558186654 0.00277491258651566854 0.00164805953487932844 0.00103134578996213620
1	0.09740330730376331458 0.45919941283727511161 0.10252072402737212597 0.16529375458937192733 0.07599991070230467660 0.03955313936163021987 0.06002975117828234647
1	0.03707814256412539367 0.83101639632340229547 0.00950162825440711671 0.00263229656615868732 0.00585012577000629686 0.00669629114100202347 0.10722511938089841765
4	0.00351157819137157875 0.00798604124674844561 0.00388979789640408503 0.02565737791814533958 0.95018557260209002280 0.00088943784397483834 0.00788019430126541895
3	0.24436539286647140923 0.02394511984942453153 0.00875919773709091590 0.69931252906517216150 0.00559203988153910998 0.00923849613040148183 0.00878722446990054182
1	0.00217145375566452992 0.97466008570660456201 0.00094888291282327201 0.00222895358312045610 0.00793512149493165800 0.00574626651754973124 0.00630923602930504642
4	0.00019030767123338243 0.00004078099385365406 0.00005249423128009143 0.00020612528470177448 0.99899513673567441607 0.00019236467394033135 0.00032279040931601640
2	0.24230015678935853951 0.16602820716810867685 0.48249677118237521700 0.01996256277437736398 0.05584940559959921530 0.00506904686817859825 0.02829384961800219048
1	0.21266124627878876807 0.36331284246689327100 0.09374401609895892384 0.12552510306334077606 0.11440185954100694221 0.04691055344107186720 0.04344437910993917407
4	0.01154496470029266371 0.02696603815141706759 0.03580758828582320669 0.00246047175268798626 0.71141071503758490646 0.19921953843323608746 0.01259068363895890323
4	0.03009867292019604082 0.03492263243457418426 0.01992107777808345762 0.35280703922444994758 0.53800901426972935759 0.00421950646233568930 0.02002205691063082757
2	0.00048932028753765461 0.00015930953489373169 0.99568349271224965147 0.00001870483795364792 0.00310694338537464889 0.00047351764054912889 0.00006871160144205519
3	0.15892240094677828610 0.09233164976201273244 0.05299841137007649944 0.62213530522196403005 0.04855864889471590840 0.01454478584349984914 0.01050879796095234055
1	0.06608075723735859497 0.59285978393027105593 0.00208794800183359844 0.00923016798298867402 0.30435221410563845224 0.01006756187555702710 0.01532156686635285925
4	0.00063323763358551785 0.00041952882348487329 0.00007029528988031245 0.00138323418195261064 0.99638896470136206762 0.00007915539095332527 0.00102558397878093482
1	0.00002347692657695115 0.99973884552186476071 0.00016377883342020614 0.00004334108672215292 0.00000278243724095945 0.00002054643730821688 0.00000722875686659039
2	0.00255823757193711279 0.02569005915060985218 0.78499853744974412706 0.00021831515337190384 0.08153846850070746444 0.10452212499320959194 0.00047425718042073847
1	0.00296759269057134123 0.97662081550833623744 0.00171259428639197546 0.00222732287732160588 0.00250651511172527656 0.00427400228558011321 0.00969115724007492060
0	0.80199118594772378366 0.04680537438920664983 0.00151892485581157314 0.04423029184157504373 0.02313678783277406739 0.05645623009218962013 0.02586120504071921788
1	0.06851271584475006338 0.87768852106014672021 0.00085670439238197155 0.00410402686381914315 0.02555519345181001684 0.00579460946118750143 0.01748822892590483694
4	0.00020418213220725130 0.00168594449884703116 0.00040096105177535849 0.00007516755635674843 0.99355068584686201394 0.00256759352390855712 0.00151546539004206778
6	0.16125456155022810378 0.00803297165135499584 0.00547168775672703805 0.00719713345441864646 0.00602186748024695177 0.00027498258042034975 0.81174679552660378157
5	0.04887973720220162993 0.07200263280195848270 0.20626182271718396244 0.02012402599926700966 0.22944342477661977542 0.28667970199785008933 0.13660865450491874173
1	0.00971205660891398710 0.71549704198049446369 0.01059650556829881164 0.00134527820971151193 0.24523727351659424523 0.01509441384782976743 0.00251743026815713774
0	0.99474924183474688899 0.00309698809444775101 0.00009427757540535419 0.00172493738797550237 0.00015884406893253099 0.00005023363174720751 0.00012547740674465004
2	0.00014393607132184467 0.00014966753221499286 0.99841105333685231660 0.00009784298985608858 0.00022930979826643030 0.00012623560016611381 0.00084195467132215044
1	0.01186888301722483635 0.98464542600825455398 0.00096589063812821494 0.00106871779452304247 0.00062684923908818573 0.00042694216043358518 0.00039729114234690610
1	0.00127398069070164006 0.77370238760578247117 0.00009874217631406549 0.22331429765657248576 0.00055723682135000701 0.00061892008278667066 0.00043443496649157198
6	0.22289666492660281660 0.12897899419199287951 0.05102441604466113889 0.07455594563531517394 0.08107884274586370232 0.21766278923795046030 0.22380234721761391170
3	0.03900673355442636075 0.04604843420993734449 0.00141195994299614640 0.90423879064861989452 0.00049719916741430153 0.00367266804103690654 0.00512421443556900294
3	0.00214341079106532837 0.11314811652370218575 0.00151373223070002793 0.88072900004799881124 0.00213523095995507778 0.00023146891051366604 0.00009904053606492194
1	0.00671713957497206606 0.90768547397816579103 0.04148034493050070659 0.01654399120263656819 0.00409503437688719940 0.01125440470458395278 0.01222361123225493111
3	0.02965895578294000176 0.13298895605222524341 0.02341449024582805891 0.80788189835091639424 0.00241845569099592922 0.00078641280644079761 0.00285083107065374096
5	0.01534184403233762421 0.00124763965287084727 0.00540482690723322230 0.00136788174239439080 0.02340637763569737573 0.95216863805010809596 0.00106279197935816249
4	0.05451444666213210721 0.01066634205899602388 0.01725408425662477985 0.00773525679468118135 0.66345271288685914168 0.03344604753788971152 0.21293110980281723665
2	0.00198093320523050559 0.00054129742997571719 0.99341878567474484196 0.00051254418120215786 0.00054359780234481108 0.00250475809031648101 0.00049808361618577110
1	0.00575525450632183560 0.98244919771324101809 0.00444252141409787107 0.00513237038009251110 0.00031932028161335595 0.00023135400810976088 0.00166998169652410235
5	0.00082369018780105679 0.00035741147736914722 0.00032004491689969632 0.00000886446981747167 0.00160679035078724634 0.99677278705688487914 0.00011041154044038199
1	0.01117889563441562019 0.77103529910374413170 0.06654292994218399815 0.07415762564735892126 0.04153079288961065985 0.01049227456048110359 0.02506218222220579772
0	0.80799162908834831764 0.16882874284952303912 0.00094804495995077728 0.00764264138307065542 0.00401417436823618690 0.00011317666988756143 0.01046159068098341700
1	0.05766918901869465264 0.88949663741643925086 0.00050447853380201034 0.00144299337345633015 0.00466752148140043080 0.03150269606658448462 0.01471648410962313712
6	0.00586593035327550531 0.00119425339663804266 0.09242233670097187159 0.00342946144046505285 0.00217970703989490890 0.00561127149674779408 0.88929703957200689768
1	0.12631817222571867232 0.83221304473199775309 0.00114710369392278903 0.00053820904177742299 0.00894242767334540653 0.01709969445633846216 0.01374134817689936193
6	0.23743027561348239995 0.00222556018996662459 0.00077302869794867155 0.00034789246332107918 0.34780668093913619243 0.00713927158985633043 0.40427729050628868901
1	0.00927392273974323583 0.84311700093689645463 0.10104843314122068099 0.01202552541331682913 0.00215671739415819160 0.02949227995296799937 0.00288612042169553336
0	0.91296757378872461786 0.01521756870333617478 0.00090102202380951233 0.04160614473578235634 0.02256880114632931270 0.00113815180623737071 0.00560073779578063903
5	0.00219884400297651935 0.00248298465629476781 0.00009301455825858071 0.00010569555822874488 0.00079205413386173153 0.99400601669315857833 0.00032139039722080633
2	0.01185819651836783617 0.16122572980527635766 0.66251004441184513372 0.05640794974275199769 0.03699415881812034151 0.01827965060678172701 0.05272427009685638766
2	0.00005543631636643432 0.00001997126915318510 0.99805302435546883189 0.00001243934634963893 0.00065143631129703386 0.00117457580681745613 0.00003311659454692460
1	0.02219914814613928658 0.97561001779326605998 0.00040170041619403280 0.00021097411242469358 0.00048036113046873570 0.00073173413401555120 0.00036606426749135977
1	0.00935938606950660959 0.92788753046694438797 0.00520199763821009228 0.01164031444557477209 0.01525321327030259091 0.01850865684538265457 0.01214890126407926554
3	0.00825398875235263015 0.17248944059325713174 0.00173441734738805759 0.80215006340420236253 0.00546407529266620517 0.00390399769263317237 0.00600401691750040989
5	0.05264829519749549686 0.01725652328747525471 0.00835047459077973772 0.20062922464653368260 0.10408924146234617425 0.58920871588450662859 0.02781752493086304956
5	0.11831719914942072369 0.16642745941633049767 0.03426713024088611642 0.00402064694693701069 0.26115275501985352191 0.35779529881827765170 0.05801951040829431139
5	0.00007779717934232079 0.00015242433870081790 0.00004520706209091815 0.00000396855500346837 0.00001227608427199219 0.99969142994810000769 0.00001689683249064412
1	0.02816898777984455648 0.62099231856572001398 0.01140584843922397805 0.10900887857606471332 0.00728494055417196543 0.21242351861235370114 0.01071550747262077670
0	0.94948623882825633480 0.03052948384941635632 0.00125267262969677674 0.00394406623195639201 0.00661820572316677066 0.00097805744854803363 0.00719127528895930051
2	0.02293139869780391402 0.03872731028791456809 0.76362756028717992951 0.00655875251739889125 0.01635458551802939850 0.01635892414693664726 0.13544146854473673725
3	0.03477856402537463781 0.13232756091861322401 0.01752667839286513665 0.77447926722176352321 0.00796030583000040259 0.02572688946344041383 0.00720073414794330721
1	0.01536465813419661194 0.87636743122329052724 0.02460738653356015285 0.07089865363980382695 0.00411155561845689271 0.00749298792264008109 0.00115732692805155463
1	0.00119092956980980033 0.99651664068006751140 0.00082144919963237977 0.00034263680981589886 0.00004211115246594792 0.00013949702737275403 0.00094673556083505058
1	0.01777783460843019095 0.96877637831976171068 0.00150680300344022329 0.00491312187708040343 0.00313610335753722802 0.00236993073949366348 0.00151982809425706762
4	0.17373363083536949580 0.04278092243146713186 0.00058333909176326311 0.01519282404504640124 0.62667060457577594690 0.00005797564791386415 0.14098070337266382923
5	0.16701474725917092590 0.00948416275718832677 0.04840083863366277661 0.00741459381469055864 0.01483955603298164894 0.66894097541229391446 0.08390512609001192501
4	0.05400548845234291739 0.16129529972374498370 0.09217180267923610892 0.14944327083395042566 0.48427020495781802900 0.01226218587080155249 0.04655174748210619273
6	0.00016702617517241167 0.00023356919936125985 0.00015566237696478208 0.00019243742471133351 0.01458777305332653075 0.00017641589837950265 0.98448711587208437290
0	0.68662213335263944103 0.08284564582303256819 0.06764682315558197268 0.09523030987206725084 0.01309206427369437320 0.02161381566927831482 0.03294920785370598210
5	0.00109716962718109119 0.00375561789083964960 0.00072166719619213345 0.00006457179309896843 0.00071570453733642975 0.99353061474182235990 0.00011465421352926349
1	0.19437069444085811054 0.37265323061037497476 0.05819510280153419174 0.07386041519879878170 0.13287828802791853966 0.02283556411013681897 0.14520670481037875610
3	0.02940393158558862047 0.05462568218390925073 0.01610548796928780793 0.82916617160753991467 0.04159964284948853425 0.01180367341276231628 0.01729541039142401884
3	0.29723610187277327288 0.12217650177299434200 0.00454526314206014394 0.54621369929213547945 0.01686069497262723815 0.00046725760374658967 0.01250048134366298774
0	0.97964480240783824438 0.00093600292360752262 0.00191110995272456593 0.00082640844959356284 0.01153774467296249905 0.00040555767373932146 0.00473837391953412391
3	0.00138316464035603479 0.03083749480842928187 0.00036600870594447440 0.96132792746342810020 0.00482909321162490728 0.00053113086959608914 0.00072518030062125995
1	0.09975920061215901025 0.46064689286872456675 0.00985805820699419549 0.04476975254410431315 0.38309999619139978311 0.00088065873531913098 0.00098544084129900569
1	0.00118794401777188858 0.99125222140840896223 0.00142359665398566885 0.00546535558918560035 0.00050972004703045729 0.00011212759524964388 0.00004903468836832864
1	0.17387783585825974941 0.57487808909503645971 0.16061436251352517735 0.05158003074583565606 0.00549319780203951207 0.02613986947614062306 0.00741661450916263586
5	0.14373055293946698785 0.19866813534737390312 0.04495909208300242349 0.14570195413605913082 0.17058986332054790203 0.20792835391102651443 0.08842204826252304806
0	0.90058954229548660031 0.05299744499846905516 0.02826490171823627454 0.00416927400590345713 0.00461021802883730333 0.00178725328099171811 0.00758136567207551466
0	0.86277248991160826463 0.10359529015659381390 0.00026255876627196014 0.02327980720506451703 0.00466305389337538356 0.00124918480827734130 0.00417761525880845554
3	0.01640034438225177957 0.14206129786793464387 0.07479127535485333156 0.66753158003926893471 0.03956997550452397844 0.02406384891455553426 0.03558167793661168310
4	0.20459039533084807938 0.07114428235513220455 0.03052537701999053291 0.02718007589434080773 0.45749236605921916876 0.02542526139054096523 0.18364224194992814776
0	0.95370758758018936430 0.00691881503014216137 0.00283691564545034223 0.00254024513493612131 0.00525255744806008180 0.02552791835460111944 0.00321596080662075708
1	0.01365690763296756663 0.90059085673877803391 0.00309351507053139954 0.06698481102099596018 0.00615308251106217851 0.00299687844257920085 0.00652394858308621636
1	0.00318181086708552207 0.97108077982354146229 0.00855274249854737906 0.00135482000300955340 0.00548351556359289848 0.00628109358897309226 0.00406523765525008095
1	0.03596125412772800678 0.57200924690853394150 0.03322546225229580652 0.05106175144807444111 0.03820921010203851692 0.01113094340570299455 0.25840213175562598558
1	0.00072383253211023661 0.99130710701942126306 0.00082619440032356004 0.00021918518209822153 0.00015287214062640020 0.00640997757086176657 0.00036083115455898425
5	0.15144304432949323713 0.09059304046372892993 0.06263445408329801345 0.01839315731062703477 0.02403250764001901157 0.62807445092501501538 0.02482934524781869184
4	0.00001674917698185594 0.00000864567948143664 0.00004989521897901715 0.00001315798315896921 0.99985350302889408614 0.00000157871143963454 0.00005647020106424115
6	0.06244980295083129435 0.05206917797600857378 0.00527145905169597480 0.00484787511838892776 0.02040031136092136307 0.04731885354944929262 0.80764251999270442184
2	0.00018533651575889642 0.00011370116832132847 0.99588116267949000626 0.00007800358096435421 0.00201281469913372176 0.00023129017447684743 0.00149769118185489073
1	0.01804709494512474546 0.89877715288348802858 0.01373053329786222583 0.03375247609031847146 0.02827702135619615878 0.00517337873713969321 0.00224234268987092387
2	0.00284707719627738751 0.01993644681589692644 0.93459313127583243386 0.01059378881672282807 0.00450475108079403681 0.02198245560935814524 0.00554234920511901229
1	0.01080148715589341647 0.52830703427046898923 0.00626617892995396351 0.22128230934178633182 0.08018351222802869160 0.03962092651931803378 0.11353855155455076786
0	0.69109868001869467768 0.03046897689104553081 0.00016256438873135182 0.00668013946593480103 0.08832066201276170259 0.00337619233309835671 0.17989278488973359238
0	0.49764253427327309609 0.01673874658482946837 0.33811039441174411957 0.00072840734218290119 0.00823887094096092780 0.00242017563327865748 0.13612087081373080988
1	0.00071184543444626316 0.99887342198138573401 0.00025650661099498246 0.00010907481338664380 0.00001916606203684530 0.00002353183080772014 0.00000645326694118455
2	0.00165689545919011348 0.00150431018778843348 0.97984949501533724625 0.00542753896891894853 0.00547553922314045812 0.00145933067666848340 0.00462689046895601447
1	0.00035877430466315350 0.99931632141135207092 0.00002980982542876734 0.00023907261430391351 0.00001441227294150709 0.00003714851271426160 0.00000446105859595331
2	0.03134493522870019505 0.32754935385108802093 0.60776978815196869288 0.00233928528044351734 0.00100408154544633890 0.02715021026371879087 0.00284234567863447763
0	0.69957652570332873321 0.01434318533083051017 0.00003639231004748460 0.27892673703351633652 0.00603056462462809879 0.00104565917313420771 0.00004093582451450669
3	0.25596463678904224359 0.10366303391700791570 0.02990153765339161399 0.58919844093424811327 0.00635377166274526083 0.00238790991361179051 0.01253066912995310853
3	0.00560732972929743612 0.02580338424271608200 0.00226784417482256201 0.96410046125300252751 0.00111994028123656142 0.00031974391015325196 0.00078129640877127129
3	0.06599067909306723101 0.20719675291629374714 0.16390488715500195482 0.33226904096153370149 0.09721816156028179057 0.03590995526600491289 0.09751052304781653024
1	0.08315981490093699025 0.57311452053356903846 0.08955195643533997440 0.00230044176140936163 0.12416286990685400371 0.00662377596595540782 0.12108662049593538201
3	0.31067419121942746463 0.06707180821121902503 0.01870182486276924377 0.36496936794343820543 0.00957785756596218896 0.06937512549434413089 0.15962982470283937353
4	0.13081746130074076162 0.09030365679318856642 0.03559021635095885316 0.04908052492636396508 0.57555104278634083848 0.01720518135560486148 0.10145191648680221275
3	0.00541866953805591415 0.05824083971225058054 0.00070351725906439555 0.93093279455658872745 0.00371589451452765179 0.00026694749133162948 0.00072133692818160833
5	0.07756696265136653334 0.11238642249711781884 0.03472279307930321163 0.01564049637584203137 0.00188413321509540749 0.75304986616235625174 0.00474932601891876142
1	0.00294168240044532896 0.99428560197795334830 0.00005324491297606326 0.00138929058181932259 0.00038103419293429846 0.00046555925476896671 0.00048358667910151747
0	0.45859588579140103670 0.21486687518576616518 0.08678211899449346511 0.01978388923993681589 0.20185181595917783826 0.00515783559706960940 0.01296157923215538951
0	0.62110916448267616818 0.11559348232203456308 0.00633095091886602766 0.07977068315474035443 0.15944490718057346967 0.00136148228294163715 0.01638932965816797954
1	0.00226208835467640998 0.49023239850049188382 0.45323205685153705735 0.00165904737568606741 0.00594686074302786839 0.04439632776739076830 0.00227122040718946358
1	0.00740497663741268401 0.86945956215818831492 0.01549887003243589738 0.09378173513472649880 0.00385819771087588794 0.00568428825546312723 0.00431237007089797873
4	0.15484045858113371086 0.11313600115296794379 0.20013722712433010265 0.09233470790135607509 0.41020782220501739168 0.01224500741193822184 0.01709877562325677267
1	0.01509839606033162342 0.97317019076174227088 0.00254011495229634681 0.00217546197314418118 0.00049012528648804401 0.00555618538102358329 0.00096952558497522749
1	0.07991745063177688180 0.50577435645267188047 0.16040026859546521742 0.02335658066015254206 0.06916054099321182480 0.02921892622491557498 0.13217187644180655726
0	0.63668382216417984676 0.10792619141155498919 0.00149721711109200356 0.15283895004405259610 0.00829102074983454826 0.01863825397283445234 0.07412454454645141244
4	0.01805618810318606812 0.00266636816003036712 0.01790061640041009858 0.02472960642146006596 0.88169558165207218003 0.03737819102130097298 0.01757344824154078583
0	0.91350272865056136862 0.00631385248092972227 0.03626209319959045746 0.00690936371291808130 0.02721514730808354682 0.00231231483838319381 0.00748449980953365922
1	0.11939433631481054243 0.49415575347161477815 0.05787190806030434453 0.12206265050061902711 0.09780198310547390250 0.04181080841547191868 0.06690256013170566007
1	0.11859338780470875252 0.42570767174588752813 0.19611373089566230821 0.15452609954662044345 0.05165574466235270390 0.00657422190653991333 0.04682914343822858899
0	0.99412886417531542982 0.00404345709685805226 0.00006108902863202755 0.00027361836473264875 0.00034420249092072090 0.00019673932810234770 0.00095202951543885172
2	0.00055213309116186821 0.00748707214578123344 0.97941770108350578727 0.00055446919378885370 0.00625556125204241101 0.00423067860891073854 0.00150238462480977320
1	0.00011722995133741129 0.99839232013844447788 0.00003327742598033389 0.00046261798154209963 0.00020956187392893818 0.00006763925867702134 0.00071735337009000584
2	0.00001108413367282424 0.00014252296804535342 0.99896572864522759083 0.00000078981188062591 0.00032887243312772083 0.00045955078413414052 0.00009145122391168863
2	0.00042564182638730438 0.00109115288136740676 0.99666048582057265026 0.00001658632596742105 0.00004173464208190012 0.00155936067782973969 0.00020503782579364723
0	0.78901046694655796454 0.01415546289091008242 0.00423047947737499510 0.14937786163857352806 0.02298892925621966177 0.00063792218699943121 0.01959887760336441465
1	0.00046116517479587215 0.99446290031650963481 0.00008466655481752690 0.00301652008568165314 0.00036446322060702753 0.00082392395961318325 0.00078636068797519499
0	0.54992481706581042289 0.00394154847075687924 0.00131823794069941061 0.00376565261497745652 0.19258889422402250546 0.00027276549386595807 0.24818808418986743058
3	0.00315737269198899549 0.00847115012411372124 0.00925883726009848682 0.97727138657859180526 0.00122421013455971807 0.00019903621264963546 0.00041800699799733897
5	0.00989449261161288486 0.00292889659408404395 0.00137877276921164545 0.00006211089412678153 0.00224037809819614426 0.98167508943921089060 0.00182025959355746800
2	0.14001618860018769097 0.09313679711632004421 0.58218203233285759080 0.03014249152103264107 0.11440739555294938967 0.02263052491494814064 0.01748456996170468999
