5	0.04016832682504717367 0.04164336928933024679 0.00714322713424225212 0.03463000980956264241 0.02205004172489233999 0.84792820960256010121 0.00643681561436535658
1	0.00546334316856967369 0.98853182230211011916 0.00076207971014589915 0.00064371693842355806 0.00178010571419249326 0.00199913073917987183 0.00081980142737783830
3	0.00005684401631495930 0.00052849200540424919 0.00022841186728788222 0.99901565983381612757 0.00003026949577340035 0.00005049341533140861 0.00008982936607246125
3	0.00109347565737398446 0.00035251715057228988 0.00093919492976155016 0.99726791432356232114 0.00013456184195486022 0.00004280509486612783 0.00016953100190948334
1	0.00856665578562472961 0.97846592525536812968 0.00149092513737982815 0.00398559555674400136 0.00587659589281930902 0.00119887847147406401 0.00041542390059112131
2	0.00006496179400690061 0.00249248952304239203 0.99155021706356460953 0.00376849072385209739 0.00143702607058373839 0.00036470967046715511 0.00032210515448222085
1	0.00265338750918818565 0.78777996563329455437 0.19678258336087453562 0.00774626135844903863 0.00118972203588398767 0.00339573755720492827 0.00045234254510537349
6	0.00693927126239995192 0.00746240598607844381 0.00093617658186718002 0.00079230978499925271 0.00226425029204918582 0.00080050431523043578 0.98080508177737568687
0	0.99589335735695805329 0.00301936801149293261 0.00001917837290007964 0.00013172078582427782 0.00056889054788848855 0.00004445408304393195 0.00032303084189204634
6	0.00756214480156533995 0.00009057284854555991 0.00011342082834533642 0.00008146156412203227 0.00020449673682174893 0.00019062392438413454 0.99175727929621559920
1	0.04046372705147221333 0.89484465454778849836 0.02979198358174734926 0.00557558678633912098 0.00179756676662271063 0.01450242774826730925 0.01302405351776194514
5	0.00051358842440288885 0.07618968937080518311 0.00282736732255460836 0.00007451318694955093 0.00575486359820876533 0.91459890669832077936 0.00004107139875803232
2	0.02317542479842508649 0.04003435962912657575 0.84916196827370504785 0.02275139226867952530 0.02780415871025602309 0.02817252529849257128 0.00890017102131542004
1	0.01264974678772521829 0.87098365912381892073 0.02351740295867914970 0.06004766216191252670 0.02191641101084348953 0.00899143756886739212 0.00189368038815281351
2	0.00011894380273142729 0.06573140342295449856 0.93363280244521951179 0.00007137637066385977 0.00002212837695149669 0.00038480649772530061 0.00003853908375706663
2	0.00206607965776831482 0.08885527343146969181 0.89779006884022793944 0.00477877601298774737 0.00187800447981281054 0.00401762730448819785 0.00061417027324521349
5	0.03465752600701744318 0.05297543511292888974 0.00966358045155741620 0.00107841827147488428 0.00858914945956855760 0.89141030110019414678 0.00162558959725846663
0	0.86800946364350817230 0.02649207890989261141 0.00388841812875345217 0.01481267018032049118 0.02964824271598628935 0.00970839048286082154 0.04744073593867827870
2	0.00140123072470708758 0.00761826791763732438 0.94545103117257611736 0.00010107775767701712 0.02014601847295428155 0.00211400263406487116 0.02316837132038247413
2	0.00001357389352212121 0.00000539495804541537 0.99993455326183511289 0.00000460317539141642 0.00001480901426498939 0.00001144428628216433 0.00001562141065758073
1	0.00005506900197547409 0.99976275333811726043 0.00009714496537363353 0.00001255012505679128 0.00001222351396157857 0.00001934354038951802 0.00004091551512512210
4	0.00369451989574401613 0.00113249990440375385 0.00005551584143430545 0.00008389703902688559 0.99432705407609200954 0.00025554524381766070 0.00045096799948148725
1	0.00000907373063105514 0.99992522461777744169 0.00000977517177642454 0.00001412297088167060 0.00000417816019557679 0.00000938802408464534 0.00002823732465393840
4	0.00166207521702385792 0.00142888168346878841 0.00284227112699285151 0.00155673121507326193 0.98694617690595320969 0.00408005073827102504 0.00148381311321749880
4	0.00006638579081312738 0.00011511833544502043 0.00005392947061239637 0.00094966217606544899 0.99868887214870472047 0.00009210307292687254 0.00003392900543256277
2	0.00015718377099799971 0.00004444709733108202 0.99835795134621896363 0.00001179415885529466 0.00003649879236938553 0.00136906311534716325 0.00002306171887795071
2	0.00373761530536205087 0.00685557252703087802 0.96651877206490044436 0.00228616789697552942 0.00142460761712261651 0.01716374930385564448 0.00201351528475247465
1	0.01429622396741903230 0.95258830325616550283 0.00542070048087318120 0.01368979310687142709 0.00719539716140972594 0.00467785637673312840 0.00213172565052876422
2	0.00515313294769687361 0.42350238305198684152 0.49793086444183848327 0.04378632279213297979 0.00474168661148498434 0.01177742527668763396 0.01310818487817219831
2	0.00038297155952585942 0.00664116833028630203 0.99118264484389362323 0.00036726785044597510 0.00113922285829251959 0.00010117704148563278 0.00018554751607041163
1	0.00003837273590664694 0.99595273480369173047 0.00278414362091257373 0.00059533977672368468 0.00026526628067928537 0.00031608947710615821 0.00004805330498078370
2	0.00009678587537425704 0.00009782343652434089 0.99841352925504067706 0.00008913285690313149 0.00094772591720651859 0.00029139689968106286 0.00006360575927002733
4	0.04328709041121407003 0.02902341909702291223 0.03259605272490943145 0.03713716016903084727 0.82704015027294108808 0.01688010212374575769 0.01403602520113582212
1	0.00420721265340474014 0.91024582570179546348 0.02626736317033643783 0.01037053254364044864 0.00349303970113098040 0.04356318609622481658 0.00185284013346771704
0	0.84712299015373149214 0.08821981591677013901 0.00119190879097414511 0.00219551825399305102 0.05327630304103282005 0.00035630038314115567 0.00763716346035717315
4	0.00077218255664985767 0.00460898250013070006 0.01485213800151251491 0.00325520404751499740 0.95736497922604191224 0.00941869723841335695 0.00972781642973756348
1	0.01395352099168390043 0.94780481966322815968 0.00578993014787038216 0.01844945248729574702 0.00832812729337231369 0.00363787567466010561 0.00203627374188947554
1	0.00234299376582068836 0.98557015478179577084 0.00124637939159913066 0.00149389378202970579 0.00759857037945524134 0.00165131474480675585 0.00009669315449393024
4	0.02003765940873108997 0.03548783147762855222 0.01259545746933041568 0.02466913437177054025 0.89364357961852525225 0.00932735421783332380 0.00423898343618073475
2	0.00035774459323889709 0.00094982036400955273 0.98325022502449321848 0.00095457753360901610 0.00910144034677359132 0.00422752993484669382 0.00115866220302916420
1	0.00065772082609819613 0.99743066584679707098 0.00060779029262665574 0.00036723363965938163 0.00023725582347599030 0.00065954907513436026 0.00003978449620931655
0	0.99740054739694827823 0.00063733762986503261 0.00007845225821101825 0.00012973719965317037 0.00016674290317371355 0.00014995912548052681 0.00143722348666791284
3	0.00035487498342634955 0.00158553307223886775 0.00012761363766599854 0.99525233021826919888 0.00244490290173286469 0.00003433851813173010 0.00020040666853498321
2	0.00000122654282820036 0.00011179508878121276 0.99982130235322563827 0.00001332269121325951 0.00001066839442630421 0.00003608750231007880 0.00000559742721438156
2	0.00181392895441369697 0.00028537163738648233 0.99566891223755416007 0.00048638631513036121 0.00111058395726328085 0.00052314097910602104 0.00011167591914631909
1	0.02967511598165453041 0.93201703241819644497 0.00803551319881986789 0.01124988346192947776 0.00965032608015880568 0.00568971618591830337 0.00368241267332314543
1	0.00988802259354570542 0.94432634327533815366 0.00253807130874402799 0.03179911856201337456 0.00301592768550962330 0.00753417699793535074 0.00089833957691496931
2	0.00018013867243887229 0.00089857021539534502 0.99699703322847410547 0.00073540305363346489 0.00081034904725629754 0.00026921884422586255 0.00010928693857747797
2	0.00484692545010761630 0.13291486352310974417 0.79240763433839689345 0.05618050220171511011 0.00538244455414120179 0.00486207475144925880 0.00340555518108034624
1	0.02474925228853478223 0.96496193730424617563 0.00106282550696627223 0.00559299441342792775 0.00109961621739260293 0.00141866350446432548 0.00111471076496759197
2	0.00034431487806254636 0.00785980050347142960 0.97550694249341662889 0.00653260753163445364 0.00441965621711541776 0.00046599236063186891 0.00487068601566803105
4	0.00002109189469284156 0.00012667033757477299 0.00004182944262182379 0.00011452688356875711 0.99964750201285001996 0.00003605542224600777 0.00001232400644383868
6	0.01619134968853382789 0.00333205786496561457 0.00297621187459053095 0.00202378806925599623 0.00845785316254159432 0.00380872581593317281 0.96321001352417889851
1	0.02982685941646118222 0.86206619447038868032 0.00615103985957475563 0.08842365814879936392 0.00441351233250114605 0.00547435382395292710 0.00364438194832204321
1	0.00186636652610333857 0.90715759240960347487 0.01605145784633501410 0.05280207149142330386 0.00228875856471676912 0.01883388906430788837 0.00099986409750934440
2	0.00047446549513746047 0.00023291927815398961 0.99748293243223695725 0.00028737578409230159 0.00035455159989164232 0.00085539567816036630 0.00031235973232827962
6	0.10160807963544044030 0.00105708079565515847 0.00046620026681470922 0.00008592247168034168 0.00098841376287878710 0.00010841693689259195 0.89568588613063815362
0	0.93617211778745024198 0.01942095665812244853 0.00411103966358231186 0.01760107253759605681 0.00306072658982739065 0.00606576221983842062 0.01356832454358332211
3	0.00051521822086530251 0.00002621332133170840 0.00003203025296726831 0.99940282934414970129 0.00000708590606735121 0.00000412347633656965 0.00001249947828270894
6	0.00744490448384621875 0.00210912260789296877 0.00013990786522656250 0.00045299845975130872 0.00086533065791996871 0.00006509778665106268 0.98892263813871172928
3	0.00051883842675178721 0.00638594791074540650 0.00020792224324071490 0.99280820469253683314 0.00001115082115551056 0.00005174447087724487 0.00001619143469224556
6	0.01605144606447322583 0.00005787396343666014 0.00001162244046418059 0.00001197779602403496 0.00007247903522682078 0.00004041600011396094 0.98375418470026110285
1	0.00109848736976677274 0.99003901605509769812 0.00108067231965714903 0.00309284786744273670 0.00133226837577499592 0.00296063917523486063 0.00039606883702520399
1	0.00110342553585461882 0.99671361981474271285 0.00045087900888147699 0.00065173101003162344 0.00063170221102732825 0.00026880339745113902 0.00017983902201054467
2	0.00100226115985547451 0.12570588621239051075 0.86605072219535483846 0.00297827007404397916 0.00021703605104159932 0.00256767470443352002 0.00147814960288002954
4	0.00916961021264390413 0.03659657259118884870 0.03360716550211263753 0.00276572536459056837 0.91449380930841817072 0.00283246236439040283 0.00053465465665523265
2	0.02075575147839293574 0.00644294255561529000 0.90815680987193958540 0.00595600091056512192 0.02360149836517203698 0.02831912237865474857 0.00676787443966002464
4	0.44039445979627256378 0.01216404538654541033 0.00162596817849421245 0.00447642542239227049 0.52583865421410802554 0.00191539443313390651 0.01358505256905371932
3	0.00146387603893352309 0.00010387785065580968 0.00004572285445822926 0.99826823363506467235 0.00005736171588529126 0.00000899297006973389 0.00005193493493383801
0	0.97652425155681621405 0.00615587719360392773 0.00007084792832482198 0.00035581330468649735 0.00938899477627086823 0.00038137256895103434 0.00712284267134665958
2	0.06886302948416855862 0.00026617048706933553 0.91325568571694337727 0.00034567064005828888 0.00565539249867360282 0.00718276832888810335 0.00443128284419871347
2	0.06999024382603595551 0.00962643640139965867 0.89090708342551083732 0.00148698869755755757 0.00686323519941507438 0.00424625056941349815 0.01687976188066733774
2	0.00178099983080675815 0.00099615853863738494 0.90448021329428485160 0.00026473609079501285 0.00038028469491641564 0.09190562790691778061 0.00019197964364120067
3	0.01512748526810729806 0.00215991696614637558 0.00040903140039038325 0.97229135807357858212 0.00950103240144690303 0.00034477039819459415 0.00016640549213510090
1	0.00001006589091172197 0.99994759629272622625 0.00001939002625176198 0.00001544850099824605 0.00000284193943086465 0.00000397563781918755 0.00000068171186121474
1	0.02437433795364515529 0.86948779057106950763 0.01506828097091070066 0.07506679946839833750 0.00416988258103035119 0.00456963079741317529 0.00726327765753270911
1	0.00053209762295580601 0.99880161806830514148 0.00015429338361013688 0.00014411906961483932 0.00028369021008658757 0.00003180045629632166 0.00005238118913130378
1	0.00379242799745376337 0.95569262828168377588 0.00600547437641800637 0.02856240423575036325 0.00219280429567665419 0.00292233099372811271 0.00083192981928943092
4	0.00634392455689847083 0.07033814680304650846 0.06641182452489982624 0.00994532018345662371 0.76981474907354285886 0.03825523980923738881 0.03889079504891823635
3	0.00252823443416878239 0.01458709071666279035 0.00191957244184980374 0.97866139241620031530 0.00159448097875596051 0.00011477099816181126 0.00059445801420026376
2	0.02763163538335519989 0.03492043415255569744 0.80653393695991615342 0.04162388239974366966 0.03990982407330193743 0.03041378441687976608 0.01896650261424704872
2	0.00061227024075705778 0.00007234532042365687 0.99834219984871641618 0.00021962150645554046 0.00013836770899151082 0.00055398366841273377 0.00006121170624207336
1	0.00112231104649650778 0.99685873375603950564 0.00068577468677915199 0.00083610585740774503 0.00012004083274289493 0.00032120108714690771 0.00005583273338808232
2	0.00163438612158669410 0.00020596004207639994 0.99306783103006235347 0.00035120598626444392 0.00102422883018071830 0.00189390378499161181 0.00182248420483807801
0	0.95464251281843326424 0.02246816963597531372 0.00263832093303217581 0.00488423050813737401 0.00657375342217800078 0.00649233988031781145 0.00230067280192577115
3	0.00076099946988181645 0.00177463679383526749 0.00275683410324520893 0.99302511346301935991 0.00124141233361647332 0.00002663354544198443 0.00041437029095936056
1	0.01525201286378990648 0.93012379580868642659 0.00347659736573422470 0.02509696384003791761 0.01910712382103367524 0.00558005656544255726 0.00136344973527527695
4	0.00004905097341763587 0.00010309065379157165 0.00014720716808340597 0.00102260432548184534 0.99858018109181478916 0.00004244322393760329 0.00005542256347356794
3	0.00841251033502364923 0.00425751955115241144 0.00195342205967284459 0.98079529209646554300 0.00344445489460779280 0.00024645053928703999 0.00089035052379132166
0	0.94043348665531989461 0.00749805788551531193 0.00225626131147997752 0.00507468127095763409 0.01542309595629413367 0.00251892192706055541 0.02679549499337259208
0	0.94359923605304507621 0.02718567834296059874 0.00365949128112213942 0.00122067458929323545 0.00617819924154886044 0.00054798524819807913 0.01760873524383194111
5	0.00578040969355733073 0.05853556050864377330 0.02139327568526631224 0.03468494553360702143 0.02000636496763593883 0.83950669965570068332 0.02009274395558896878
5	0.00788114921574650101 0.04941432003959699004 0.01297172041890227653 0.01074643026623743787 0.00579105146435464346 0.91055179156303034382 0.00264353703213136577
0	0.98187400281696424198 0.00406871063066018175 0.00029763689639988509 0.00062452735104383868 0.00137374779810600168 0.00125931206024642336 0.01050206244657932164
5	0.00661139145569501416 0.06084275423278973083 0.00181067740868951031 0.00322906399175303636 0.00281223521525386959 0.92236066213796230606 0.00233321555785682847
6	0.00387102656977161451 0.00063726346501186907 0.00046530667148609890 0.00008601348297559794 0.00012607882360101435 0.00019300594326004974 0.99462130504389412167
1	0.00642283611736541634 0.99007730724680731438 0.00104006120190529641 0.00046772079814212517 0.00091010531117331176 0.00065523990766852536 0.00042672941693780604
3	0.00411347160093001717 0.05230028344570766818 0.00896077618535718635 0.90996269982965605205 0.00955825757132226089 0.01075079449208674216 0.00435371687493902454
0	0.99299470873158901529 0.00124021422906302236 0.00010733735494921427 0.00088145769512937722 0.00064451414956981465 0.00073143504279213930 0.00340033279690763737
0	0.96375503949749652399 0.00683458606735432538 0.00111536564437597456 0.00750477786555883968 0.00838275364606107243 0.00488854793977414916 0.00751892933937906016
0	0.96170283981248905203 0.00090028436928724976 0.00196071659473409914 0.00137045953713911908 0.00421539800861037931 0.00489196680324108062 0.02495833487449906560
6	0.06888246923082806672 0.03293412621405666235 0.02326782583130766399 0.00675678887081578028 0.00659949415674894284 0.00485469782496482372 0.85670459787127806184
4	0.00000585561849519440 0.00001763636152167434 0.00009051413072456443 0.00002210729315450024 0.99977324406865197837 0.00005336612780575188 0.00003727639964496155
1	0.00190022216070263265 0.97793218664589753875 0.00339042789600926863 0.00228530327984610183 0.00415532411477024296 0.00968237527193188154 0.00065416063084297767
1	0.00591434791033138875 0.94755620745107160818 0.00315057317881925394 0.02814840727195608988 0.00808462356049723628 0.00390030203850577151 0.00324553858882052713
0	0.94963906063611691621 0.02476690067110389609 0.00265824020999923336 0.00382424721391904287 0.00142610525590829780 0.00325366514495065238 0.01443178086800212846
5	0.00148054328542062330 0.04519160809567920184 0.00817536985327707924 0.01100796527690625637 0.01064096302902219418 0.92262304654979088170 0.00088050390990398358
2	0.00102246040866535372 0.02726117598069944734 0.96587154469534475254 0.00240195174032092462 0.00152902624194855489 0.00175791180878989511 0.00015592912423051215
0	0.94553451524660014904 0.03968753795235789583 0.00072975298524500772 0.00802307516768170116 0.00190553971719478158 0.00245583364498326616 0.00166374528593698796
1	0.00027692869771320136 0.99765250099661539895 0.00046840219991457456 0.00028317370700714896 0.00012769988373293056 0.00099801702453935614 0.00019327749047783207
6	0.00455761636143709077 0.00014316894974553709 0.00030648580931339430 0.00016483433231171676 0.04492059548375993555 0.00047183904275845497 0.94943546002067402689
6	0.01389250362466794633 0.05529840198197358975 0.01837622477153057210 0.00643613470972719242 0.01774924417148245059 0.00780027558341675909 0.88044721515720136829
3	0.27545633572480920925 0.00510905811268030311 0.00224248687835597012 0.69725804547673464473 0.00787351967466688556 0.00618620452893722025 0.00587434960381566073
1	0.00296834610990264012 0.92506815998263292045 0.00866861296145542137 0.05586306883326542377 0.00195807561730310629 0.00321536267049965735 0.00225837382494088962
1	0.01436685166232874733 0.96409155476764318848 0.00471832532770112556 0.00572572382158898288 0.00644980192322703195 0.00275429685258680567 0.00189344564492395116
1	0.00072873890682240551 0.99546193324174336858 0.00105412008587443297 0.00006813999910437025 0.00044271784133838695 0.00176084462966109466 0.00048350529545585879
4	0.01941116733098769559 0.09345381130477084519 0.00257515191886159090 0.03077006152406836295 0.82199064436130453437 0.00821873232419675220 0.02358043123581015504
3	0.00207177864542962189 0.00004188186615403165 0.00015820990392944348 0.99683738060641291501 0.00007885666032860072 0.00078338974882424936 0.00002850256892214550
1	0.00025414490637319014 0.97955213141290387036 0.00183146425763193866 0.00694837423567890283 0.00535405094085503620 0.00473348884485782183 0.00132634540169869952
4	0.00010965234291327965 0.00010575892787672915 0.00011223716974984607 0.00072022763447735449 0.99833522248617601047 0.00021848534127925234 0.00039841609752784611
2	0.00011387472421234640 0.00049862732513259692 0.99864169754337006601 0.00009203996075357218 0.00052292001839818376 0.00009709292272964519 0.00003374750540250175
2	0.01278131652825493202 0.01002787429668616261 0.92282235791396860503 0.01271327156128385788 0.02761787021594195105 0.00956260074657215922 0.00447470873729255512
4	0.00067048726796371946 0.02669690662749206467 0.02913003668197334042 0.00107854774831342339 0.77205091919191937144 0.16779316194343177338 0.00257994053890625401
4	0.00191297858644999910 0.01601805008277166348 0.01094430523931565376 0.10858004469004375880 0.84932121132652427242 0.00388035971017940606 0.00934305036471490269
2	0.00171480909007332388 0.00004075303160184535 0.99757057007163263407 0.00028179484976950599 0.00010812660616774469 0.00025430576458526362 0.00002964058616949023
3	0.00233012749702427979 0.00006315327474037479 0.00065472381443479268 0.99536376301226492380 0.00128427720407685948 0.00025676608642406426 0.00004718911103442077
1	0.00690612019048134247 0.87168321985424779275 0.00187328564359405796 0.00430139725876380486 0.07881310941251622182 0.03556993179447543590 0.00085293584592141720
4	0.00009050166024526449 0.00047499917751690746 0.00044005680796063788 0.00783908041605321619 0.99099647586486261375 0.00012495379649325503 0.00003393227686875028
1	0.00001746272783981510 0.99966515981089265619 0.00029722097793900138 0.00000662160890203993 0.00000176737363179334 0.00001013646952309417 0.00000163103127209088
2	0.03080339461014115418 0.01200524267208140719 0.87616147894304496901 0.00527106927350246088 0.03767483090573117699 0.03709649058589960940 0.00098749300959957383
1	0.01418457912302065541 0.94516371355902639717 0.00701911569077811031 0.01144587153587146681 0.00252764969501297022 0.01438780930581749946 0.00527126109047204149
0	0.93664572402531709461 0.00344789918304165078 0.00345352746582693873 0.00361550831513850418 0.00443616526769743946 0.00855307555306370447 0.03984810018991496311
0	0.81225476386457984290 0.12508878517895299920 0.00572905615155172836 0.03729381717202445712 0.00767182626032124424 0.00966347505424400462 0.00229827631832563422
4	0.00032859980228894513 0.03075685489725492328 0.00041356300064827162 0.00013220875848537095 0.96083202995389838108 0.00741161296343034563 0.00012513062399496216
6	0.00695205247910786646 0.00129043702085726792 0.00012589536628231063 0.00002444984145931689 0.00026135712245068895 0.00006834270564265899 0.99127746546419981399
2	0.01957386829940039805 0.03984653671909586109 0.68962726518829164934 0.02387643429761970165 0.06035759459301333341 0.11408838186560328609 0.05262991903697601670
1	0.00571677051314246117 0.99104397322647297397 0.00093294408565861681 0.00053029266854720547 0.00057116812988786602 0.00099428507919914282 0.00021056629709153912
0	0.97138113132357206680 0.00265524728216872796 0.00025784771965595008 0.02547340357062496605 0.00009861183264727106 0.00008455598517340511 0.00004920228615728433
2	0.00009871716938553843 0.00034710580508136882 0.99741880155869444557 0.00135878500322560679 0.00039483588647545176 0.00020284432467593356 0.00017891025246133762
1	0.00938093076556031219 0.98439319458995289125 0.00031028060477861474 0.00214051940107238062 0.00314528287682155037 0.00042379946211905709 0.00020599229969502295
1	0.00204593646532693621 0.97416334102484825053 0.00060555645709744934 0.02125300454481432802 0.00142400902337798201 0.00032598132087521776 0.00018217116365968727
0	0.81899792870215515350 0.01851181469688552295 0.00356216175648237836 0.13368882017180522270 0.00284992218838339218 0.00540188925491639441 0.01698746322937205039
3	0.00094859877273695378 0.01809588281380575953 0.00050405336202604821 0.97716609452980496275 0.00019679749329675785 0.00271402606024889271 0.00037454696808067667
3	0.04251481084075391798 0.00667603770867880846 0.00072680483183174840 0.94896993177403887731 0.00073142881673526699 0.00024715622436371256 0.00013382980359704266
1	0.00215520122365588790 0.92506344661259665152 0.04313387360860510000 0.00527817520415378803 0.00154353591464885314 0.01187902869392454784 0.01094673874241505404
3	0.00339004638972304753 0.00016053895613864610 0.00067595664191394812 0.99462374717776824706 0.00041757304320137067 0.00007882017820618266 0.00065331761305003374
5	0.00210258749444068279 0.00173653717117558848 0.00021640197986980069 0.00077749264721475018 0.00186801555953821610 0.99256322248121220397 0.00073574266654830966
4	0.02653545234506218820 0.00586613322924661729 0.01040360604841249377 0.00121832522002379858 0.92149053654242751854 0.00695270810125335308 0.02753323851357392105
2	0.00072549340870269518 0.00013366542302615527 0.99670569063783376329 0.00132884293271072983 0.00071273923410322410 0.00035633358169205359 0.00003723478193121038
1	0.00946870852559100404 0.97034542388482347697 0.00569070907669221807 0.01213817905630521117 0.00057854530170681738 0.00094169309580057403 0.00083674105908101461
5	0.00018675675011818556 0.00037562816900385012 0.00011687464074127252 0.00009227971072491887 0.00052326828636997636 0.99861455620588934767 0.00009063623715164944
3	0.00657967544789541184 0.04300345088544337002 0.00775040356019720753 0.93377370183503871637 0.00612717587547187241 0.00064264862068013305 0.00212294377527379261
4	0.06619092324478803580 0.01168308667163798532 0.00090480268793956882 0.00340515484749053616 0.91369523445143463469 0.00065621806689917963 0.00346458002981005556
1	0.00341997066309157821 0.99275610973977046481 0.00053526384402706115 0.00028189604365289918 0.00043926771566044423 0.00162889052576634151 0.00093860146803182983
6	0.00024225972526728998 0.00001097637782664743 0.00208742031296667426 0.00001729593083158478 0.00001556148922469343 0.00027659894766386499 0.99734988721621953278
1	0.00176115100121267002 0.97129389272145827405 0.00108537205035939420 0.00024510429661941344 0.02065640326877650479 0.00443631010270330479 0.00052176655887053655
4	0.05930598835870640184 0.00065452695043464386 0.00126329729423365093 0.00028667310033308395 0.71660469012948857515 0.00545986425528268478 0.21642495991152044255
1	0.00143075846700676189 0.99309771465288210202 0.00255832221572843991 0.00020288568783609169 0.00021629278989428134 0.00234808830217312281 0.00014593788447982796
0	0.90574619692450009101 0.01852022371086609054 0.00373536196360939234 0.03675247299682622010 0.00850656055960843233 0.01266326046496827305 0.01407592337962140436
5	0.00112062576666611003 0.00103566862299201085 0.00018161584177760299 0.00015042497030207010 0.00034298201417106469 0.99676040639808005661 0.00040827638601150960
2	0.00937064770287448362 0.01586562486524053378 0.92144929099779104842 0.01888864232820568895 0.01094205534607810108 0.00849786059098169011 0.01498587816882853557
2	0.00000702518502757063 0.00000389171370435872 0.99970123142178768383 0.00000503962980382533 0.00010349024094978823 0.00017194089095582006 0.00000738091777014493
1	0.01938380778145324529 0.97837031164385479531 0.00059186866491716707 0.00021260117940633495 0.00043289711621559944 0.00086011385101155465 0.00014839976314137498
1	0.00733619467728570743 0.80578504858318655835 0.14325036301899493618 0.00495078073077397617 0.03071707364726635262 0.00590798577603646527 0.00205255356645559764
3	0.05009644459949668532 0.02346794096171932881 0.00420066457360855714 0.91693373320672455495 0.00394841655531473490 0.00102698230637161521 0.00032581779676484453
5	0.00169069369128667943 0.00065909624981456559 0.00484421966259538945 0.02313253391882310467 0.04815866555803969412 0.91915066490626251561 0.00236412601317753050
1	0.01206417667571416975 0.85456583002311681252 0.01316710481775632859 0.00632947035267196478 0.00856872872204303068 0.04946030304856292165 0.05584438636013441121
5	0.00522635022436964466 0.00762576563076007401 0.00137624247408397798 0.00048663973739998550 0.00002650703917388163 0.98517088090041482484 0.00008761399379692612
1	0.00518520422434901474 0.84135377683321721509 0.00868371533571815450 0.06577452608471193174 0.00099307802756828240 0.07506608946648138381 0.00294361002795377399
0	0.89494814286939516901 0.02537316364468989588 0.00416463692408381835 0.01328478687615389578 0.01240503706620107484 0.00256432292015782142 0.04725990969931837676
2	0.00041287579599502412 0.01651604525439913027 0.93836247426940455618 0.00243742051621526502 0.02529225671115299320 0.00794948792042327393 0.00902943953240914476
3	0.00553772574506548876 0.00124141705643660135 0.00049054990816833519 0.99193336532078935086 0.00036299994437936938 0.00040316021288414701 0.00003078181227687454
1	0.00626392789452706860 0.98794965204790596847 0.00097036855753825091 0.00291867684025240697 0.00053892176053121920 0.00091931497248494258 0.00043913792676040543
1	0.00114511841613217677 0.99728804194300080255 0.00064511189152222515 0.00017858636603152928 0.00021326663788451221 0.00022518027842800822 0.00030469446700002317
1	0.00210488649447259073 0.99249774009593005886 0.00015288827392211473 0.00279057438379809279 0.00114660687302221148 0.00112674177336665143 0.00018056210548721342
0	0.79335091517397315908 0.01188119330071105324 0.00045502953618017580 0.00475523721384181735 0.13225844867010080885 0.00050233509907309404 0.05679684100612016756
1	0.09694084803491676006 0.68915557079153244580 0.01059524605395282572 0.00874684401087899056 0.00722097972663773326 0.16812006781836955072 0.01922044356371174073
4	0.00020026608617134146 0.00657181909196737427 0.00792419671641107250 0.01513071974218544065 0.96320783132262011161 0.00519429215631432052 0.00177087488433028280
6	0.00029142189981828627 0.00047025956786231500 0.00140387329437172072 0.00088120677278815242 0.03541661717256035236 0.00094505496514915707 0.96059156632744946425
1	0.03707477022890824647 0.72523956197129002543 0.13047328767142987727 0.06040711168901203437 0.02400218459161676532 0.01614582461801308821 0.00665725922972997073
5	0.00011773626880686712 0.00031510849930174863 0.00005683822711770937 0.00009775189775110472 0.00007604542083904311 0.99930237946487510126 0.00003414022130748161
4	0.04071644587920810604 0.06189470303093716486 0.01664578722247065865 0.03577220405188570596 0.79396398327032113862 0.00822687870548647303 0.04277999783969070602
3	0.00633080900471523923 0.00090095034199745355 0.00261784062930461294 0.98683760664029096521 0.00248049681191984039 0.00049481768212481197 0.00033747888964770262
3	0.00238253784481196962 0.00858865718934865262 0.00239417443318228583 0.98515589426589977862 0.00077074849121486428 0.00023334881454130374 0.00047463896100136810
0	0.95011936471315217023 0.00108752978112076925 0.00296867530634848005 0.00283459098176525037 0.02658113660925576910 0.00848373903796100122 0.00792496357039671959
3	0.00632463037420875548 0.00479396869701764761 0.00546365374168350341 0.96542451735463963303 0.01659234291116383486 0.00107676941536202645 0.00032411750592435917
1	0.01374796294424972601 0.90673821463262027631 0.00358750977931972031 0.02627952698632783635 0.04367270076268722073 0.00198612276185182934 0.00398796213294343518
1	0.00022097526623839425 0.98399320673169543561 0.00151476643219643973 0.01001135339973894395 0.00284334990979019349 0.00126296590111287660 0.00015338235922667364
1	0.01523445063851335685 0.89043171462904524560 0.00765258822311269595 0.07075625193824255921 0.00471635426637130508 0.00402923993488823236 0.00717940036982672898
3	0.00822898039138677921 0.07493208486557788317 0.03630057229649234773 0.79408019959451336955 0.02674550985905809614 0.00335733373703269930 0.05635531925593838948
0	0.85584760231102285921 0.04562202570805438950 0.01273627386073391925 0.02237775609106387384 0.01848867191816052843 0.01541143427026675505 0.02951623584069798176
0	0.97437793538475603317 0.00353103643974064145 0.00034522281805122448 0.01213527206965133581 0.00750621283011215171 0.00066678370656833596 0.00143753675112033683
3	0.03348691309019066059 0.03539869055521330937 0.03693517244748229650 0.82791448334603956472 0.02294498172681891379 0.01725911201233961897 0.02606064682191552503
4	0.08806473321676350219 0.00720307993804772222 0.01747468783616221502 0.00561237648952021828 0.77976866306422087938 0.08947017163717067845 0.01240628781811464916
0	0.92609200416149051183 0.03015337894658135648 0.00940972997546843035 0.00760604600368852343 0.00187731687802572675 0.01739589090656563572 0.00746563312817997374
3	0.00128862768721249468 0.00176209646434415525 0.00012901579719103195 0.99653415230804498481 0.00012162129182542337 0.00006676377056826219 0.00009772268081419874
1	0.00472590249790850927 0.96123030871509640427 0.01701248840014563807 0.00406125674249991492 0.00471112381430722170 0.00607473016327464942 0.00218418966676925397
6	0.01305654859302029028 0.06539622634795348721 0.02334267674508048312 0.08267527787183931443 0.01317157412077849844 0.01280656582591954522 0.78955113049540881498
1	0.00006423824448839077 0.99912313904011118559 0.00042854039610297831 0.00003374244455282307 0.00002729845431318434 0.00030285223870902476 0.00002018918172320994
5	0.00422514575469964092 0.00120712008510568541 0.00546582480747385795 0.00093330043223097039 0.00194634075561227388 0.98597039957764498475 0.00025186858723311444
4	0.00000035035427101260 0.00003560119432951271 0.00002529723155525483 0.00001294368362648775 0.99992204650868832250 0.00000237734761163792 0.00000138367991704893
6	0.01388157215503315473 0.00118881987215644974 0.00048477150846964887 0.00015280212675357308 0.00412696576759338275 0.00584560668276609512 0.97431946188722728941
2	0.00001455070060440424 0.00000995669420698799 0.99967767879514735085 0.00009325962719181585 0.00009393126577150727 0.00002917944756232690 0.00008144346951568715
1	0.00070753059979502045 0.97488401617444797598 0.01021382689264714420 0.00629673465884789813 0.00196997862528195582 0.00531394443265154753 0.00061396861632841571
2	0.00063238866566867297 0.00169512908103475104 0.96716113978310447319 0.01742090193739267989 0.00040612351280738606 0.01186425004046066933 0.00082006697953110981
1	0.02383819198147664117 0.83614210540102518188 0.00962699727417605511 0.07817309344442384400 0.02495245500933589849 0.01471796506967164297 0.01254919181989060106
6	0.05739215354556539278 0.03737997807910796444 0.00193483272206652489 0.00718479365325067933 0.01263529951622213710 0.00266952151777243062 0.88080342096601493829
6	0.03830327055480906018 0.00055649013794051186 0.00022778539345276485 0.00000706381547510159 0.00032793301863762777 0.00004121569084733769 0.96053624138883741956
1	0.00012235694906765891 0.99894069400089369193 0.00055961197622700787 0.00017983643296022966 0.00003904836458750727 0.00014279297443993462 0.00001565930182398408
2	0.00150468093490027806 0.00034653102734019203 0.99395462436564707698 0.00095844855634689670 0.00176888759814921030 0.00064802426552247171 0.00081880325209408053
1	0.00003887980906147438 0.99989798102894122955 0.00001136372924985351 0.00002339677007911802 0.00001450878963391983 0.00001262799899733818 0.00000124187403829842
2	0.00006103443508283354 0.00275493963778382280 0.99551965229894456844 0.00002319012942650754 0.00002632092726271491 0.00158012733340779634 0.00003473523809308264
3	0.07820154053976362263 0.00526057644100708620 0.00028124303565186436 0.89627436440717700439 0.00384794832627454331 0.01546653271351359875 0.00066779453661191363
3	0.00459179876978600514 0.00063715141557714222 0.00068770981984590351 0.99378141140651132801 0.00015489279269513724 0.00012579954997751238 0.00002123624560653606
3	0.01226699261092434670 0.00663894769266437559 0.00684482339333537110 0.96995224167335314380 0.00250320235615891611 0.00075899004895584282 0.00103480222460684986
3	0.04365514737061455125 0.04412550490203345083 0.05283920862502523158 0.78361028284205969108 0.03853473399434418495 0.01577703523023436458 0.02145808703568826900
1	0.00013714211836143338 0.99923286704108293943 0.00025169957150782113 0.00000234443614128802 0.00016869313376489782 0.00017768940563174312 0.00002956429351283944
6	0.00569458828582240610 0.00464623887806009817 0.00209297276765081771 0.02254232134107958876 0.00816468773736308238 0.00196867307483027066 0.95489051791519341528
1	0.08921824393390889729 0.67112321687048448471 0.01769172021230046993 0.15916999877351412085 0.03936732730467236430 0.01975071550624503403 0.00367877739887460245
0	0.91622811130088177567 0.07117053848437410180 0.00003269795373414179 0.01214999930576174739 0.00021239080465702221 0.00010911011189946482 0.00009715203869155183
5	0.03620746139879927467 0.01498762415481779200 0.01258088020065710466 0.00790403215574126544 0.00032839335279391492 0.92415721364709979557 0.00383439509009116542
1	0.00422642786341800684 0.98611181873208264559 0.00050346737226085990 0.00492794820731022164 0.00197897801092904385 0.00205717958028712837 0.00019418023371279102
0	0.92441602313103532484 0.01526680382159780781 0.02894494519762885396 0.01810244541067240059 0.00399470978480948209 0.00538704033739606947 0.00388803231685988428
1	0.17047264448045032492 0.64062022026102771743 0.03031509531075617103 0.04478675631104752503 0.06535032548267100116 0.01270533628630502940 0.03574962186774218592
2	0.00109200813528120767 0.00521922830650068011 0.98001390774693031283 0.00316856665424756698 0.00515684334024744517 0.00424936764722019106 0.00110007816957176266
1	0.00519659135223411815 0.90021297468097472017 0.01581321759135371693 0.06823309682872258364 0.00449945184820745286 0.00440959499670228947 0.00163507270180607788
0	0.82799151377287127929 0.02643257394496761892 0.04233910189256872431 0.02214396356908363353 0.04602733039404812571 0.00640965719859422876 0.02865585922786671388
1	0.00042471257988219174 0.99847853341805026250 0.00041005456527231450 0.00035862330459959525 0.00006946405166291697 0.00021432633707639404 0.00004428574345521844
1	0.03990975391102272868 0.93246145265760460585 0.00967947512371131712 0.00146294963752085215 0.01054674670101253368 0.00298098221022604888 0.00295863975890196937
5	0.02194278339772471817 0.00130379666408062802 0.00011360186498936697 0.01761798627829132269 0.00055163403249288681 0.95796902363157587779 0.00050117413084504721
4	0.01027602773508098054 0.00229881191701698014 0.01791628092093868613 0.05097279166330170169 0.88977924997756230319 0.01914717847016690275 0.00960965931593272225
0	0.92276617878179612031 0.00957313918315333585 0.01836214041468172894 0.01184445079136002728 0.00914014838061694146 0.02167922465356292988 0.00663471779482881999
1	0.10035587822948112413 0.47306373665686102248 0.05960995483665530725 0.22621141926803603472 0.07037998420145022416 0.04120268347277124266 0.02917634333474446520
3	0.00552711400171921208 0.06775716343500519379 0.00236705160957360883 0.92255680523507022084 0.00073820275332898023 0.00027668108744905795 0.00077698187785461283
0	0.99838742425821791482 0.00065358359169312354 0.00004680393673809756 0.00029606605782913953 0.00007879636042451385 0.00023772013143329678 0.00029960566366379242
2	0.00037301407082965563 0.00322261911393698693 0.99373611124236393977 0.00098285530468155769 0.00058411584870905666 0.00036430382282592947 0.00073698059665325126
1	0.00001413068551742754 0.99986241964704369867 0.00001919505846548340 0.00001930397110060770 0.00003551817072675432 0.00003705623305561261 0.00001237623409083177
2	0.00001247331371933260 0.00004410114234831544 0.99840064111695536742 0.00002925979175762008 0.00082859662372321220 0.00062224412073329650 0.00006268389076603763
2	0.00006564580921407217 0.00006659476544981144 0.99928160897194062695 0.00003577796336025214 0.00002250539454629943 0.00049952066776014323 0.00002834642772855466
0	0.94623018577081163816 0.00450290288465756815 0.00430484534880331247 0.00553750859895473912 0.02182266363273421481 0.00069008556240431345 0.01691180820163420973
1	0.00251487983900355785 0.99110411298209544206 0.00045777106913005871 0.00148247028491056611 0.00258902282815986476 0.00103482456858905577 0.00081691842811129167
6	0.09854205570186617968 0.00101523439613298736 0.00267666843220195922 0.00045442706291877314 0.02174723209838281407 0.00095485828461593363 0.87460952402388125737
3	0.00770135875404738286 0.00163931203940105921 0.00334552878652791741 0.98291368717671245836 0.00327701090121275407 0.00086023873351733209 0.00026286360858175894
5	0.00093521670528919098 0.00085611100913440049 0.00274940722634758362 0.00002873096515328438 0.00026431207814047201 0.99509820341834176460 0.00006801859759339538
2	0.00090499294912459345 0.00010878998933045326 0.99629351159660795023 0.00017359309440546231 0.00190437666259396163 0.00051770266846989216 0.00009703303946637956
