5	0.02207103405067225091 0.09886055763242872219 0.01157811786002137244 0.07772127741476031471 0.10483972575060497567 0.65955495127615371143 0.02537433601535873939
1	0.01553590516159959224 0.91621130205689560455 0.01217682722252474807 0.00794590450438555085 0.01347529524919587572 0.01908570048477666037 0.01556906532062302985
3	0.00000498330843331668 0.01106379367999880091 0.00260976532420283429 0.97231164946675874283 0.00199758872471744600 0.00185606092186588146 0.01015615857402249987
3	0.00105400648361690902 0.01341283093296786674 0.02236011585311836053 0.93758123748625155081 0.00660972275663796859 0.00312885013354055304 0.01585323635386659200
1	0.07040575272597386636 0.74670991100172423582 0.02511397395915304642 0.09011765738484642241 0.04975425856151160370 0.00971779627587514468 0.00818065009091534928
2	0.00007059711179717219 0.04131310806246309836 0.84180969128517590949 0.06817939206658582552 0.02437015205194369843 0.01041268917282765598 0.01384437024920722424
1	0.00194421734861981708 0.94294666545941363545 0.01469691562885833309 0.03327213180017517952 0.00158102286283855870 0.00435938714341300385 0.00119965975668110672
6	0.05365298946052381168 0.09411013795826982109 0.03537842930153842907 0.02790536634737732224 0.06608939450351319911 0.01139954963399724373 0.71146413279478004643
0	0.99879857445348552147 0.00013879016682921791 0.00008486270641774196 0.00012856673067665423 0.00064874566298043254 0.00004242228755884805 0.00015803799205175591
6	0.04067656966428795373 0.00135126366948818181 0.00357711182664826807 0.00218559313589246828 0.00669358178563288914 0.00659030085497807130 0.93892557906307227977
1	0.05997467123707874576 0.85814699965665452996 0.03190199289557612422 0.00535876222295619820 0.00588300842197897987 0.02409991159622381848 0.01463465396953135718
5	0.00016456028029206602 0.35933959324586733919 0.10740023328105743894 0.00704783754649915533 0.05129216695575311569 0.46676021210503521042 0.00799539658549499460
2	0.04042255605710776828 0.07790666280053902548 0.67706120215785148275 0.04794555291658777335 0.09383113533081467728 0.04149645731361360779 0.02133643342348566854
1	0.06860742725103313733 0.65039279023655516276 0.03524646086850478921 0.18777134992185098850 0.03830363965266274373 0.01408498058281314538 0.00559335148658020309
2	0.00009655958913690741 0.21175149583436769785 0.77046589884672067594 0.00368420608831995355 0.00053832329861361837 0.01066002584482384462 0.00280349049801751141
1	0.00459184787461161363 0.85962731481529275346 0.08298610591024227490 0.03453721076983154448 0.00372827053720030388 0.01035795889629879951 0.00417129119652294347
5	0.18305650000422848955 0.18630797403936280587 0.04440974916739778844 0.00394145919963628539 0.04668119824533308038 0.50891139192438294980 0.02669172741965850776
0	0.57733523834452793455 0.11373221601484617693 0.03234474198988103455 0.02894947219073102165 0.06861698772908148003 0.07500852230656238073 0.10401282142437008604
2	0.00052748414915577860 0.00508861791694636186 0.91583834645539208275 0.00015633781411619724 0.02281477880852236101 0.00562953957675584385 0.04994489527911112614
2	0.00000028680535743097 0.00000056709916960924 0.99993136560765305543 0.00000217104445116761 0.00001318280782723418 0.00003827538574065148 0.00001415124980198458
1	0.00024605054947912360 0.99022410311767006252 0.00478278052626686292 0.00103079635991537013 0.00054107785848166135 0.00072762503611869807 0.00244756655206829080
4	0.05588278443296254561 0.00799658277340450918 0.00260797803821005833 0.00638150431770025638 0.89016724325139628959 0.01399279495505421217 0.02297111223127190280
1	0.00001006209753581707 0.99778228736118113051 0.00022040159864577440 0.00048339143120969263 0.00007229257742158650 0.00011560535915076803 0.00131595957485774019
4	0.00750355563759195696 0.00410475413278087176 0.02830165581820226484 0.01641882773406813656 0.86370518395912398990 0.03110203646238273237 0.04886398625584970068
4	0.00009159336011158404 0.00048297245836672568 0.00046497669320937806 0.00619340299168395867 0.99130178849997885315 0.00086441679708568068 0.00060084919956237734
2	0.00004412739968439127 0.00007059058647092232 0.99325125084120524654 0.00010139258384849178 0.00053229558512089608 0.00532735426828672733 0.00067298873538442286
2	0.00005471716381695092 0.00112377430314654532 0.98265847143704887490 0.00090798933385253372 0.00366819537573376091 0.00926789938519789920 0.00231895300120564269
1	0.07530921829527961742 0.51920142651169243209 0.07443102634542644869 0.19795565251986493860 0.06370888474081537467 0.03005734063353691921 0.03933645095338411668
1	0.00078458176185886280 0.66938736836335921421 0.27235458168348364305 0.03091064622360670255 0.00412568694998825900 0.01213004413043962046 0.01030709088726373956
2	0.00112156326215483225 0.07918185709902278435 0.87498349567312350139 0.01857521359295114319 0.01158114444763359840 0.00328501031771213751 0.01127171560740117089
1	0.00001446532120820132 0.94626223036309808911 0.03460656998694706943 0.01185558956725148161 0.00128672495233091329 0.00407412198717118593 0.00190029782199386144
2	0.00040459909615281537 0.00806832294839794628 0.94280594496855218978 0.00525319940404256509 0.02603313828342309830 0.00762489807366407372 0.00980989722576697601
4	0.08724055182278363241 0.10813651351868906747 0.05343859849484100533 0.06082000708087528101 0.63036884739108034470 0.02404810931901849025 0.03594737237271224822
1	0.00248958036006673719 0.94440399949268205582 0.01022539458754566366 0.00312675180489564546 0.00125317095162577564 0.03717198075487246345 0.00132912204831231451
0	0.67619731072078814726 0.06300412252805027979 0.03483641710133133368 0.02302081234853354391 0.15109462129482190140 0.00621065046795802114 0.04563606553851669301
4	0.00003627640931778675 0.00073938856130983065 0.01426136349712286630 0.00205450388805262021 0.95633068518327446483 0.01002292565463252551 0.01655485680629051673
1	0.05805993003218497261 0.53377179598121493598 0.06214010829120358154 0.24683443416901626466 0.05965010617511471575 0.01971444569372195893 0.01982917965754331380
1	0.00318743923313601161 0.92905222351998617558 0.02155732321110907096 0.00827574467956836493 0.02629520520647277149 0.00856510775538683183 0.00306695639434049344
0	0.28810481324100750689 0.28685915022717928258 0.06166526060482851318 0.15323688621126996257 0.13442240107211303468 0.02877149294650777067 0.04693999569709386005
2	0.00003183423393010571 0.00012215837700900930 0.98382649172109037927 0.00097617520389619769 0.00740440484394369169 0.00478207282368152062 0.00285686279644795441
1	0.00525876278710369575 0.95630540955939702386 0.00629241120201710306 0.01966219939143785955 0.00345904874720026796 0.00524997605618614856 0.00377219225665730495
0	0.99504370773888206614 0.00057400845262676374 0.00056242357074200015 0.00024091573786529880 0.00061129958306283905 0.00084026150017283883 0.00212738341664811016
3	0.00183111803253957310 0.05466857540814466787 0.00126466507750203918 0.89852981436735612775 0.02100879234162012985 0.00175052039874750657 0.02094651437409098330
2	0.00000035761987093728 0.00265028088910162921 0.99418799105408972583 0.00030837484954750953 0.00013706423243909342 0.00212604070457687215 0.00058989065037463276
2	0.03920157711540293854 0.03872172612040446910 0.84904422965265413659 0.02189680094484279874 0.02296131639576599881 0.01693034287922468017 0.01124400689170527122
1	0.07012071011270082366 0.63687672225657998570 0.07135333004409130653 0.08466459393852777959 0.05362604873400952238 0.02967486761629706607 0.05368372729779338076
1	0.05781854434751079047 0.62477244678751708840 0.01752573265808234429 0.19340657637185620921 0.02649887324662586821 0.04338447011354579219 0.03659335647486195581
2	0.00157491852011866170 0.04022856164461084683 0.90508693236938630999 0.03361458989830132249 0.00876732862201832878 0.00359805739587366544 0.00712961154969104713
2	0.00590436081188919822 0.21965354323533145542 0.62729269051578540051 0.12573471812736614073 0.00681980130684587977 0.00899960248018484739 0.00559528352259739889
1	0.07108033114613154790 0.79662302338605039953 0.01826185365233539207 0.07012192014927001726 0.01491101303353507823 0.01042197709154655400 0.01857988154113108734
2	0.00001220112738249771 0.00090092719212474248 0.99096140824037259875 0.00247618543188436648 0.00304574146792388565 0.00038494332623521571 0.00221859321407694458
4	0.00024875133857726477 0.00163473136354314909 0.00072612190728942342 0.00278425574861429102 0.99276891407281719903 0.00056217320884548508 0.00127505236031207557
6	0.02099406894853698621 0.00203203157350877487 0.00190270229239836316 0.00128632780899096328 0.00978500342630709424 0.00585674966546759213 0.95814311628479020833
1	0.05652255115299648081 0.50510651365766012777 0.01484700694377108152 0.36600778452384102879 0.01268436666914792010 0.01444129418523491977 0.03039048286734877605
1	0.00091515673256980232 0.92901638616774773194 0.01891902135743813232 0.03341520137510217703 0.00244381507569410268 0.01355649186519481374 0.00173392742625283589
2	0.00472873198823742843 0.00696284546764358494 0.93937327205119081075 0.00805586085866069786 0.00574196429238257085 0.01591383424693484233 0.01922349109495024091
6	0.22003565644560282855 0.02066627348874054693 0.03974778574577371437 0.00349716715095977444 0.01851942299713642617 0.00784471857522703320 0.68968897559655939489
0	0.97751223225543659723 0.00369327844836830638 0.00050389615497833365 0.00172545244087666909 0.00154804969315336730 0.00227535324126784764 0.01274173776591861276
3	0.00083522006311182839 0.00163019623829433369 0.00035483863335511603 0.99557707595195876760 0.00059393630093080565 0.00044112323612400595 0.00056760957622609609
6	0.00320251237094056757 0.08541256240888515927 0.03525911913363354022 0.03884011410442592821 0.04230946765988673197 0.01321933134043710989 0.78175689298179096287
3	0.00000565771390129339 0.00279802999373632852 0.00132234594293818668 0.99487387390743464710 0.00014540107721765003 0.00043593405902555725 0.00041875730574702255
6	0.01410701422004883611 0.00370790219245988820 0.00282282191332031531 0.00143167858631306410 0.00274115226114469502 0.00392144661584774550 0.97126798421086546487
1	0.00278751707243968510 0.81215598230521779399 0.02959332176459266231 0.09200159016616790697 0.02313340665678076738 0.02984663532836367289 0.01048154670643775335
1	0.00899374748786741472 0.93802748296038518383 0.02242605810014932852 0.01614756606191575933 0.00804151953830800452 0.00346879775282594180 0.00289482809854767860
2	0.00025398897909239941 0.22927906131884778773 0.75511622967379044002 0.00356885266676811074 0.00086288476626056483 0.00773601039077630170 0.00318297220446462498
4	0.15032487133907737609 0.14343266508719682006 0.01798605074040480686 0.15762444377823342512 0.38515667940919617873 0.03713000789625246767 0.10834528174963872771
0	0.25073109571821211583 0.17186417980014803697 0.15998932537392737685 0.03697171635345647411 0.18162569168004866205 0.09989229727270410031 0.09892569380150320613
4	0.34593417775267776282 0.03163336306825803579 0.01509620660744153200 0.00485491761213765940 0.48477987481294665395 0.02217949963269628955 0.09552196051384212461
3	0.00213946399058249134 0.00096274791171551300 0.00027218459788910061 0.99303972462551992617 0.00113061132875981333 0.00021325821327183292 0.00224200933226129107
0	0.90984640695852636583 0.00728630866586370014 0.00076597566674953233 0.00075829969996923192 0.03349629562062637900 0.00270678228631018002 0.04513993110195473751
2	0.08073256786282685671 0.02584099809337775736 0.55799149556385541082 0.00413059995128012628 0.06381109916033295137 0.16459130595989260315 0.10290193340843412084
2	0.00422393052071148335 0.00347988243357106068 0.96122312576883495172 0.00096520236188898749 0.00373664369440960533 0.00998646637371844795 0.01638474884686587710
2	0.00593363204238212417 0.06053487723710525292 0.85969791028616393547 0.00584288429162431022 0.00578333088137542809 0.05402699325887993370 0.00818037200246888620
3	0.04770279028807805632 0.06250023353215182487 0.00753679461482700212 0.79307233765410212190 0.06765579820216163776 0.00690358825560912718 0.01462845745306995578
1	0.00004147123180854942 0.99636097157539060820 0.00066048002120817841 0.00266012296973430241 0.00006089172546660288 0.00014563297862865045 0.00007042949776551023
1	0.00958126125535982594 0.87650155811772856307 0.00985420209049367619 0.07774396121286444861 0.01182354243415652088 0.00650997472560082245 0.00798550016379629898
1	0.00053726221914702642 0.98038108657429789972 0.00693860262511220710 0.00526239895300854941 0.00391208752107855429 0.00137664841607618724 0.00159191369128075392
1	0.00112322402421285408 0.97757726481440143651 0.00220642335509969043 0.01636580679284842937 0.00106579916006604666 0.00108572481514099609 0.00057575703823174729
4	0.00651619883087460692 0.06144502258989047172 0.21355433398914336340 0.01156714302627678652 0.51937722302150601816 0.04708867047475027989 0.14045140806755812557
3	0.00871249278019493867 0.06673899318292209060 0.01528174770291064986 0.86536122661642622678 0.02602111818336298732 0.00418274385547717353 0.01370167767870619432
2	0.00875207702337518420 0.04202156267493160208 0.72688645629244941215 0.04480026865650264117 0.11585220668877449501 0.02851643298937077062 0.03317099567459616538
2	0.00170622937440549280 0.00118047766079700531 0.98307414894773237357 0.00340047605812255618 0.00180514808242077671 0.00700683884586078380 0.00182668103066026917
1	0.00159013176675476737 0.90874830992979271915 0.03855341261329756075 0.04128555256213602143 0.00207439321491335697 0.00615913393550204975 0.00158906597760321254
2	0.00007702936348342646 0.00003120128318638201 0.99464421110661049852 0.00015222360397633121 0.00136992777334180873 0.00180494444785481612 0.00192046242154590816
0	0.87382860155456998363 0.06732955945734270253 0.01015217323277863536 0.00890160699705898166 0.01089200693741559575 0.02369947195946831356 0.00519657986136562184
3	0.00025285474246905954 0.00290793805616742585 0.00107464501989594030 0.99413288776077268771 0.00071654976974629961 0.00007273913486064962 0.00084238551609026099
1	0.01508965626323104450 0.76664888265883990304 0.02336849965188292355 0.10619107472652580815 0.05749127534861612349 0.01472204789145084569 0.01648856345945312260
4	0.00394056900597503697 0.01084446553436283454 0.00668560327747957320 0.04627613558661159560 0.92196574200114067565 0.00369326074603169418 0.00659422384839894026
3	0.01030366344670049020 0.06210073783737988379 0.01543554614387084543 0.82148596153819675170 0.05003176544510508361 0.00736554969899273076 0.03327677588975423012
0	0.77438379603079865454 0.03788210508792831666 0.03186119580264454992 0.01124931367936426833 0.05956471001100361456 0.02147597288904317878 0.06358290649921735649
0	0.69972452951509256369 0.20255815992012723981 0.03196251879536982782 0.00532636598271624909 0.01604206168005055042 0.00731609450620965447 0.03707026960043412200
5	0.01032881277070758948 0.20531015971046243096 0.05905995042493517033 0.06928867456567441852 0.04655447993283605423 0.56876574327824114263 0.04069217931714281394
5	0.07348489961743080723 0.23711676070018739004 0.08272731310392372750 0.04374534622201170508 0.06343453991366747313 0.46364377122426564393 0.03584736921851330860
0	0.98822103596766597278 0.00140207682715265663 0.00037776646166532432 0.00050403383844508580 0.00218093845715454848 0.00106946088792452096 0.00624468755999195695
5	0.00035107983059969185 0.11023739994404384290 0.00069551152563862649 0.00476145506218427807 0.00345946496182288499 0.87405298289732780148 0.00644210577838291980
6	0.02607876513531917628 0.05160101904665979206 0.03529223510598882702 0.00898846859571100776 0.00959854374133926533 0.01035096186552630394 0.85809000650945566058
1	0.03680360987405963125 0.90376338562567004598 0.02011338749658351729 0.01157549702248251468 0.01278020506762841263 0.00577405832399078851 0.00918985658958536983
3	0.00230806740004478811 0.07949316833826138018 0.00930923519679389098 0.86073264331898979851 0.03028495060899983118 0.01055554646423765772 0.00731638867267305013
0	0.99196369281989227318 0.00267669120900671008 0.00042552171948886567 0.00059093008414815788 0.00132644854373399732 0.00119879425482273148 0.00181792136890739585
0	0.94855643354790397659 0.01440299332794140082 0.00192150910819463235 0.00613523085346517633 0.00843306974352794544 0.01098686913956002306 0.00956389427940679271
0	0.76889746807987902066 0.01287770259002812313 0.01820782712301705422 0.00358418324661635181 0.01395511711325597530 0.04156670889655705858 0.14091099295064646313
6	0.04881279827796859705 0.01821634667193657367 0.05047263661446780431 0.02103765155983634838 0.02143071714619235874 0.00495335606604493765 0.83507649366355329867
4	0.00002115091375906852 0.00030592085823674838 0.00034612867494692194 0.00017805655284012394 0.99823854741617812358 0.00033520126390457612 0.00057499432013434439
1	0.00066805121257663567 0.89302307537223113432 0.02732388314708182608 0.02494049907351380754 0.01237057669703613139 0.03276734323126177101 0.00890657126629823201
1	0.01807541172882450378 0.86757796963176403438 0.00443348490377692799 0.07245207851074393635 0.02183426914151913659 0.00463365308869562176 0.01099313299467624336
0	0.68272904573598591771 0.05460271464424443222 0.03584553363333387727 0.02646337060498954799 0.03633037483984466465 0.02345378665378043334 0.14057517388782100887
5	0.00002359758970038846 0.10915053655445587644 0.01871884814664177485 0.01280039453377944218 0.01005536206178208290 0.84720126843103626957 0.00204999268260333675
2	0.00296541420038108888 0.27776371213062411858 0.63896501301303254561 0.04882142798802964478 0.01257800915855940629 0.01554601670525902063 0.00336040680411393931
0	0.84603671316353656895 0.10187350875408189566 0.00226803087145245998 0.01526169557554146912 0.01489429586248714084 0.01703827210149851112 0.00262748367140200898
1	0.00055531229072394424 0.96461162936822053560 0.00493566605478624153 0.00947839221505245889 0.00299416753642932137 0.01016784597626155945 0.00725698655852547586
6	0.05849707174613095334 0.00429982418522993539 0.00998574278666224287 0.00501313344245660989 0.31785550946865676059 0.01591838914050485929 0.58843032923035853976
6	0.00590212889457260650 0.09467113557625508879 0.04358164068138199038 0.00778572038655295229 0.01295518642471708663 0.01069478467333918187 0.82440940336318113690
3	0.29236087560586271339 0.03527388991322133460 0.02455726647422915715 0.56660561530879016701 0.01787111791072596226 0.04036028608119275607 0.02297094870597785748
1	0.00121017709453564125 0.90017276784585653626 0.00859988125452220038 0.08316523202974415718 0.00214884203629327197 0.00257532548155119979 0.00212777425749670953
1	0.08870831117774309604 0.67661379615025518675 0.06594600702660706470 0.07633556767752323891 0.04597751109889790244 0.01870291215940541457 0.02771589470956830475
1	0.00480527060650947409 0.93906153718144602660 0.01117932141592186887 0.00414872308898692806 0.00906161072530931727 0.01587548383961269807 0.01586805314221264793
4	0.00310436960013959172 0.06609518337186282011 0.00947792445161609563 0.05426764075137404525 0.77465839719908524685 0.02304051611308588834 0.06935596851283548636
3	0.00150292457584788228 0.00195191211640386450 0.00225124491016425420 0.96612397670344551948 0.00394165771778624222 0.02112911400287292504 0.00309916997347945171
1	0.00002510720335015174 0.99381944288685419853 0.00076199622785501635 0.00213182337696404779 0.00092019323608951906 0.00118452776685605402 0.00115690930203207385
4	0.00003135277271167157 0.00001794885521963696 0.00002953529042768854 0.00023228148704774340 0.99903571167386495677 0.00017662291390393880 0.00047654700682402297
2	0.00195479295209299592 0.01482380654810428952 0.96696524185662957596 0.00467167257121229966 0.00468899072989488290 0.00348176528279863905 0.00341373005926774026
1	0.18731144916339517725 0.42978318434552886806 0.12167657133873721609 0.09556293925353587237 0.07106972502151837068 0.04425516432301655062 0.05034096655426812533
4	0.00093242512573545587 0.01962215028838271841 0.02748460610554203168 0.00248580867089730683 0.53934382801002411778 0.39323395004621114479 0.01689723175320677687
4	0.00061904762355871948 0.01495959729166342934 0.01538505430376334131 0.12895141188773073804 0.82393961815076988131 0.00494363656405177442 0.01120163417846215849
2	0.00871490986349751119 0.00165092227760340248 0.97707482583316185298 0.00593679670196165573 0.00089899730309555236 0.00462338831333578438 0.00110015970734362754
3	0.01289672661510576218 0.00431172394994702984 0.01346935981357638527 0.93336656908327519933 0.01723104764411577394 0.01176120159475571407 0.00696337129922447364
1	0.09463388625666058207 0.76910098486389710803 0.00548894371908516341 0.00999828901153058426 0.07939913374852555772 0.03374065502818324874 0.00763810737211749729
4	0.00173920828358041317 0.01616633805307972349 0.00602326979277532665 0.03532153230488000589 0.93347352580559384005 0.00241558068219211277 0.00486054507789935968
1	0.00005104387388104260 0.98729431287581737031 0.01113041342414908264 0.00078511056025244881 0.00009602806494100248 0.00042924614963186483 0.00021384505132878546
2	0.11363560443595981109 0.12465050675192494711 0.45247023626336846380 0.04169458219217140466 0.08759399817008092781 0.16627106743122541110 0.01368400475526915759
1	0.00612409765925639102 0.97940931523463281572 0.00064796239219779114 0.00215177902967919610 0.00205798627101562263 0.00521828135519609299 0.00439057805802315487
0	0.67232614563898773774 0.00595467180644617625 0.01350288731286653290 0.00817299719297353948 0.03114956905162113640 0.05010575751253238536 0.21878797148457240773
0	0.75994733222254762239 0.19795917151653627530 0.00252385886222570308 0.02288150256860415135 0.01156967930721403484 0.00314543298873517412 0.00197302253413716901
4	0.00464906266002643176 0.20013390990489915433 0.00632693621810971434 0.00781025160144473585 0.71895992717491186141 0.04225999847895089284 0.01985991396165786432
6	0.02374649606584714953 0.03190096018620785373 0.01443493952773479069 0.00697553449876562107 0.01031997733787684383 0.00455905593540213271 0.90806303644816566134
2	0.01969217172608451680 0.03744644837316744163 0.59538308511521453870 0.02190563897001680110 0.10859220943826738970 0.10823299818765580449 0.10874744818959376780
1	0.01342982193943320288 0.92337660665365162149 0.01564462325865030590 0.01379086528864984125 0.00780087973992361905 0.01741081081363886687 0.00854639230605167520
0	0.86177866118705115372 0.10280652815332977368 0.00644128390559293735 0.02065749585602960278 0.00214946847204322685 0.00355320689836463805 0.00261335552758869358
2	0.00036333197822891654 0.00969265265933767946 0.93754977216096080372 0.01940419335568598774 0.00981142271890782930 0.01085486911035807474 0.01232375801652110282
1	0.02269513927710636869 0.92964972045212557195 0.00338948422174115745 0.01946778715265365389 0.01689664615356084934 0.00235485052617608005 0.00554637221663596344
1	0.00379412054108875995 0.89404579529233052515 0.01731463669272374079 0.03474765237113312116 0.01370374351271101861 0.00967248243062050761 0.02672156915939279814
0	0.84063604221647780790 0.02082757339587603188 0.00350526853827096705 0.02872880085910534467 0.00737614884973353171 0.01664630973133799166 0.08227985640919832644
3	0.00058234698782515856 0.13608432997581695889 0.00310774134015242469 0.73165354429258555591 0.00729210511968005765 0.07727598889198653009 0.04400394339195318194
3	0.01830322865375536012 0.13521485656800535935 0.02742508721025130672 0.78282250714998391494 0.01323762028602278734 0.01704651631715132717 0.00595018381483038931
1	0.00015304150670562833 0.90109626883257987195 0.07499820645904899108 0.00457412364237684728 0.00118309285109750970 0.00863244065373046203 0.00936282605446043040
3	0.00444871280261801422 0.01367486618864504309 0.00651384979688064084 0.94630275623552395636 0.00944792966737837032 0.00375686603668475222 0.01585501927226979149
5	0.00070549266881969586 0.01073800498782219448 0.00403276512884981862 0.01093090816619272584 0.04850255084171271880 0.87124605483254025096 0.05384422337406218062
4	0.11410406275556932154 0.00871887691466263076 0.02377807737079790443 0.00227411275949193203 0.73126413884378194119 0.02076364839877295129 0.09909708295692322422
2	0.01620228678537184025 0.03272124603409706789 0.86282242977206669021 0.05780986050153848893 0.01563619641278629277 0.00864058715665867207 0.00616739333748047864
1	0.00867781582358145495 0.82161872847570138756 0.03333027433201630335 0.09036790786397502773 0.00495286009228282191 0.00461269378185739411 0.03643971963058551672
5	0.00004933914009605335 0.02675681498792623070 0.00365739032978257880 0.00226240925487758643 0.02774287829423771612 0.91942408983709122960 0.02010707815598734849
3	0.00466978522050616289 0.30115293056874853361 0.04168461571371955693 0.56818183866899307777 0.04384542536903988930 0.01269952084027291261 0.02776588361871880350
4	0.03514929878917662925 0.21773715243782831852 0.03987830667409902191 0.03282947420722923809 0.58626633229348457110 0.02380444049318495778 0.06433499510499721130
1	0.00640459789478734030 0.93810648598952450783 0.00893969708167112291 0.00729885060705747369 0.00463209708153566099 0.01334924258095449533 0.02126902876447035740
6	0.00071959668157632237 0.00055959168690663250 0.10464295050720154312 0.00090125484532700651 0.00156411563050163076 0.01023232787255640500 0.88138016277593045356
1	0.00896221508508251996 0.88113230996690072860 0.00903572038645376885 0.00352141443052063395 0.02802055665705102672 0.03944881718292445050 0.02987896629106661858
4	0.15299337268666649003 0.00572510859499478567 0.00496354120724473366 0.00159255160919086159 0.56011941421945743436 0.02719768976606962152 0.24740832191637626702
1	0.00111985783488508916 0.95565392878636590268 0.02179097991398000825 0.00381546608777016093 0.00274572695971160661 0.00916906636639778713 0.00570497405088918070
0	0.74515738881035065155 0.12617667279473332442 0.01025853485057710152 0.03664921583198100380 0.02255171455641001230 0.03653840047213493397 0.02266807268381268101
5	0.00040773555278318880 0.02773033989355840404 0.00302249848596756066 0.00766705313529774703 0.01351667786961782344 0.92077530060380807786 0.02688039445896715091
2	0.00128507451868250275 0.01849642894318287434 0.92141287041730535190 0.01891615141621627583 0.01795474174269760803 0.00735528285366754842 0.01457945010824753668
2	0.00001276373821832248 0.00004136100511652556 0.99102204290904671868 0.00045926646241842549 0.00121129064478193776 0.00614698038773608436 0.00110629485267977451
1	0.04302491993928487385 0.91888621332908460015 0.00657851460763795616 0.00365272047456928440 0.00877137704583173805 0.01372480143108626045 0.00536145317250578783
1	0.01301713652125608550 0.68974796103469493413 0.06302723683526344212 0.06889116054142882528 0.09043955406106604644 0.02295501164983540163 0.05192193935645530306
3	0.08250317122082104215 0.01449337569933736511 0.00216319065438743416 0.89360163512687218468 0.00444481235103659673 0.00157889401928000615 0.00121492092826515439
5	0.00064426869507825768 0.00055884346385985965 0.00793716987968063475 0.01251743662697825908 0.02132110292471501786 0.95126545531013995127 0.00575572309954778313
1	0.01997858473578385460 0.63770425061637392439 0.02398542596884715647 0.00721196458108413693 0.03014590498847754055 0.10224164221697047694 0.17873222689246276440
5	0.06580100033584568298 0.08096128273212112314 0.01261408524850286296 0.00635718105403516691 0.00156995384259283645 0.82078179517089333572 0.01191470161600922603
1	0.01329438330874979819 0.86630221671799634287 0.00650507648478094828 0.05025940016222219670 0.00235003450418047903 0.05859237520775977676 0.00269651361431033371
0	0.72279984835881627703 0.08091750455177877666 0.03706433729672570232 0.04038214170656548307 0.04019997343573125659 0.03248448602487458148 0.04615170862550773551
2	0.00003775968469993690 0.02072375400847400323 0.90206899413666308263 0.00935123309567439595 0.03129091916831754777 0.00866567540368477947 0.02786166450248622403
3	0.02515886828116795440 0.08282993112603163899 0.00763726232901430768 0.86577409934681182069 0.00457489335778558937 0.01025739809160255284 0.00376754746758628870
1	0.02119567345397559491 0.86516834218374860654 0.02524071032899343967 0.06054912964387987317 0.00560802191473704949 0.01368131675634754948 0.00855680571831771326
1	0.00180084181493409858 0.97588137515771966601 0.01003711444312641900 0.00193772498628312292 0.00163895304783940069 0.00179956296326816206 0.00690442758682789821
1	0.00720622749833278384 0.95146812339192776697 0.00128057165713860361 0.02818764750711901662 0.00448748315114388084 0.00460153344227347359 0.00276841335206330641
0	0.72082586244175550494 0.05369161436259228815 0.00260618142307809985 0.03433185251544385030 0.05948458120169224789 0.00180335265731955256 0.12725655539811842054
1	0.16822128895874050025 0.57725941949661618846 0.01018203344476875487 0.01348740497641466758 0.02250049676246149502 0.17839953778746017732 0.02994981857353857038
4	0.00013158673110922426 0.05786341048501876527 0.08874394880377883821 0.12476673082876145460 0.67435288235123613809 0.02432090799431050124 0.02982053280578566071
6	0.00010126289875581351 0.01743585732240028954 0.01397620412029033574 0.01257455539519182659 0.16523416421261008513 0.00444442210807665782 0.78623353394267514460
1	0.17507084348954018993 0.52373759000288955257 0.16336535199792001638 0.05220350776134177750 0.03809719426506730233 0.02827892610326071879 0.01924658637998044250
5	0.00011261378609864657 0.00849744152313656499 0.00263714898782306355 0.00316010773636265455 0.00416809879437943839 0.97785920583089114277 0.00356538334130943914
4	0.08494162700560307921 0.13650752837398832940 0.04283509559614836343 0.06189081173421796117 0.57322329511966441107 0.02346437255162492352 0.07713726961875295995
3	0.01913464944368513734 0.02650092124457871165 0.03602562544097587249 0.81638414765572264731 0.05465919522715452505 0.01969892012887942620 0.02759654085900398526
3	0.00171411376778536130 0.06507900895118882978 0.00761795339070840509 0.90499607041694973830 0.00916364435573218880 0.00363115804776710993 0.00779805106986787393
0	0.99762024240099067551 0.00004122247084507177 0.00007300015401237592 0.00012203873841039603 0.00130316274779064718 0.00023131952362320722 0.00060901396432759070
3	0.00340479953313178527 0.06534601866134362447 0.05630349162726376588 0.72754285405390617392 0.08289218518663286905 0.02563715032279401118 0.03887350061492816922
1	0.01367051825980530530 0.82457415669489997345 0.01742199008974720451 0.04655063992249910271 0.08281552843568061595 0.00633070901878260255 0.00863645757858516605
1	0.00035200646574286157 0.79654645135318624671 0.02323535470469546491 0.12413610445518168113 0.03571099166222311411 0.01775618804065893716 0.00226290331831111502
1	0.01123197469428666335 0.89178043909492532570 0.01280197192443635959 0.06984819122302403371 0.00363938786026474920 0.00461102205176216074 0.00608701315129970416
3	0.00551188097541832362 0.06402560853107676364 0.02003633407473241757 0.70203626154083453859 0.04919374341600263323 0.00711706963883761493 0.15207910182309866687
0	0.77694553669659405237 0.15039371141321172809 0.01093715352293917614 0.00806470050228580600 0.01170092991399085056 0.00781372826834565715 0.03414423968263259612
0	0.83643773497537865502 0.07967872565409567231 0.00364401162145867007 0.04800793829599763612 0.02144041527069536976 0.00435635912333174734 0.00643481505904223722
3	0.02539876858307438950 0.08765923422584795399 0.07006697061800912230 0.72160848350505757409 0.03127412153014494378 0.01970529806452812893 0.04428712347333806088
4	0.22153314001532209421 0.01860913529522559978 0.06076138663204367490 0.01422639320664042910 0.53254774099039814406 0.02403459228819656082 0.12828761157217341560
0	0.99484435360233802736 0.00266077459851825999 0.00056282706607641876 0.00044018407079651295 0.00024707148561302898 0.00065261334765905911 0.00059217582899875778
3	0.00615683486246242258 0.07955931617195052818 0.00530278761855829724 0.87481207767813540244 0.00932283621960991286 0.00733792889443363010 0.01750821855485041462
1	0.00201975684076516337 0.97231004465577031137 0.01253666115548478580 0.00231402091354567917 0.00284925405270338057 0.00399553294227398322 0.00397472943945702956
6	0.00425308876982530542 0.23274845432588048277 0.03679251295250240278 0.11525591026033080166 0.03720749734161082900 0.02297959530272183568 0.55076294104712852917
1	0.00017980300619397079 0.97260532810824795735 0.00860817401850908284 0.00201397912850041164 0.00192113135386754179 0.01228343001729705931 0.00238815436738322494
5	0.00115407038337685358 0.02133421620553784329 0.13899932190036692892 0.01493441165578041074 0.04911030282081190607 0.74529217152994065021 0.02917550550418566285
4	0.00000066280446714259 0.00007704360385023674 0.00007096332173264300 0.00012849526730510498 0.99964468067460310330 0.00003831036936463663 0.00003984395867584452
6	0.02278802750411697275 0.03107222567535589813 0.01149907108583182042 0.00393332807082131045 0.02318362482157461726 0.01905674131303113777 0.88846698152926839587
2	0.00034204803990640025 0.00684358315665675124 0.95310278186176322635 0.00768668395194056255 0.00511821104579481163 0.00500697811053063806 0.02189971383340797925
1	0.00007898760448135467 0.96946650695080083260 0.01237555316711710755 0.00627053674920573841 0.00223458717157295431 0.00683690225268038763 0.00273692610414130906
2	0.00001785034461553872 0.00165326576740276428 0.94783673876032925598 0.03304328305549329714 0.00263916969190526032 0.01312868413846277754 0.00168100824179064556
1	0.00382888706260097692 0.91999212186870482633 0.00249084895609626893 0.03844337200289957290 0.01561684113915457438 0.01074207143922496083 0.00888585753131785304
6	0.02433778427931755986 0.08447846945715942191 0.01428784094006257943 0.01379974456445125924 0.02586884629053653323 0.03380005601105938451 0.80342725845741325141
6	0.05246222465731997797 0.04451685075442279177 0.05617166559242615237 0.00193777108450226784 0.03444252219633792828 0.02329225851397065394 0.78717670720102028703
1	0.00007063337166671628 0.98915303727022207969 0.00424034955860916763 0.00389090685618040041 0.00037279773699177020 0.00206596530009653173 0.00020630990623474380
2	0.00003095284697644419 0.00005707014492100576 0.99769256783841719916 0.00032494355988623732 0.00046592294640350820 0.00072402684916841463 0.00070451581422860301
1	0.00056045520175339563 0.99593826109075578312 0.00055770406209691280 0.00213096276550791197 0.00040451563162543505 0.00032767730496108938 0.00008042394330021641
2	0.00001173534611467682 0.00048676710646389915 0.99581344483317923988 0.00005481368763515772 0.00006636583172898739 0.00335827802243877319 0.00020859517243931237
3	0.01063199285396489863 0.04760863765821965465 0.01751074016023449267 0.76096842339512715814 0.09104140751698974743 0.03136406355627339992 0.04087473485919118632
3	0.00136241162026124124 0.00351041248719817641 0.00307450882737995848 0.98286039764267718599 0.00560579905439541337 0.00239450831167922545 0.00119196205640872163
3	0.07958928789324240527 0.19216477647091012582 0.10612997140460789236 0.52119803016416743624 0.04195902075379441543 0.02049916228481202252 0.03845975102846527216
3	0.11923372688456103374 0.13808015605608606191 0.09400492580417674215 0.53474348265413196302 0.05616716426639790233 0.02133568533088944438 0.03643485900375671716
1	0.00026871242002587622 0.99242963102813364085 0.00178494740654671215 0.00013881854620897310 0.00319307769098840051 0.00125402072817638356 0.00093079217991806748
6	0.00464787024625707649 0.03238755139566527191 0.01295918771238802926 0.11237756452087034609 0.06614588476485552815 0.00972514942662853696 0.76175679193333500905
1	0.19136972195179852152 0.34271858588902065490 0.07709978803896125332 0.24083265043541887684 0.08071281898275745048 0.03499519229741590576 0.03227124240462736493
0	0.82520276787640833849 0.11437713067894629548 0.00598998193168515363 0.02177663367334552874 0.00950308264589282484 0.01426783691092267138 0.00888256628279949882
5	0.00138059228262466449 0.04763307083736947889 0.02343260184779459229 0.01935537389400381753 0.00242245261027479843 0.89701463274758586053 0.00876127578034695091
1	0.04259297950021676687 0.85648354661614811700 0.00642730394173034441 0.05762525188447567559 0.01674824261914259135 0.01184064063685885161 0.00828203480142716136
0	0.96642674133383543733 0.00419239499605867511 0.01281830988215129641 0.00720969326429371244 0.00455919620465101635 0.00170613887516344372 0.00308752544384641213
1	0.02457229695075077019 0.54630844162970537692 0.09762158693849384838 0.08456751899957934415 0.16569001786253176323 0.04677716584505035163 0.03446297177388875366
2	0.01042275577038440960 0.25550685318504606780 0.52885499668953683816 0.06494347624341446912 0.06884022947535356485 0.04465634479605488927 0.02677534384020949579
1	0.00242746203718019254 0.96147198528328681189 0.01024888313728063681 0.01937892325330453289 0.00171564203066735415 0.00289532985013615579 0.00186177440814408414
0	0.82396188131617120742 0.00995021444710188219 0.09353436586067889746 0.01748914169723444698 0.02515588541594454206 0.01027766046703049857 0.01963085079583862247
1	0.00059722264743635649 0.98642336256189788735 0.00540107790535064754 0.00360193443395191108 0.00067274881474489831 0.00237931207556697690 0.00092434156105216151
1	0.10737013481596867359 0.79496633883631817596 0.03335626860454053710 0.00821177453763619232 0.03034083028001429566 0.00637723499996556593 0.01937741792555700698
5	0.00169365947205122767 0.01692949687520906715 0.00116848975962621782 0.06145100369252407685 0.00599079171396026469 0.89298822336103700348 0.01977833512559208640
4	0.01925619935405557814 0.00388553763357367670 0.02090354627650444289 0.07456691769606810238 0.82334188693201892928 0.02957813527453136832 0.02846777683324793265
0	0.96006877286880054623 0.00244044998389767722 0.00573908131196795238 0.00528202859564797997 0.01660915560283282924 0.00604779639124497937 0.00381271524560817610
1	0.17109766503695897355 0.42109222554673747529 0.05914570373968214279 0.16391283054738198244 0.11703874392941837623 0.03140434616961363529 0.03630848503020754625
3	0.02735692842925597709 0.26875280466368034471 0.02377794087753638472 0.63946260093601203778 0.01855139632575708228 0.00449760129955854154 0.01760072746819972903
0	0.99956816638782686191 0.00015532556050434573 0.00001912394695126896 0.00002551886381901772 0.00004571424138933088 0.00014270463959555453 0.00004344635991350759
2	0.00227363106783914698 0.08572015964304177671 0.84806167348062999611 0.02028624445232503348 0.01367295702478648310 0.00903568511447608823 0.02094964921690065790
1	0.00015131658416151498 0.99732296358480043708 0.00030378617883260086 0.00070286372863594788 0.00045913053637621832 0.00055097280560496040 0.00050896658158860694
2	0.00000258882366714799 0.00057663989414808575 0.97964797245411727733 0.00048210008573128715 0.01258362566257802823 0.00417464195472085336 0.00253243112503764899
2	0.00002931411658745567 0.00233201100553780431 0.98769505716873240431 0.00144276525175767584 0.00040898360407358019 0.00571760878640241530 0.00237426006690914012
0	0.73411331515989519669 0.06861207591977670772 0.05195242553767821791 0.04246569659832346438 0.04698922942439474892 0.00902889596508140053 0.04683836139485055006
1	0.00476672735896663952 0.91215086413842449975 0.00811127000792678798 0.01641857085737270794 0.02479528466872519751 0.01525381167600157149 0.01850347129258344409
6	0.02446201408869449687 0.00509177093866890629 0.01349190136926000858 0.00220759594912822233 0.06101738249728994729 0.00893008604901975901 0.88479924910793850135
3	0.02022534974224210816 0.03763635848973151399 0.05590415544059619546 0.82460338375383135379 0.02954023116221781570 0.01913509750857519259 0.01295542390280595563
5	0.00349445738011663421 0.01394205049184884734 0.05105498865618873089 0.00129065351361696960 0.01243736202853993299 0.90949508899113085114 0.00828539893855792173
2	0.02278321739534138954 0.02202172525233061368 0.85769576381404122323 0.01663194438193956945 0.04203139811077161864 0.02832426494228758307 0.01051168610328784801
