3	0.03454908939436390075 0.17080799027454554584 0.01591987394731282299 0.73025674767365866824 0.03072557965318150480 0.00888957634411165383 0.00885114271282584283
2	0.03620486775672410867 0.00396598784092928869 0.88434990955149683778 0.00011247801112406700 0.04535719092340460834 0.01920085957942674337 0.01080870633689493682
2	0.00090680214206413071 0.06208820279021372290 0.88797810483190542374 0.01285862096906336544 0.00630426747692164943 0.00574421553720704230 0.02411978625262491474
4	0.00002162973320824959 0.00000073024929667132 0.00001266542379935953 0.00000512065115532410 0.99979632536075535576 0.00013751928905886596 0.00002600929272644211
4	0.00001107044671952036 0.00002764508018261339 0.00001524076043042229 0.00000924265594058216 0.99986178471478459606 0.00003670028582807913 0.00003831605611376353
2	0.00011898932201041041 0.00046374720850381147 0.99386772716765436897 0.00013877503417850673 0.00301823658601979095 0.00210168731751757872 0.00029083736411743765
1	0.03969191347520473895 0.86259892501326729253 0.02007831330765671995 0.00714773729376509247 0.04884357077022607324 0.00303853795422273946 0.01860100218565753638
1	0.03302070260301200738 0.93659375258459176550 0.00622652755645089484 0.01226358653583910392 0.00334856757333997683 0.00744964765105029375 0.00109721549571560671
2	0.00188662364537860541 0.00464204136684002056 0.98904973926110473226 0.00011684765841402744 0.00269501240208188265 0.00020060357478798253 0.00140913209139241729
0	0.90237949562342467669 0.00851657935271658839 0.00228233448813192942 0.00647246697603075499 0.00926910893124259679 0.00622757165156088716 0.06485244297689245208
1	0.00618248809033723583 0.66292729118397275556 0.00066847057973012946 0.32258769748441823433 0.00375633523018483774 0.00013715475052554206 0.00374056268082999807
5	0.19253612769199915378 0.10580133052513532310 0.04138471307568439977 0.04260900160036750622 0.07514025057642387262 0.47340381842102052801 0.06912475810936902221
1	0.00052631162967184083 0.99587130163338166700 0.00087217011460168439 0.00169880903859711630 0.00006663450198011424 0.00083696918578377889 0.00012780389598503796
1	0.00477990830557870495 0.99465680547385171284 0.00048431623672115233 0.00000111470629529300 0.00006126235720033631 0.00001159949501872835 0.00000499342533401538
1	0.00029396574396134639 0.99843690237907189999 0.00046249088152871588 0.00049334231888480649 0.00017393700506407677 0.00011353607979032272 0.00002582559170108127
5	0.04112743256217329946 0.02784468988718092133 0.00491608263605283410 0.00529775633420011705 0.01001889984149438410 0.90359026966322297802 0.00720486907567536444
2	0.00016797545125301179 0.00011361333935265204 0.99865608755135193420 0.00000668497123539921 0.00059381353422646732 0.00034075046441603668 0.00012107468816379120
2	0.00000125351047237700 0.00001745422017507964 0.98743573917631333181 0.00000020452068803705 0.00001813209251432726 0.01249154640731806043 0.00003567007251874278
3	0.00043894069515490198 0.02076853552701043298 0.00468456631027374705 0.97248311114947383338 0.00045920397904938729 0.00054440808681071825 0.00062123425222676977
1	0.07347259442587128486 0.61680667683893786180 0.04525233721029154471 0.03795936176715979798 0.09556868828055783971 0.08241847402373431164 0.04852186745344769236
2	0.00009736495190890437 0.00182054817246092527 0.99748957497258017302 0.00005168758734847751 0.00002376921895415267 0.00050434542346016137 0.00001270967328908337
1	0.00443308859011566289 0.66505559201525554780 0.00319806519818853843 0.31889109225365425138 0.00098404085718652363 0.00563792941595378082 0.00180019166964633993
2	0.00732890143679222009 0.01444812081608891526 0.81421434964715078131 0.00256340427381533675 0.14958331396964685833 0.00761649187919432452 0.00424541797731291595
1	0.00200401361138661475 0.99180247700131163313 0.00084536695301203339 0.00030308147108993694 0.00134610755166752073 0.00354951798697618684 0.00014943542455467975
3	0.00071616208526832973 0.00161268097268517092 0.00010325097847010582 0.99754520117359102294 0.00000284224592616915 0.00000315467251158255 0.00001670787154728068
2	0.01713932997778065334 0.45663003954644754145 0.49376878874941532160 0.00294254948769031915 0.00817452376105082604 0.01767343509429437909 0.00367133338332088343
1	0.00093560503686100941 0.91402929358682871719 0.00015043661557868741 0.08469795184177317249 0.00004606249599309963 0.00008471521357720763 0.00005593520938738913
0	0.78916030730467534582 0.06685242611824683545 0.04762215255826838384 0.02870017426301446628 0.02723110936041064217 0.01577179787704606137 0.02466203251833807425
1	0.06523742716082851778 0.62500964441804085503 0.06454979576831389176 0.03655404057679544072 0.12130723847297060491 0.06209670479815446176 0.02524514880489643273
2	0.01339481872524960100 0.00475724154050266232 0.93436907119987022696 0.00036304084057251249 0.02995964178271244560 0.01394432576009930168 0.00321186015099303576
2	0.00121670757586118949 0.00024758837632315463 0.99210436203620300244 0.00015809131428177794 0.00536627968777731498 0.00025423452634966041 0.00065273648320352689
1	0.01205233256428724781 0.93542289443649684344 0.00695442356234624894 0.03398152415617293476 0.00271130866594170754 0.00820568529054196798 0.00067183132421271420
1	0.00311788561361377864 0.98392287717214987897 0.00861539718581044375 0.00313838853656780905 0.00050320644760210238 0.00041237443695418927 0.00028987060730101331
1	0.00014117349026856197 0.99804216723627969809 0.00097144654392283748 0.00011045047740222961 0.00013868377042461621 0.00049331172771452717 0.00010276675398872182
0	0.69728506083241681424 0.01133817912055699526 0.05750491115474337667 0.13565960294621817739 0.02942945274166737166 0.03984851869518287598 0.02893427450921458310
4	0.00416805805163155806 0.01217099652126266661 0.00417006148303891277 0.00169767406302559335 0.96636007595956419092 0.00851547305148045441 0.00291766086999659504
0	0.87849897972425250448 0.00635227615697801871 0.00007672014954237597 0.11362477468707078698 0.00111464353335431992 0.00000380353376864999 0.00032880221503360144
3	0.01918575976293041344 0.01704177285256374200 0.00077494808847366906 0.94838952174139967699 0.01176062543662796493 0.00061246610880810238 0.00223490600919663742
1	0.02670391691370953280 0.96297957496351982432 0.00159476650010644525 0.00711631025899932181 0.00027469456382425028 0.00011927797565188890 0.00121145882418890517
2	0.00009357084958758793 0.00062483481704216038 0.99690701839376805182 0.00002152735159978656 0.00016638505541403741 0.00215883386786937291 0.00002782966471782818
3	0.09125920376903368103 0.03425797506221144040 0.01157219261323153350 0.81884998194012592609 0.01572027645815789187 0.00138404785490779713 0.02695632230233140775
1	0.05652659053844490827 0.85842113121684748833 0.00608613125421685747 0.06583605148500244753 0.00175508573346994730 0.00442586166773946670 0.00694914810427898610
5	0.00116909412670748595 0.00488219072771978266 0.00477620471444816213 0.00013322922627402424 0.00636319745969995357 0.98246151542286530578 0.00021456832228513857
2	0.00012428851077430570 0.02197651464244557151 0.94858705421594258222 0.00015404340029102613 0.00097655563186789887 0.02816693104690385502 0.00001461255177483861
2	0.00018769370258451786 0.00028964518245925685 0.99847518653864530958 0.00004485460696935994 0.00037262266130317240 0.00059817730012995938 0.00003182000790875445
1	0.06910120281803988629 0.86787748322953939262 0.00068293375142482323 0.05736772819825158160 0.00291705043635028709 0.00094105442104889961 0.00111254714534524601
1	0.00557138996542668689 0.97675580469581979592 0.00633007707101509390 0.00878867664069211789 0.00076802327322671030 0.00043295034693141749 0.00135307800688872263
1	0.05822103504560918047 0.91658597009174425096 0.00170118321483758326 0.00232152095888050981 0.00119266267283608127 0.01852676964853253172 0.00145085836755987139
1	0.00033601409311790156 0.99586168480179515505 0.00219683149714276814 0.00063017404225699668 0.00078101399524503786 0.00014963073470401384 0.00004465083573852801
1	0.00638860940981291793 0.97786524964848198227 0.00085887955149465507 0.00209825788272617175 0.01179618770099564486 0.00087167384186586858 0.00012114196462187395
1	0.10958383926580728129 0.83542407816459407499 0.00008034537803254601 0.03693420195668307288 0.00936501202611023618 0.00020114637058394033 0.00841137683818899730
5	0.00443112542138317071 0.00490879454031806391 0.01473283342151210373 0.00196641596666403615 0.02169774465732470306 0.94674964451979937152 0.00551344147299850582
0	0.99667119221921740557 0.00074085919034392212 0.00002805575793662235 0.00239667022371517014 0.00003652243517289898 0.00003925434450785555 0.00008744582910612863
5	0.00850423970732801758 0.00031105187449807141 0.00137856289794064031 0.00012948739046166982 0.00387120543953433770 0.98475202820316476426 0.00105342448707174282
5	0.00002759935356148095 0.00166608753954094655 0.00960041442186792757 0.00012210247146868830 0.00141689908039730264 0.98703253739877194750 0.00013435973439301856
0	0.92431019855581519895 0.04448228999550644935 0.00322886352922615487 0.00588602795446240348 0.02117090984594589484 0.00013541168888391711 0.00078629843016010139
6	0.00537482212249502239 0.00062746960600659372 0.00114816791202638222 0.00518937086728714966 0.02389836882642780783 0.00078510899427890527 0.96297669167147814662
0	0.89843110899758482635 0.04613323940140034995 0.00268035452106974055 0.03120346065291255619 0.01313101458804690098 0.00106081323886599065 0.00736000860011967826
2	0.00011203764653778449 0.00040550183075157073 0.99868990882109975882 0.00001078365376795248 0.00008554219142666464 0.00055407152252029185 0.00014215433389615546
4	0.00002986533329306904 0.00002825201336481430 0.00304636304336785907 0.00061177916447067093 0.99609980694238930976 0.00010841464228740354 0.00007551886082648596
6	0.00032978849649043722 0.00326807195422469665 0.00032775027155993423 0.00009519772530286549 0.00093046031050209466 0.00003911511191865878 0.99500961613000060701
1	0.01333806792077303453 0.97961752568783999617 0.00057095674512578048 0.00026426296648657976 0.00020013484082614198 0.00591308644582900795 0.00009596539311932543
3	0.00023171000268564542 0.00982737151346881575 0.00024335276198603388 0.98933888115669188501 0.00008887671581449062 0.00004431513943973155 0.00022549270991300736
1	0.01241614966387389295 0.92466981887985022492 0.00547664979599991712 0.03430375143980938374 0.00569947813486991906 0.00762164033667492389 0.00981251174892179383
1	0.00051331137367883561 0.99494081132693368286 0.00085207679129720030 0.00006429545048873818 0.00017930682471283040 0.00313550907298534463 0.00031468915990328971
3	0.00380802894746509659 0.04048219151563403617 0.00262381485210863921 0.94366898398804821557 0.00321597010091554487 0.00142615934462322859 0.00477485125120465440
6	0.00843769639191109359 0.00299504232057958139 0.00073761854448104857 0.00307897603232275274 0.00334749364504613846 0.00012622266419452612 0.98127695040146456495
3	0.01610495940450613547 0.01119526818644452602 0.02442429100423878716 0.85746039123838901919 0.05061122799118827897 0.02583307658523777139 0.01437078558999649661
5	0.00008650230629123625 0.02743367110769358297 0.00087809053995117122 0.00008885330389536708 0.00116583483686073753 0.97028541377427535153 0.00006163413103119235
4	0.00002325170302626501 0.00000486289309584446 0.00003908190515299424 0.00015536081616352392 0.99943117310117013385 0.00000102338448988555 0.00034524619689991473
3	0.00057442335658729139 0.00756426362038977937 0.00004324342502410191 0.99078748766915381019 0.00052065552574191612 0.00041203351919116631 0.00009789288391232666
1	0.00333604412332980018 0.96930624478222460194 0.00353034644359672377 0.00160126657414317534 0.00044903298680223566 0.00198525940686581628 0.01979180568303642862
1	0.00111841698431698155 0.99325569482845199598 0.00061436822101891997 0.00346300904302540482 0.00006590160825789734 0.00126437285366186270 0.00021823646126707276
3	0.00030054855445767252 0.00695634042778341729 0.00013965574883752525 0.99169225866279631099 0.00042075710115580184 0.00012180474075745424 0.00036863476421395661
0	0.50436601916214740537 0.09509340929419625443 0.05133354684103143273 0.07720918289587287708 0.17643747642810214682 0.01585942307334715570 0.07970094230530265500
4	0.03711654849826535180 0.00142125495311912859 0.00167283132728111568 0.00135145152152052581 0.94961874194878359567 0.00001707370924341431 0.00880209804178696750
0	0.83812378979466406470 0.00691019526181400803 0.00556314606553550382 0.14586538139236210343 0.00183598996795445303 0.00052324404301027955 0.00117825347465989275
1	0.02950890003748124144 0.75266295431802254789 0.05383903803861558174 0.09410538666699551358 0.02972909667812825146 0.01845813444630515013 0.02169648981445214397
4	0.12739153268612493641 0.09538614146063692512 0.00387486811906027602 0.01019950430466331180 0.74167673926065136314 0.00357805803473882017 0.01789315613412414269
0	0.86910468391378681297 0.05717564713569348728 0.00101946580700913248 0.01190823446664997058 0.05652861374300524600 0.00231226897998487767 0.00195108595387049992
0	0.90172935102853291056 0.07939020522704717808 0.00005733252772090681 0.00113074383595735697 0.01305957972796280980 0.00001014972692380011 0.00462263792585511802
2	0.00000799538735712865 0.00033415572877531303 0.99852596458060749463 0.00000919742475813623 0.00004901716245851860 0.00054293759098556112 0.00053073212505970815
2	0.02390357067698169191 0.03361945869630259681 0.91389314123183584826 0.00711259754892879046 0.00811395126080648350 0.00418334204681385536 0.00917393853833102339
3	0.00819245212826315988 0.00665170947203874274 0.00004234915416622332 0.98439046986567335651 0.00016220556686894765 0.00009663911151574146 0.00046417470147460272
6	0.00404070428531155910 0.00014638709194594320 0.00010294823373858215 0.00001281351737508114 0.00242109944342667679 0.00023424574667984269 0.99304180168152222929
0	0.93688953931227747507 0.00316332879507320603 0.00014089556349633072 0.05746940624275338749 0.00106797390933956030 0.00001211267683737750 0.00125674350022259604
5	0.00010384519013819195 0.00000235898880230502 0.00008938682390788411 0.00004178821828225321 0.00000947985095233867 0.99974091113793905894 0.00001222978997723489
4	0.00303940395573012567 0.01563043949462911489 0.00085221857595250321 0.01032121887259861495 0.95831779335593425539 0.01076112584537355227 0.00107779989978176727
1	0.00329420525961737634 0.98642936662842373163 0.00108001246400920127 0.00481640984428437832 0.00054856086747896563 0.00328596179691406209 0.00054548313927212056
1	0.03052574441300874575 0.92283437398079715130 0.01350742388847281025 0.00491932235403339489 0.00382132164221338265 0.02054599611015757096 0.00384581761131722651
1	0.00447394177966103489 0.81660077059205649075 0.05265055089071628974 0.00970384968851221476 0.05385961282862564148 0.04358644429048080110 0.01912482992994701120
2	0.00022697198724673848 0.00066993192737199302 0.99377872236034803244 0.00000664509828545341 0.00027120789820912213 0.00429467739336818980 0.00075184333516928813
1	0.00697466776653951018 0.91953161379769920991 0.01039803270556790074 0.05013804068781066436 0.00182451531999189656 0.00911995116201238035 0.00201317856037767787
1	0.06607484277902196668 0.80605304022182167056 0.00082020097642020705 0.12340436794447873226 0.00287860002959465251 0.00012047780192867863 0.00064847024673412418
1	0.02281223760388466013 0.90531826045070518116 0.01780852189726394447 0.02606108890572325296 0.01477490134009534772 0.01108151043668909735 0.00214347936563871570
6	0.00618725339443459890 0.00709330162066125047 0.00109011816229048287 0.00688224142708091652 0.02614561028088676839 0.00256327699878633681 0.95003819811585965560
0	0.76790062827204874640 0.05343414476031412702 0.00240749817149672751 0.00574150538646386009 0.07661681568749599547 0.01345435431327893228 0.08044505340890138745
1	0.14575637738942651134 0.76241640751817851829 0.01242690281841128154 0.03466839118377167822 0.01888819660540254006 0.00189171726098987469 0.02395200722381928340
4	0.00007912625164494505 0.00041288080096360563 0.00038195424228517879 0.00009032877678633733 0.99845308143276167989 0.00006179876580103739 0.00052082972975795621
1	0.09242932498052960910 0.76376397925693562119 0.00642275418452267679 0.02337514846548547492 0.06949348690105526527 0.00670242328678876710 0.03781288292468243384
2	0.00001190995309959872 0.00005997825100262187 0.98727813977928802203 0.00000138395579731415 0.00909517538768439548 0.00334104710556710647 0.00021236556755861529
0	0.97178877120160644942 0.00127701956908346926 0.00001250281059253096 0.00048988217969012039 0.02551344018378349371 0.00000746467014018732 0.00091091938510398814
1	0.02160743641518536942 0.95142901342139707399 0.01887510741076445578 0.00345176956691649892 0.00065793609963043826 0.00368376015747486508 0.00029497692863107429
0	0.99002448215131877429 0.00489884308367507289 0.00021059277271057511 0.00021044234606569623 0.00230045342191580139 0.00006696558051922745 0.00228822064379516485
1	0.03700283626064621023 0.67814394321035698088 0.09643192002943999641 0.08272164249671243308 0.02190711718446675463 0.07330957831289945659 0.01048296250547853421
4	0.00002143706022721282 0.00004799059758151324 0.00069808813984494067 0.00035281709206570961 0.99870291669494903886 0.00000528359313548332 0.00017146682219492651
1	0.02534509912767947751 0.71323693933513288012 0.03105307609622534604 0.15008089296971918736 0.02835205249668377309 0.01415824027005024854 0.03777369970450955572
5	0.00047289066213026875 0.00005642205151426173 0.00149539006757354841 0.00002766116337072268 0.00041125048009838319 0.99748925737555171889 0.00004712819976121973
1	0.00139140587153594201 0.99751841849269096141 0.00026681301075179347 0.00038039664276785340 0.00032347788196106014 0.00008169400488551862 0.00003779409540664856
6	0.04892945249281280273 0.33576829429059440457 0.00313512621994503681 0.01443191891447115696 0.01201499775578645547 0.00252016727944452722 0.58320004304694550434
6	0.13388916416262960918 0.03507824619783782988 0.02833870687196482496 0.06958598760402860683 0.07591301476704565010 0.00769975449443217452 0.64949512590206126550
0	0.99915156206193389554 0.00006577381985271815 0.00000558270731080779 0.00008169321077079417 0.00060572908102828180 0.00000294250808240331 0.00008671661102117977
0	0.94222253985253356934 0.03848814081642405738 0.00123556899558480756 0.01103292691590913172 0.00434641859857606838 0.00046742933700452037 0.00220697548396767791
4	0.00599290029740282872 0.00353233508887735963 0.00275324550545561538 0.00174918210288598636 0.98310510933052730476 0.00066061915138491793 0.00220660852346622662
1	0.00397152498931926425 0.98087723779894575582 0.00067651806954393894 0.00277924854760232959 0.00091606957454859776 0.00937465186538091397 0.00140474915465797854
1	0.02726298118698003078 0.84493747622841464118 0.00348802926553682139 0.05766102264564409996 0.05596782394355801632 0.00125475455627558794 0.00942791217359100799
2	0.00009213116185656847 0.00025377622927206113 0.99801904162737309356 0.00002815230730764912 0.00004887074279587460 0.00108093384707674020 0.00047709408431975285
3	0.01375877368380673191 0.06255247898689308972 0.00233725400535871129 0.84944187437026674736 0.05045863963501780181 0.01489273476959867420 0.00655824454905857852
5	0.00256588140162924755 0.00059616287535688790 0.00275089808582241156 0.00006749967455082081 0.00143461081852763695 0.98941892810276610426 0.00316601904134726844
5	0.02323279510622781180 0.08434858027795419377 0.00523296468727001921 0.00453877617864905693 0.00102765969918255668 0.88072412768070729161 0.00089509637000885782
1	0.00638434794886813626 0.99245556121543898609 0.00029164977489783909 0.00029274604763373607 0.00006737119334347161 0.00044439050781040513 0.00006393331200730144
3	0.06289090803340208202 0.06070893246922528380 0.00382792429676133547 0.85602191363179347405 0.00585797782907189306 0.00868783553203774858 0.00200450820770815396
1	0.00083289205687813643 0.99359384012462137470 0.00124064693824234361 0.00078782639500896839 0.00151359556290719521 0.00078439722377966000 0.00124680169856229229
1	0.00084554472271009809 0.98989748903198881980 0.00109754162623059478 0.00761470545332310154 0.00006320347592946333 0.00045388787777261782 0.00002762781204593667
2	0.01449088114649766529 0.01217232402356675444 0.87544542955734294676 0.00848347500570779608 0.01574603063536164638 0.01666357253693899129 0.05699828709458339832
0	0.95560540649577541128 0.00975417158484150927 0.00105706259391409097 0.01413076912045805461 0.01390234403582983613 0.00204734703495626112 0.00350289913422473839
1	0.00241505222050531366 0.86470926604767928136 0.00673449974518796138 0.11364712109313782062 0.00315762150530349544 0.00291143732010301637 0.00642500206808389873
1	0.05628161562649527244 0.66332807082920697272 0.02821432150350940485 0.10933195793079419911 0.04102025293115055260 0.05924163054795143074 0.04258215063089265673
1	0.06119321587097557857 0.92632983966961857103 0.00044504616092861754 0.00888510652546228678 0.00123829228355703462 0.00131073769028809033 0.00059776179917027741
4	0.13046560299869680577 0.07824430110759804380 0.00559959346225846321 0.02082788130916267411 0.73987024160914793836 0.00369386137159500184 0.02129851814154093761
1	0.00098923229380226902 0.97587208811668524344 0.00088682898486247921 0.01641391871343840514 0.00293358578009692526 0.00085176919735753336 0.00205257691375705480
3	0.00024633698991857354 0.00135259992021096050 0.00003821257641359391 0.99828245758937750320 0.00002632410959875692 0.00001320633840723173 0.00004086247607305309
2	0.00028377026884957729 0.00000973903979174959 0.99904452286078282430 0.00001532878334383283 0.00020514811933399022 0.00010105370708833527 0.00034043722080895653
4	0.00097747293651449536 0.00139623000673819381 0.00009933958547746712 0.00044531515163911712 0.99645584118539021201 0.00001502147656504982 0.00061077965767526428
6	0.00046900881015441407 0.00015895989877665119 0.00128192217224868668 0.00082283345492555309 0.11639458503639678322 0.00006608522421855564 0.88080660540327915253
5	0.01853698226929460097 0.03703068240867444377 0.00231406147708249294 0.00969147864002930376 0.03886817696886805951 0.87858492061858883826 0.01497369761746262552
1	0.00010355341837098014 0.99887517089515154289 0.00005971387164016695 0.00008615944763748353 0.00001334007069871712 0.00080527661059277356 0.00005678568590831025
6	0.00086159446585924661 0.01663252601997349672 0.00263269235747150623 0.00013833311780074068 0.01263684651442651026 0.00018093116077093506 0.96691707636369772505
1	0.00043466482410678729 0.99543095308473572569 0.00017058908442504846 0.00227863013925188500 0.00003561672770120020 0.00146939505997632325 0.00018015107980309770
5	0.00139226441578192781 0.00197193368599529089 0.01391790002927177465 0.00000503046422186396 0.00334019774162766731 0.97924531745152287865 0.00012735621157819850
1	0.00014529610655540149 0.99135625208437339051 0.00003755155578975178 0.00785065263822598211 0.00005044996266062885 0.00055254745106436611 0.00000725020132941006
0	0.98953222906309479256 0.00184406466464496371 0.00058112949080025211 0.00023059484921916692 0.00609781408007623212 0.00068569776780282325 0.00102847008436209681
0	0.96203721945542985949 0.00441030430219339822 0.00196190498057088663 0.00093666147737532783 0.01022866750708423429 0.01987572446523512559 0.00054951781211123429
0	0.99335840048957380066 0.00325284450034526128 0.00012344013181393810 0.00192346591315155466 0.00068195044437302781 0.00014092175576548233 0.00051897676497685789
1	0.02193785250285800945 0.93962804786393538947 0.00228452128257073230 0.02236076818992020418 0.00545220383400394065 0.00367877625134716999 0.00465783007536490091
0	0.91528642525876424685 0.03747028487075815262 0.00179621370415958661 0.01540527513138798509 0.00633297205762104430 0.00096994935602462949 0.02273887962128440590
6	0.02135840509798473189 0.07051162975875603645 0.00111331006308650841 0.00230531358443964839 0.15288521520028561240 0.00440336238147078646 0.74742276391397666213
0	0.73701781318086667660 0.08519353825475411979 0.00501704761889066198 0.10338466542132362935 0.00662516972774025454 0.00100103859608917920 0.06176072720033591590
1	0.00082334841909125378 0.99826263525232361573 0.00038084142033318637 0.00020415671616534549 0.00003330223882448117 0.00027992854670486165 0.00001578740655689343
3	0.00003382937904256989 0.05012052840604581949 0.00004312042202681410 0.94979150834714543006 0.00000585942388871442 0.00000224361201369421 0.00000291040983741283
5	0.00506172682990195782 0.01623627063019515010 0.01593903613598710370 0.00056042232283521590 0.00935845813478025125 0.95194625672101151892 0.00089782922528897308
1	0.00170399931377202582 0.99816893686028473898 0.00002461917540880230 0.00005186914846806204 0.00000112737515117083 0.00004791688676477005 0.00000153124015026977
1	0.00798614645759574728 0.96132417390210034291 0.01593347831418468266 0.00649381522241144950 0.00153542914001569180 0.00592401763840478147 0.00080293932528683644
2	0.00010697248596005049 0.00012427836603380623 0.99799811122347270587 0.00001362723849696928 0.00034495929579695891 0.00128740790613191469 0.00012464348410819203
2	0.00000282461885088385 0.00008954134090364777 0.99983514954332031177 0.00000450505555635654 0.00001994166920128833 0.00001254268232136032 0.00003549508984569895
4	0.06790067940243012246 0.00057452975210199413 0.00005133411837674572 0.00182863846833412847 0.92911731114052331648 0.00000378728614654882 0.00052371983208733726
0	0.53896365116000111151 0.44847941619698750149 0.00053855146859117971 0.00863224449085159967 0.00194188743965884860 0.00042925574381173787 0.00101499350009793599
0	0.97456303904614260958 0.00544365271811629581 0.00002440589591243862 0.00539777689341370149 0.00573263617019066900 0.00051046221229421524 0.00832802706392997069
2	0.00000307903528713508 0.00005169895801252661 0.99338120748846370223 0.00000055278447421012 0.00007886403417269582 0.00641946620067066365 0.00006513149892006323
4	0.00265608991698748804 0.00437890453981411559 0.00323118449519908726 0.00615082937327564392 0.98207548331763838689 0.00050969128210189940 0.00099781707498263839
5	0.00226317078746327742 0.06038747763902448107 0.00107115689994335440 0.00004754753755795363 0.00247174123658572102 0.93372557869255257135 0.00003332720687224161
6	0.00050820045872822543 0.00019056356972737556 0.00060925611399634456 0.00007617532472199080 0.00086977877289895174 0.00003634151476988380 0.99770968424515693584
1	0.02715385263912859296 0.88281125254548764580 0.01073990230703672846 0.03871520171762866253 0.02098530504264899468 0.00963489344352450039 0.00995959230454462538
3	0.01131627187527206417 0.17388254451254533950 0.00533648118671125899 0.79366412688119225560 0.00846593139728080493 0.00337423086314798688 0.00396041328385043825
5	0.00989507452197215323 0.03489186647233923771 0.00224142755055325126 0.00391227454689743737 0.14089524513027126829 0.80731824622451420215 0.00084586555345250432
3	0.00006270179885976336 0.00359987519575919032 0.00015220455437824434 0.99600190043609804214 0.00002039980865342751 0.00003189204618405183 0.00013102616006619922
4	0.07242265250888102468 0.00885613792866509104 0.00061268831950152692 0.00840222744203924024 0.87885407018061256768 0.00040654453205021064 0.03044567908825037902
4	0.00004476976352673961 0.00014741739486838864 0.00027838182524071140 0.00017636972543427366 0.99899477310694995147 0.00005475598511750214 0.00030353219886299976
3	0.00011075683989106885 0.00289814978086088380 0.00009425209697919287 0.99665515037848240176 0.00011131892272378459 0.00000922195580245847 0.00012115002526046091
3	0.00484155244479148733 0.01236481414274429556 0.00251186229325893028 0.96902010782055714166 0.00216557215808151331 0.00071006410426936739 0.00838602703629798794
4	0.02447348995739516420 0.15720892783508308432 0.01971612840596349489 0.08535300090468092571 0.67914793402847017934 0.00879845741359199310 0.02530206145481483926
0	0.95652097760687870842 0.01951369077956992271 0.00095574990853748753 0.00807487881205075538 0.00722729355697944269 0.00200366456954830918 0.00570374476643558965
1	0.00006580410701785784 0.91742931990780418605 0.00001245807743067185 0.08248690189802250494 0.00000088461502653850 0.00000404838487890316 0.00000058300981892122
2	0.00029459364171557462 0.00082409484585786665 0.99671984008305614111 0.00016567380795664771 0.00106779744528388539 0.00065097555449245979 0.00027702462163705738
3	0.00364267089363013363 0.00798112723335544366 0.00059176661665310193 0.98722867595367969074 0.00009209287591685147 0.00010452661739542556 0.00035913980936899014
2	0.00002033244857662059 0.00983562463386008709 0.98800751302736111725 0.00021716586414544743 0.00004419849774680779 0.00184225213203404467 0.00003291339627555796
1	0.08235504365998960741 0.81609294989710901014 0.00260363057553225207 0.02018382943877937777 0.03178167231830792555 0.01399960850711418590 0.03298326560316792305
0	0.76781868052292379101 0.21599441761103196913 0.00030462547128086957 0.00656327258535824212 0.00364116033058839222 0.00111667607665687707 0.00456116740215960562
4	0.00829549131416827505 0.00266086857960071534 0.00002800206150442913 0.00080488020986682249 0.98665617509849745659 0.00008593294921256692 0.00146864978714973194
2	0.00006143620302764774 0.00038451856256511215 0.99776285810619635974 0.00000341029093940946 0.00020315019254850181 0.00150448686784118279 0.00008013977688102814
0	0.96058956640939785476 0.01915964480918558657 0.00047611398690493474 0.01142581428391555368 0.00361852437729804710 0.00073047895065215152 0.00399985718264563462
0	0.95805980333624340961 0.00553524357696016499 0.01005859928823405781 0.00815683334041019704 0.01257268886621508951 0.00135752545781575259 0.00425930613412129483
2	0.00010788338925931411 0.00868681020456812773 0.97998009289375254127 0.00013532559226261086 0.00039705037384090997 0.01024153337455795815 0.00045130417175952942
2	0.00006575777899765539 0.00223291502171728447 0.99469103710242079419 0.00007400847446663588 0.00097856448311082664 0.00117706386335120704 0.00078065327593701615
5	0.00357610196649374608 0.00280470741191735573 0.00943673798912220488 0.00137550450280381708 0.01545229009700421936 0.96523756698549278976 0.00211709104716609718
3	0.01104245136111701130 0.10512397706561989186 0.00611099371099323423 0.87154058903972875250 0.00474281431066301412 0.00024323979075853577 0.00119593472111917723
0	0.81352612903661480903 0.03621175390750325934 0.00207703184850078094 0.10589735316715692681 0.03185404047054912757 0.00155053049093280271 0.00888316107874233610
4	0.02284782315547578130 0.00403850932556237916 0.15211099642514272490 0.00165116763667633431 0.80859740151808978670 0.00522451869398876147 0.00552958324506458345
3	0.00016578598743490904 0.00537833992293414685 0.00009503969674067820 0.99394918338986915085 0.00002827846350133472 0.00010125510653837085 0.00028211743298180115
1	0.00951673009422221265 0.78690704484394036200 0.01011584123713277911 0.15154360010800205227 0.01312023670143098314 0.01539029430358851598 0.01340625271168354067
2	0.06312177591634467178 0.07646485877046485524 0.65915849095857481643 0.04798876369689930588 0.05099705765206166697 0.06981657595008379513 0.03245247705557113838
2	0.00004849143379555237 0.00032381790364829980 0.99533142805023955280 0.00004688635149109405 0.00006824442394120523 0.00394910500945336220 0.00023202682743136310
5	0.00017798338414036033 0.00029545147172362345 0.00051551693062624896 0.00013093207822396048 0.00067069483437123150 0.99819339384237837365 0.00001602745853525826
6	0.13337226208116070847 0.12054333681097315067 0.12675557994862871047 0.12296766151295467073 0.04349718751986423465 0.03841001045024410032 0.41445396167617470917
1	0.04960792580222842668 0.93402715112130596520 0.00060080589854241814 0.00212507844932557010 0.00023344476894657666 0.01193075264578169481 0.00147484131386943994
1	0.00103740775004025664 0.99119494113407724534 0.00047726884390393185 0.00345222968729096049 0.00007846845281495901 0.00312825331240923011 0.00063143081946436398
3	0.00049867111022966948 0.00273059625895809462 0.00030479300687267651 0.99631691474654815455 0.00006738617469543505 0.00003229097733262903 0.00004934772536286369
0	0.99468568723297268175 0.00307046689488061622 0.00009301720553059510 0.00064341977076837491 0.00065052541805229915 0.00013800901629997789 0.00071887446149533196
5	0.00060662665128943262 0.00134795628206449999 0.01436869673563016640 0.00005460134252366425 0.00082581644533513102 0.98254888356243708092 0.00024741898071987061
0	0.96128643540945712953 0.01201351099151265304 0.00120682525959959499 0.00255401706275157001 0.01950446862451755276 0.00031937591413452404 0.00311536673802693476
3	0.00024728106421698651 0.01452253566703093357 0.00020393019978534420 0.98486472117295387196 0.00002838047353016934 0.00006848544167365541 0.00006466598080938421
0	0.98494921836746851529 0.00636388963949260141 0.00036851921955015696 0.00062707769997807775 0.00006751608707075556 0.00695583503776800276 0.00066794394867163945
5	0.04580727219050598209 0.02887247613089441792 0.02445601566331683310 0.02587801775169289165 0.01699189382411981503 0.85291478462562031471 0.00507953981384970128
6	0.00029157360176361338 0.00004677815723958175 0.00001741597818107951 0.00000595457720109438 0.00565870334673051773 0.00006184669330624709 0.99391772764557795306
1	0.12608309380389187693 0.86324627179056900861 0.00002776983544525011 0.00154132771557833823 0.00594132065681748402 0.00128004654004250135 0.00188016965765619502
4	0.00177357386145106898 0.01497785473317284413 0.00449589986910872447 0.00206102054506129232 0.94485051677854481333 0.01128752321678751051 0.02055361099587351206
3	0.01037710804160037886 0.01536240651101918563 0.00357911675087133974 0.94995077835906882591 0.00681004331080487142 0.01371563602277474543 0.00020491100386157897
4	0.01979965850165862559 0.00654179247114050014 0.00496377333248941566 0.00418743765384138079 0.92778887836646384280 0.00933547292758028953 0.02738298674682611983
0	0.86692773237128328834 0.00623732105130548470 0.10253775674600086598 0.00761485195181997240 0.00529429510880859849 0.00144662453116057893 0.00994141823962114285
4	0.03124998395318095978 0.06538232022947493283 0.01202522172347610455 0.15595902529740501841 0.69977459497198957195 0.00646441814367971525 0.02914443568079344918
1	0.04173429540476507327 0.84980154930725670948 0.05358004782573651953 0.00820407902213815196 0.02242327885089474143 0.01242327255362249243 0.01183347703558676814
5	0.00009029238458915807 0.02943528100980911597 0.00809361460750772192 0.00205743589467315786 0.00056494111327283264 0.95961402602596324041 0.00014440896418430708
2	0.00037954094411278447 0.00116476841390051721 0.99367307914307745342 0.00010429808253601700 0.00065157166132448897 0.00373448507221680551 0.00029225668283228818
3	0.00064448710811410253 0.01082544840282012068 0.00019876523767773155 0.98694960536487874592 0.00113999709688560741 0.00006543298533339667 0.00017626380429152597
4	0.00869917545605863006 0.11189614591318260139 0.00396051909073815746 0.00114077612730657829 0.85391375721345608163 0.01638437885300426250 0.00400524734625338878
1	0.01430525908520460104 0.51832506676615053287 0.00036161975155210991 0.46418979609209454207 0.00080079309079512354 0.00057840060429774234 0.00143906460990535527
4	0.00425424636595871184 0.00863799728965455003 0.00815722163285693795 0.00390973404317601723 0.96864508193735954222 0.00303155448346362081 0.00336416424753119237
1	0.01845549368832494208 0.97969584219102345823 0.00047316754357320509 0.00050494637768174096 0.00021335282857402670 0.00033068590358414695 0.00032651146723860998
2	0.00711210035179124424 0.01399888007582096756 0.81274000894278541907 0.13804089299788382950 0.00560257923565819077 0.02229374679553692770 0.00021179160052276147
2	0.00405973476670093338 0.01477314233074344084 0.93599401362749645727 0.01093323031613284251 0.00336458518593867311 0.00354706631347658473 0.02732822745951154000
1	0.00159210490185371866 0.78015989624840953454 0.03754668470099326721 0.12890702712960278031 0.02815457363502944788 0.01094292052521157223 0.01269679285889927824
0	0.63835266592746686687 0.33256538814592762066 0.00128552802852166395 0.01219133309142764708 0.00155780854766946852 0.00605130184841751878 0.00799597441056950665
4	0.00001077887272387126 0.00118383084060937451 0.00015432462248721548 0.00010006173493233874 0.99822331468691982703 0.00000700462042622442 0.00032068462190137578
3	0.01379767011661386066 0.01570144561126023824 0.00926461387785624223 0.86503735469486275900 0.03330852107177119381 0.00250948838499224407 0.06038090624264275119
1	0.00102340352587834888 0.97776523498216350028 0.00119255720919651830 0.00767919700906199206 0.00096481551200811987 0.00223300345984281607 0.00914178830184946521
1	0.01087833682196575821 0.94766492322027739981 0.00186096700409836015 0.02179829487419829639 0.00247489441755221508 0.00703997728229896220 0.00828260637960867921
2	0.00045192413050485934 0.02255043914295586094 0.88925005413517532737 0.00010330317791953494 0.00347489565366969474 0.08406021210298429691 0.00010917165679092948
0	0.93951004970689289131 0.02233607560333391445 0.01846991177241781926 0.01391129656161122635 0.00288174360573251664 0.00068319700437141791 0.00220772574564027328
1	0.01334097965359979862 0.90780348978152247685 0.02010734817815932815 0.00709172204873613488 0.01563866646939573307 0.02975818314305187645 0.00625961072553436488
1	0.00011320715308984052 0.99854027472603013038 0.00002613640523089369 0.00128252936856182052 0.00001923303454310215 0.00000742792034035178 0.00001119139220308773
2	0.00266528813392880298 0.01406773514577056884 0.98004811747022724244 0.00003392803522190359 0.00004980086257422498 0.00307807065453873964 0.00005705969773836913
3	0.00016832732115462228 0.00878342288743362565 0.00014889736891706990 0.98934030607465006657 0.00041581397479406937 0.00024695614494745654 0.00089627622810215619
4	0.03130022822030103374 0.08658837984820626221 0.03975699908087385048 0.01568436803431745227 0.80112799864534600669 0.00608202958443690520 0.01945999658651850067
0	0.82621573273804549409 0.13399185341987646103 0.00097950047527619200 0.03386616234682244403 0.00416913698183864027 0.00002146636003610937 0.00075614767810511902
1	0.01842698161782734337 0.93676035895572840051 0.00200893152812289333 0.03372727195847882720 0.00558436362435043524 0.00093780742924417224 0.00255428488624812305
1	0.00582642754896922199 0.95808908205874387942 0.01187644291434312126 0.01022653987047970718 0.00497566698008496903 0.00706209312645952967 0.00194374750092008320
5	0.00036254227825604135 0.00914686222637938612 0.00396153021630511921 0.00269275268802235141 0.01551961416552280655 0.96669967926595801178 0.00161701915955649251
3	0.00157200554330959416 0.00004922218889251887 0.00013804703425806779 0.99791542583676617895 0.00028871929636921904 0.00000445647208717497 0.00003212362831641726
1	0.19463198365655226540 0.71880487487015642944 0.01128183541844646025 0.03188249101090239596 0.01281220640794140074 0.00777177934511196020 0.02281482929088923459
2	0.05307018253010772207 0.04917835955575379503 0.85552298411229210640 0.01837845314954254794 0.00642005426480464665 0.00225664791179575573 0.01517331847570316250
1	0.00532476824000049486 0.92937181159154091947 0.00110476289537400131 0.05283810305993775353 0.00337896065821150296 0.00122191737949680951 0.00675967617543859946
0	0.78212988984980491569 0.06574380014120076443 0.01559480634216602220 0.04005687476531616387 0.04046401576465447070 0.01624611581393139645 0.03976449732292638289
1	0.01380956017219618116 0.58334948652332985208 0.00331465165322718421 0.39351342774016306869 0.00290929294373082912 0.00109097976057203022 0.00201260120678032261
6	0.01304905279359114614 0.00077508487035463146 0.00131010168791955480 0.00213498245811102926 0.00743616532400320947 0.00739370430305778901 0.96790090856296262523
1	0.00121796592590453631 0.98723867788090524655 0.00014475243836765110 0.00898791515637341332 0.00066299044012205492 0.00031783183114512655 0.00142986632718299935
