5	0.03920340950943571046 0.04193569381453009226 0.00729128000487397603 0.03565218776988295785 0.02208297746402866635 0.84716993905622939298 0.00666451238101895167
1	0.00527619036246881456 0.98899744742382200702 0.00068592332972610087 0.00063236923515978317 0.00173229553918166418 0.00191821564577488802 0.00075755846386559185
3	0.00005433834345800730 0.00048544985637814363 0.00022687642682458795 0.99908773866126876495 0.00002908656759754841 0.00004433860813794021 0.00007217153633503479
3	0.00105906311775609920 0.00032565373250013598 0.00089688154550224709 0.99742415833232056510 0.00012782494749756388 0.00003580468241770307 0.00013061364200596414
1	0.00849423933026479533 0.97891267204840248795 0.00135108309671540705 0.00398552516486023588 0.00572138490815125161 0.00115136412494806230 0.00038373132665724417
2	0.00006212181345796774 0.00228919692054568120 0.99250152192885299218 0.00316356459857611945 0.00136927265091273532 0.00034439581933711150 0.00026992626831747699
1	0.00268200732158292926 0.77295171019583008842 0.21058920485435386749 0.00812601718831188619 0.00136510622584833465 0.00381067408054363991 0.00047528013352856599
6	0.00684112515694752614 0.00699333956799767266 0.00079648252298517464 0.00068415380271519548 0.00218470918698322877 0.00075489189464635704 0.98174529786772524176
0	0.99595488223104877701 0.00302776940719177252 0.00001534272935751456 0.00013210412677077966 0.00052920826297731688 0.00003909418569768466 0.00030159905695613539
6	0.00720615072460371875 0.00008211140011996810 0.00009252452190006927 0.00006570343266577618 0.00018695650661454123 0.00016835174851353283 0.99219820166558192476
1	0.03960843786895334312 0.89537277558505812269 0.02994584427140503657 0.00554483461319539572 0.00172765862400803380 0.01444131463406893821 0.01335913440331049258
5	0.00050038971154989286 0.07457546473475523685 0.00252230849948217829 0.00006803628237976860 0.00546736838883607728 0.91683384402585965667 0.00003258835713711081
2	0.02247891924086483154 0.03959592610670864543 0.85044982871115093470 0.02237884134654528900 0.02728638711181757132 0.02844993009333298892 0.00936016738958023869
1	0.01281152914258344537 0.87169773275571582616 0.02314286863233857433 0.05961133712958489872 0.02194203144583792287 0.00893423323325735763 0.00186026766068089658
2	0.00012405246946872335 0.06889604462685126884 0.93048218996147391557 0.00006460633543895717 0.00002250109084189486 0.00037735464680753667 0.00003325086911663892
2	0.00194088355275219690 0.08199471759023617412 0.90524739422039302017 0.00430787785590949941 0.00192969202547729388 0.00401780119013027664 0.00056163356510103624
5	0.03419287017260563832 0.05189103535454357014 0.00946259601030348223 0.00101004820140410513 0.00824727675441529195 0.89379733619012780022 0.00139883731660025296
0	0.87077529726903224461 0.02643849108782170970 0.00347146944571829737 0.01482461659888420318 0.02908937025569506563 0.00881936272867726509 0.04658139261417162946
2	0.00136213542124346849 0.00753503297235133627 0.94578875706720388905 0.00010052943228754633 0.02043000358699866362 0.00212189145506686081 0.02266165006484796920
2	0.00001337120232187490 0.00000525684164932106 0.99993618849665455439 0.00000465048075862369 0.00001461951581912597 0.00001074757275076693 0.00001516589004476115
1	0.00005300446522026521 0.99978325950080271234 0.00008486408160824232 0.00001179926261579356 0.00001180300582116114 0.00001836206352289294 0.00003690762041086267
4	0.00363918634980694728 0.00109943316563724581 0.00004929986389583653 0.00007928316566858441 0.99447397823494643188 0.00023265827545196677 0.00042616094459300687
1	0.00000903978300789692 0.99992948909689005621 0.00000880936952317642 0.00001388084815026364 0.00000414112981400430 0.00000918990091010532 0.00002544987170456692
4	0.00158459771697859833 0.00141882941871790706 0.00282102272906818718 0.00153206465428184602 0.98716573792994832814 0.00410736804837873865 0.00137037950262623091
4	0.00006731080099525435 0.00011798267400334981 0.00005113651663425026 0.00092381224889621970 0.99871442313448666184 0.00009281485046829874 0.00003251977451767962
2	0.00012161664292872910 0.00003227650966340891 0.99860357956504830490 0.00000865802055852237 0.00003117602445448965 0.00118507688111772237 0.00001761635622846570
2	0.00382170533129939797 0.00696795190540615544 0.96626475935963729302 0.00231318817017524140 0.00140659232385506681 0.01722862911636116254 0.00199717379326714347
1	0.01395065134890125132 0.95465792050361608645 0.00485428681124307985 0.01324670872959591954 0.00690722217581308303 0.00446460111748216409 0.00191860931334868396
2	0.00510773371599601914 0.42732460671372796135 0.49414248226683860077 0.04395822052497198179 0.00474410333487801806 0.01164628026322778696 0.01307657318036040302
2	0.00036918315475230172 0.00607534669131415059 0.99187220855443281042 0.00032595839684076890 0.00110468677975854822 0.00009672041705877671 0.00015589600584310778
1	0.00003734647175740323 0.99631609746188098953 0.00246512740579184599 0.00057787131448959255 0.00025838983341003411 0.00030182797729055828 0.00004333953537884124
2	0.00009032780758452450 0.00008847338672210336 0.99854513613501005853 0.00007331249334941523 0.00088412472677201954 0.00026605808247190041 0.00005256736809114669
4	0.04282316433370154246 0.02861841281656449590 0.03292104152498959158 0.03682428631762392490 0.82753071891276064331 0.01711499734892412555 0.01416737874543567109
1	0.00414304893196553239 0.91045896574780693644 0.02577235179010247193 0.01039039274730269198 0.00349871574671815769 0.04390372175990115561 0.00183280327620331785
0	0.85013395930567792202 0.08773728170935891912 0.00096104354907957800 0.00213549255185992073 0.05173533661415492119 0.00030762750488152297 0.00698925876498707362
4	0.00074235329644628100 0.00460330307461027325 0.01481988772114715101 0.00324914472193314242 0.95737263336795397350 0.00945804046050609422 0.00975463735740281397
1	0.01403536574358090622 0.94912032137190982528 0.00521247228816796703 0.01819379274804202098 0.00810340914011377540 0.00344890395902003105 0.00188573474916565401
1	0.00235869260054621856 0.98574173093033179427 0.00114972558388688620 0.00149941304749111521 0.00758143467548471912 0.00158118343838153192 0.00008781972387785778
4	0.01853466889486317729 0.03459421961522250732 0.01197705104539308757 0.02345277516339640267 0.89839169436846655348 0.00915171536669951921 0.00389787554595855991
2	0.00034843802666773195 0.00097044679580798811 0.98311554782719434709 0.00097733590018361143 0.00916538165385656460 0.00423313109961551051 0.00118971869667514637
1	0.00066020720741082138 0.99753045815989593859 0.00055076790042567084 0.00035512730746441043 0.00022934507367591901 0.00063836177564265085 0.00003573257548459330
0	0.99740866606632405666 0.00065153834150566544 0.00007067246020088985 0.00012768518177804392 0.00016502791740854558 0.00013776642415833952 0.00143864360862441202
3	0.00035482543946063890 0.00150134974584304262 0.00012607511400820458 0.99547713681261595919 0.00235558901230746793 0.00002974340489979275 0.00015528047086451298
2	0.00000123982738133217 0.00010917335756908816 0.99982838185782807461 0.00001164463479432524 0.00001049539618129670 0.00003410883736820658 0.00000495608887604771
2	0.00170740352779939850 0.00026317232300563265 0.99597394566606134436 0.00041179968567533277 0.00106768502401626908 0.00048345251984069609 0.00009254125360031567
1	0.02937450977863510088 0.93345705652021071508 0.00751647382167343163 0.01108090119272949273 0.00951662639216735440 0.00556085353752802224 0.00349357875705614889
1	0.00954011289043629578 0.94513277714692522924 0.00228598398280577004 0.03198443375000332989 0.00293561650613174876 0.00730805973812158945 0.00081301598557572915
2	0.00016624219377320469 0.00084630967257312594 0.99720505438033024692 0.00062646398699606578 0.00080425437285119872 0.00025971714350815970 0.00009195824996715391
2	0.00472068659849693515 0.13375648342971732663 0.79165131978324299045 0.05605678640621272052 0.00551436280105377288 0.00490732461156415806 0.00339303636971215010
1	0.02486377265802057479 0.96519942558023197332 0.00096716131599067093 0.00549920426804258178 0.00105875426545519089 0.00138130136197061118 0.00103038055028859031
2	0.00035551447942175796 0.00802739153437788573 0.97529538784692582087 0.00659416621633224665 0.00443486131404151763 0.00046386362720857247 0.00482881498169142331
4	0.00001980566508297541 0.00012246994099232968 0.00003987063789167159 0.00010800687642200094 0.99966284727471832472 0.00003543616497656034 0.00001156343991505720
6	0.01645824682968191968 0.00335548937658281888 0.00302649518360733520 0.00196772088814930590 0.00832940559441743868 0.00376434242624977197 0.96309829970131122234
1	0.02948041283848614955 0.86347514222863275268 0.00592638166387284091 0.08776425287956454713 0.00447714751779145978 0.00544460302763000083 0.00343205984402255400
1	0.00178873808712541496 0.90587659047920132682 0.01591206674672757809 0.05405776773422784481 0.00228679923201661637 0.01905078792257162285 0.00102724979812964488
2	0.00044597655940207078 0.00022133249285469654 0.99764255281233893413 0.00024990909159774201 0.00035032020456546482 0.00082555186407667186 0.00026435697516446636
6	0.09595685967018353912 0.00086748672732114157 0.00030929635778548459 0.00006258538274269877 0.00084318861931509035 0.00008026208419356744 0.90188032115845839787
0	0.93589327904457686458 0.01963907209509319074 0.00415210721940114519 0.01753897475277942097 0.00308689889406530728 0.00614414237538700968 0.01354552561869709279
3	0.00052528829811950624 0.00002519582638296087 0.00003227068846206009 0.99939612833709590145 0.00000699506313059978 0.00000361471856514080 0.00001050706824334910
6	0.00731073130091307831 0.00186453980068742903 0.00010224854494508411 0.00035244649461946509 0.00079133855718982362 0.00005249367149977116 0.98952620163014537447
3	0.00049076786919160175 0.00535403721518993344 0.00017989466908549742 0.99391118057540261965 0.00001027918060650733 0.00004210465814201240 0.00001173583238198942
6	0.01605777031016752260 0.00005282271267696965 0.00000828349681344965 0.00000997514649321312 0.00006677739101323572 0.00003307816874856264 0.98377129277408670305
1	0.00108953570522235597 0.99027126906872942058 0.00100007064828873198 0.00312281578279841911 0.00130063393002635003 0.00285463176122171310 0.00036104310371220833
1	0.00106129941476387638 0.99684805130505771409 0.00040014107397788286 0.00065620467747158108 0.00061101233500803994 0.00025831057899195728 0.00016498061472902496
2	0.00104216279562152582 0.12400061231133086004 0.86749449062881633932 0.00314408185277525705 0.00021467990046679177 0.00259149201959226957 0.00151248049139642948
4	0.00864245269625102570 0.03602143488047893083 0.03276528213943427637 0.00237963137574193897 0.91702903963842385959 0.00274497719182804868 0.00041718207784196512
2	0.01940964926064086757 0.00603212994897305357 0.91418764366610860694 0.00501598020576009707 0.02268272660651347514 0.02688819267287567358 0.00578367763912873440
4	0.44394639920770595509 0.01228961659184857683 0.00143786836873972747 0.00443477000232864963 0.52294743294621115481 0.00173397956905665777 0.01320993331410911208
3	0.00151217398817175700 0.00010448797028962809 0.00004652055724434153 0.99822938061357702200 0.00005703903817806236 0.00000805593602217723 0.00004234189651766129
0	0.97800590676925769351 0.00597340330435580918 0.00006223559920612390 0.00034395972513758839 0.00862909985133781046 0.00033442538783748664 0.00665096936286745447
2	0.07033962049749439838 0.00025447931801614293 0.91272891582578286052 0.00031439851155786683 0.00567189418641819796 0.00655894131263237094 0.00413175034809866969
2	0.07209583309737008228 0.00962888653370870540 0.88788809654920020087 0.00162522331821379025 0.00716470304373013119 0.00410916206014326837 0.01748809539763353238
2	0.00174279533442044067 0.00095225997611339032 0.90329736574826569040 0.00021927077943670074 0.00036731050484721523 0.09327254825867919985 0.00014844939823753601
3	0.01471721505406111373 0.00205022011346530112 0.00041095798542151413 0.97303976265834479786 0.00934099731407941024 0.00030473967001366277 0.00013610720461452574
1	0.00000997047286295829 0.99995165017459242129 0.00001678901809603822 0.00001458678642872611 0.00000270084254431329 0.00000369919152439732 0.00000060351395142508
1	0.02372626390781970226 0.86820186102888496915 0.01512903335068276414 0.07671197300950123588 0.00419517185653942113 0.00464001327679222295 0.00739568356978021531
1	0.00052628319326700234 0.99885324545285514297 0.00013352534094103095 0.00013789140554095513 0.00027184018245056261 0.00002951258633854113 0.00004770183860645270
1	0.00393558651383695262 0.95475024980066514058 0.00599358358472797028 0.02929673619026336093 0.00220725219059939200 0.00296761574550698931 0.00084897597439929473
4	0.00624548720514111685 0.07106349673815262613 0.06584465240349909876 0.01011640691143405636 0.76962866960738385291 0.03845108001112423207 0.03865020712326489721
3	0.00253418434346686441 0.01385794643115663416 0.00193426477847042397 0.97953921023908707699 0.00154897865869675546 0.00009967751158281309 0.00048573803753847986
2	0.02672340474793093515 0.03482657512868300720 0.80664445192549594221 0.04192751279980957979 0.03955306772580266528 0.03087169072380725743 0.01945329694847046029
2	0.00057423917669253738 0.00006591374834568054 0.99846223094760944150 0.00019068268396522798 0.00013209455002101121 0.00052191309127386459 0.00005292580209125427
1	0.00107866539123326424 0.99710370340376297538 0.00057156769512517686 0.00078347992303912919 0.00011304387276148855 0.00029959638120742680 0.00004994333287097297
2	0.00162884703253303865 0.00021242139256569029 0.99307720183825354265 0.00035579306643971574 0.00103933631585733603 0.00187943174376712058 0.00180696861058487666
0	0.95523970305550354176 0.02292493358753314864 0.00236638559671125369 0.00481693811591382692 0.00647211220614056591 0.00590075995221097521 0.00227916748598662065
3	0.00075527716749313172 0.00182960222960643223 0.00285974819878510823 0.99282545228961305295 0.00128178015773005704 0.00002729844038775790 0.00042084151638454372
1	0.01477657887633543679 0.93176531220273750566 0.00321562019674609574 0.02467582048932155311 0.01889970422748189424 0.00538775666646229209 0.00127920734091557645
4	0.00004478391170917417 0.00010038419292647145 0.00013683191222423343 0.00097681364542790555 0.99864911509815590396 0.00004091598104060613 0.00005115525851478733
3	0.00815312454994650271 0.00398341754461532544 0.00192814434233991891 0.98166178808106252518 0.00334792586275554482 0.00021091031250329912 0.00071468930677734757
0	0.94160482402989686967 0.00753191405228292692 0.00198190124750375349 0.00510953054543942468 0.01501638714475431180 0.00229421101296816039 0.02646123196715451445
0	0.94487030171851604798 0.02666470008329030125 0.00333585802362546414 0.00118894600294757423 0.00599544990091607603 0.00050027191358528538 0.01744447235711944419
5	0.00579437557711872525 0.05876623094042303375 0.02118538523333207690 0.03421826460059868708 0.01984194595584978446 0.83998250878320568358 0.02021128890947209919
5	0.00778243692963066953 0.04822675642567332555 0.01259878556941032048 0.01023000440996677321 0.00552293571328523608 0.91338684993535124157 0.00225223101668238458
0	0.98221414726852984689 0.00415268480745648472 0.00026149325240219036 0.00061792224022401507 0.00130325248585566448 0.00114459485030832860 0.01030590509522350678
5	0.00664749884716112072 0.06153415910547601481 0.00181156795478280949 0.00318524533426922576 0.00282853753039000915 0.92169617622295063608 0.00229681500497050644
6	0.00375700675713226120 0.00058027064541787477 0.00037198939568015675 0.00007012358269373081 0.00011603331305504701 0.00017063781950072234 0.99493393848652023070
1	0.00637696333523264224 0.99024184141072713050 0.00096999732710888111 0.00046481699472728178 0.00089654856055054201 0.00064209424501191002 0.00040773812664289457
3	0.00412604656643311869 0.05184587865466005335 0.00913630326866156535 0.91015288561459839478 0.00956656481852538425 0.01083334830085251263 0.00433897277626954254
0	0.99289485244113184770 0.00125825084704988318 0.00009610926256534566 0.00090576792421234525 0.00061653321822047354 0.00068187812390462670 0.00354660818291562723
0	0.96482316335784845673 0.00684874000559427838 0.00100366629568638061 0.00741831953048406167 0.00803539458610708079 0.00449586897442042291 0.00737484724985928118
0	0.96240686976980738265 0.00089086147084118826 0.00182634025635247427 0.00140266819132523553 0.00420685265372746850 0.00455119246934101562 0.02471521518860531411
6	0.06635447383143795730 0.03334150474088383442 0.02318429311607290294 0.00649757660529725212 0.00643555078100729611 0.00484387314702466355 0.85934272777827613865
4	0.00000550362863737059 0.00001765614612345074 0.00008570693009697026 0.00002098985979773128 0.99977959981610931006 0.00005447488136000803 0.00003606873787619474
1	0.00191672256246318805 0.97852254150180095760 0.00310383902477279726 0.00226941065634692464 0.00410334291902542548 0.00948011338880207916 0.00060402994678831611
1	0.00570304680901449930 0.94860848592551283431 0.00307176620052421450 0.02764129269850301371 0.00792110059707090870 0.00393463350603901352 0.00311967426333626752
0	0.95042539250994040323 0.02514038469229107342 0.00235502219855004838 0.00370383590387902235 0.00132899844970724482 0.00302021961705146265 0.01402614662858059705
5	0.00142799042425530479 0.04493082680517693911 0.00792932651550397327 0.01105848541161421651 0.01063907628579850717 0.92311059224414515612 0.00090370231350533426
2	0.00098207142108921205 0.02655568484221074513 0.96695530516893835049 0.00212775465179085429 0.00152651000776404052 0.00171157335443192444 0.00014110055377547674
0	0.94684528313522486886 0.03908886581278265410 0.00065918226500771414 0.00774670735036608188 0.00180659758436428684 0.00221680708423246465 0.00163655676802183531
1	0.00028384288692005115 0.99767310712755563618 0.00045286451284550048 0.00029329510027010732 0.00012903609622957188 0.00098601828868287596 0.00018183598749586197
6	0.00429051976668084686 0.00012701825646704772 0.00024851375101276111 0.00013655397749893776 0.04300386131188861649 0.00042786031706423984 0.95176567261938738174
6	0.01362272040768896034 0.05581842633969254924 0.01810741596249213631 0.00644868945444128025 0.01810773909351418368 0.00792517846520159920 0.87996983027696940027
3	0.28076207987549794964 0.00492557019467150178 0.00195774486784505231 0.69338134678155316504 0.00760568397488487619 0.00561333973262442137 0.00575423457292329084
1	0.00292772567488581992 0.92629844578162146007 0.00825883189579562291 0.05526503897684508643 0.00191674520777559238 0.00317051131693292347 0.00216270114614398531
1	0.01420620964601334094 0.96516108397953281894 0.00428625893493088297 0.00567281897168296027 0.00629328547164655951 0.00264174923756842466 0.00173859375862409180
1	0.00070668419323936913 0.99561002773524343024 0.00099130487591332422 0.00006495536610006008 0.00042897640599495062 0.00173081929833893795 0.00046723212516985244
4	0.01967168245961908521 0.09433513708088950289 0.00253837336553602464 0.03090996305557893939 0.82118146702096173062 0.00825897023479484418 0.02310440678261932099
3	0.00212859653277724546 0.00003926551603160631 0.00015507889580193522 0.99690131142972593370 0.00007442498521304201 0.00067812683969222551 0.00002319580075827821
1	0.00024925071044206283 0.97983870829206309860 0.00177811010586309635 0.00673745247543786844 0.00535443287131280067 0.00475447152735365350 0.00128757401752714650
4	0.00011644814444205033 0.00010945460255326976 0.00011484384994653184 0.00074051976551270187 0.99829242072685209219 0.00022552217282423189 0.00040079073786782130
2	0.00009746854012224810 0.00043587725194774613 0.99878200293230556817 0.00007496684505532293 0.00049496269386890823 0.00008757921183410143 0.00002714252486767172
2	0.01189941264516421529 0.00918176965042250340 0.92858990914835004560 0.01070598542894530235 0.02685668637298358613 0.00896433506977379127 0.00380190168436087906
4	0.00064130935114202665 0.02682740101731713803 0.02940989023982687814 0.00105638186059162542 0.77120937734158279131 0.16834538154482381334 0.00251025864471631074
4	0.00197824552517873904 0.01643989674622174310 0.01089540686749109095 0.10970573508927358719 0.84798189011102920176 0.00387391061987600203 0.00912491504092922436
2	0.00161388044830427027 0.00003847202251103608 0.99773543278318976846 0.00023836776102698916 0.00010556110926551175 0.00024173753272590335 0.00002654834297547940
3	0.00220336393609376312 0.00005631718157761789 0.00063915456460368462 0.99561070990123401447 0.00123839768329653504 0.00021523361194623579 0.00003682312124779853
1	0.00656200263841294918 0.87049593586796569777 0.00182452323687425913 0.00425047788925591967 0.07970018968654271618 0.03627929912972387844 0.00088757155122424223
4	0.00008288962956047612 0.00046378442367391628 0.00041247018877996574 0.00749526415568570973 0.99139490127047946721 0.00012058990928153774 0.00003010042253872968
1	0.00001640211746795877 0.99971081016564089516 0.00025393866792732889 0.00000614960279687727 0.00000166863229887066 0.00000953765278810354 0.00000149316108085273
2	0.03142612298924697678 0.01166472136297338688 0.87631875027796146682 0.00479748759703300942 0.03809787746996852464 0.03678368451806168782 0.00091135578475491522
1	0.01375261599838505967 0.94472756636486032722 0.00732259409327275582 0.01153684906713526789 0.00251505834908551931 0.01480686399466034364 0.00533845213260109117
0	0.93829681123676933474 0.00353128230393505264 0.00319830111347199804 0.00355969829994274298 0.00429985811736502844 0.00794423659779999389 0.03916981233071568230
0	0.81464156654179809003 0.12439717762998786510 0.00558679938586920805 0.03638727735701675903 0.00732894291944881891 0.00940496440510492707 0.00225327176077440381
4	0.00031229853837992357 0.03099458185677654229 0.00037265055931330729 0.00012120346344786800 0.96064449596390033559 0.00744239163093764894 0.00011237798724406590
6	0.00678704605411671342 0.00116248290266940499 0.00010102002056492740 0.00001981156734774288 0.00024661431207975980 0.00006002320331424173 0.99162300193990726704
2	0.01897677032052504792 0.04042682125096330042 0.68855111110818190134 0.02423272331352585227 0.06006850436858572617 0.11495659609031363968 0.05278747354790451485
1	0.00552761342076153479 0.99148521162027758447 0.00081376405499259579 0.00050394489264025098 0.00054466353530997487 0.00093497168989574778 0.00018983078612298495
0	0.97170526923771605166 0.00249224231478195005 0.00022282207391346491 0.02538341685378676590 0.00009108514477545870 0.00006611396061358982 0.00003905041441299808
2	0.00009346026122830418 0.00031074935423719592 0.99775473657020397056 0.00114239885045017576 0.00036890221272905816 0.00018268977309190943 0.00014706297806193672
1	0.00930461238964159013 0.98459832284992387930 0.00028604082941509107 0.00213391768145891570 0.00307947657040561840 0.00041150559178038375 0.00018612408737342612
1	0.00213507576355313538 0.97341363985532369796 0.00055174135102838671 0.02206094380577512670 0.00141672572706734554 0.00028380768162860920 0.00013806581562379055
0	0.81798637936712925711 0.01589376551482179004 0.00330637767418709514 0.14144851987321854780 0.00274131245562828259 0.00467263171749063462 0.01395101339752439357
3	0.00093348499674800721 0.01765188478468126057 0.00050320336490146313 0.97788589487425048308 0.00020208679958972299 0.00251998851809654908 0.00030345666173306213
3	0.04367033450540525052 0.00653829995193333513 0.00062702297855047467 0.94815524789888794288 0.00070253179764241094 0.00019586746979124070 0.00011069539778907593
1	0.00214925376818562433 0.92657892594756419147 0.04187236096413838454 0.00524033742003404603 0.00155229034547741469 0.01193961899419606655 0.01066721256040470238
3	0.00334303483517165616 0.00014801105922562205 0.00066122071307579309 0.99483611628351997780 0.00040706348104161831 0.00006882305412033666 0.00053573057384519412
5	0.00197943104600070219 0.00163254408774171004 0.00020489434077585952 0.00070738605963600279 0.00174297837604916821 0.99311975761848092503 0.00061300847131603162
4	0.02567744389818273076 0.00585676570463820965 0.01029353018085600591 0.00120574277577937617 0.92264823123577566211 0.00684186197732366587 0.02747642422744400389
2	0.00065407166770125983 0.00011745119017923523 0.99710363041231553360 0.00109939071962116713 0.00066974444603870370 0.00032515101885002780 0.00003056054529532204
1	0.00984999432068836729 0.97116721975287734203 0.00508226638931352521 0.01169103384392061913 0.00055815524038708433 0.00090954780359423643 0.00074178264921925308
5	0.00016687848135222842 0.00035046680769496924 0.00010543814042000612 0.00007980231192794454 0.00045869538413693343 0.99876518053960794408 0.00007353833486031579
3	0.00662989366240576868 0.04196211415891791530 0.00780809591654075923 0.93519295705367222471 0.00607904630697791125 0.00056489036814706987 0.00176300253333732467
4	0.06548603570507074978 0.01148805240733257599 0.00078112817097679898 0.00327182993691255359 0.91515598117696350666 0.00059687926612461489 0.00322009333661941403
1	0.00335956672956859870 0.99298762010231766961 0.00048603891221118067 0.00028161334533194148 0.00042465345006453397 0.00159670287757051254 0.00086380458293520664
6	0.00022996339077108213 0.00000962046916211323 0.00167660874234108531 0.00001390387331624048 0.00001419548310623527 0.00024477710793901889 0.99781093093336514777
1	0.00171215631362585689 0.97199819234297524240 0.00097243711440055743 0.00024271000948717535 0.02034511349389974549 0.00426464509252205172 0.00046474563308973653
4	0.05791137239931951758 0.00061803672050903598 0.00109355939314361599 0.00024741783707502794 0.71425750537705512411 0.00519194899655821881 0.22068015927633946593
1	0.00143608513602423585 0.99337170616921377508 0.00234026891282055434 0.00020235740057179355 0.00021170208242447927 0.00230339177430479271 0.00013448852463975332
0	0.90577268104097086177 0.01873695826431331229 0.00357656271529876481 0.03688557694855960217 0.00848683121200457906 0.01213298979911586924 0.01440840001973700546
5	0.00104850192046946548 0.00096177577395324687 0.00017369592539206950 0.00013225898761976581 0.00031113501839676505 0.99704150142647685051 0.00033113094769230783
2	0.00940200916456622807 0.01569224184573934922 0.92212836338028614236 0.01880540279623253708 0.01073321585293867363 0.00853896112036280595 0.01469980583987447013
2	0.00000622070878019260 0.00000335396444520305 0.99973506392900124418 0.00000402748094640511 0.00009571766349862025 0.00014986457277650815 0.00000575168055212322
1	0.01983558449757929359 0.97805400261743369317 0.00054044136030447745 0.00020888750455876130 0.00041189163072033642 0.00081376386526517451 0.00013542852413836457
1	0.00732215878886547690 0.79133121625866786886 0.15802385965238371912 0.00440180096963326516 0.03136223286917733111 0.00589004443586545971 0.00166868702540615339
3	0.05063155320573411999 0.02374292157331335529 0.00421160389351450670 0.91603476940656758387 0.00403468469421550645 0.00103148207510489259 0.00031298515155006210
5	0.00164950401029877289 0.00066203210843411955 0.00478888674702774263 0.02361865024902888230 0.04890201950919867424 0.91797032506049935918 0.00240858231551241029
1	0.01222197882510682107 0.85592045338709787927 0.01286084220827046591 0.00627568256059686091 0.00849039463334615337 0.04964118165867879851 0.05458946672690330459
5	0.00522226760425248491 0.00744421485568795647 0.00131253440308537299 0.00044334073002287610 0.00002470254646608708 0.98548076619805469178 0.00007217366243054985
1	0.00479768794401820402 0.84256268783954446633 0.00867114998386863886 0.06387718309338390188 0.00097684368041444421 0.07601953839558740766 0.00309490906318290581
0	0.89494783840494041005 0.02603538077242156801 0.00357156230300391484 0.01305518366888027901 0.01210366857926678183 0.00233204118943475735 0.04795432508205239863
2	0.00040373135916858610 0.01662595306945533966 0.93834695162092451870 0.00239976827575533354 0.02497968565965125523 0.00822278661645765158 0.00902112339858754386
3	0.00524842354101359623 0.00113947666559657151 0.00048021910506611281 0.99240351515150571071 0.00035594025135660871 0.00034831758051757873 0.00002410770494380808
1	0.00606180580521814821 0.98842350876588824793 0.00085799044393896327 0.00286200452612550430 0.00052176672786337103 0.00087058303400205179 0.00040234069696466231
1	0.00116743695570834622 0.99734826890863370608 0.00059528322792761444 0.00017743616745900857 0.00021015938394312476 0.00022243693987989576 0.00027897841644780862
1	0.00205056770570961585 0.99272892484459063223 0.00014125593872913364 0.00270296249398976982 0.00112727073126701557 0.00108266584603371901 0.00016635243968103115
0	0.79696028246786076998 0.01191441538422060263 0.00040087113035951877 0.00456181740836202922 0.13070242055490788324 0.00046878635336682631 0.05499140670092241001
1	0.09565207301683174845 0.68975004661460326272 0.01068045490319547916 0.00864147356102436086 0.00713813903510756784 0.16863511419241170031 0.01950269867682578873
4	0.00018565737236801282 0.00642470392839444415 0.00750909688478243031 0.01441548172995425585 0.96450156596156300104 0.00525592546812514785 0.00170756865481325030
6	0.00027419896634292454 0.00042543660440535602 0.00120939926476558175 0.00072683721411527632 0.03438019810241095542 0.00088809391446986860 0.96209583593348935171
1	0.03573167934971219206 0.72580612245058706566 0.13160958974054007276 0.06026305361007518180 0.02399586580028538127 0.01587845036615277705 0.00671523868264744736
5	0.00009933173060922056 0.00029006103831858446 0.00005295658155941353 0.00008637062080801811 0.00006888375488536527 0.99937360266350883098 0.00002879361031174318
4	0.03970798833339880124 0.06096703439077687248 0.01642022190484668243 0.03596177377299487887 0.79577973569062576686 0.00809024517252606920 0.04307300073483085606
3	0.00636489237867706847 0.00083358822679636534 0.00251283439118715106 0.98729857440315005324 0.00232137372297268503 0.00041462206621343080 0.00025411481100390168
3	0.00244886633691644142 0.00826110343882997464 0.00235315192076751903 0.98560538886436055428 0.00074193803966689307 0.00020058903824702153 0.00038896236121208771
0	0.94914893690095203382 0.00113695171227226003 0.00300760468057673265 0.00291623750987464805 0.02697628907013049915 0.00875944897988673379 0.00805453114630708816
3	0.00645000695583599921 0.00455554305928515188 0.00520888417727202648 0.96644552110543469059 0.01618247540873299015 0.00090891336342580921 0.00024865593001302332
1	0.01313517318407071699 0.90754228219354537988 0.00351064662247798287 0.02649763074366651497 0.04325719868636896531 0.00202246718465633624 0.00403460138521391076
1	0.00021066399800827849 0.98463231834133246867 0.00136330199787354262 0.00971737643785246415 0.00274432787293092673 0.00119035050188381702 0.00014166085011708965
1	0.01441852620708177282 0.89110680608999859320 0.00782222008909453509 0.07005331720895392744 0.00483331772271879991 0.00415049951515442019 0.00761531316699803201
3	0.00798411330216791497 0.07543315401960155875 0.03682467620211084258 0.79282609184937213875 0.02696899368909717876 0.00339843399859244373 0.05656453693905762886
0	0.85435875223629442754 0.04550080272796671460 0.01301722623431349375 0.02282845074658336124 0.01875369586847451531 0.01573541507282197674 0.02980565711354536684
0	0.97496380823288653072 0.00349282482463669818 0.00030736941133172833 0.01186036192410979198 0.00735727617743855630 0.00060322413358577989 0.00141513529601093981
3	0.03254436087414591672 0.03563161834364270142 0.03692674819725656060 0.82847847867764590202 0.02293522045684387098 0.01752004327995597757 0.02596353017050924417
4	0.09112464411052924318 0.00711795967258306399 0.01770070236277965572 0.00535291679625206178 0.77519549855774794178 0.09225988738953277979 0.01124839111057490161
0	0.92462360642117713549 0.03081545783413903311 0.00949292633279095674 0.00747805003393739801 0.00188070943687876488 0.01811124833925466943 0.00759800160182217982
3	0.00128016914711226253 0.00167899103564925754 0.00012941047997633951 0.99665442892193822910 0.00011976932811579854 0.00005813472998602383 0.00007909635722167045
1	0.00468320199308344329 0.96171042537237338976 0.01655406014146765942 0.00414715954681990195 0.00468388255675883120 0.00612339210165421463 0.00209787828784227699
6	0.01282983606154359212 0.06497031582842668906 0.02304700638562403106 0.08307841025961801296 0.01320296837264777270 0.01283481301561411117 0.79003665007652601471
1	0.00006243500344524414 0.99922038924653189262 0.00036433140383916693 0.00003245730304674594 0.00002522566222161131 0.00027733767033232665 0.00001782371058317655
5	0.00389903825916550120 0.00113746998808591506 0.00506784488197992503 0.00083303351977627872 0.00178911467463110691 0.98707217363813237743 0.00020132503822861751
4	0.00000034994415971105 0.00003550789420113264 0.00002459971242459044 0.00001200636735339878 0.99992389034810169601 0.00000234383556719663 0.00000130189819291868
6	0.01254645270305155408 0.00103548665781717829 0.00037270669163336131 0.00012125604103048304 0.00377690090734131984 0.00532638015576581553 0.97682081684335997362
2	0.00001329335298786676 0.00000846370133714724 0.99972941376857360485 0.00007398482288763508 0.00008503624387819278 0.00002496480033301568 0.00006484331000279915
1	0.00069187194870140253 0.97482071416604743064 0.01021345524509759475 0.00636636759428794562 0.00197559367544652672 0.00531638154241141116 0.00061561582800849686
2	0.00061323453676041253 0.00167773236471529695 0.96771275050966076847 0.01691639349568263215 0.00039555034787216347 0.01186826684521499753 0.00081607190009419463
1	0.02246262814946117792 0.83409975127105639991 0.00999316057000840079 0.07983218263430873207 0.02571840276099593425 0.01520452615154535385 0.01268934846262376528
6	0.05816780731224976270 0.03758262338109561590 0.00174288953564156394 0.00721833677090863522 0.01264598554251568710 0.00245404452009536245 0.88018831293749333344
6	0.03845971619788510903 0.00050645315536466278 0.00016664758593598611 0.00000567269881889026 0.00029563705059240685 0.00003214467548622581 0.96053372863591668374
1	0.00012104942852751030 0.99901611029072467929 0.00050313864154416423 0.00017341086716596342 0.00003804069021046433 0.00013368448742252394 0.00001456559440571535
2	0.00147334725643278653 0.00034264733063241469 0.99405331739034374916 0.00094690324082202684 0.00175195911794893337 0.00062443486214084167 0.00080739080167967843
1	0.00003866991421995907 0.99990189348644753498 0.00001013790219934586 0.00002228195042730751 0.00001390750414654184 0.00001197354469463936 0.00000113569786256590
2	0.00003800647361912999 0.00161926204249043543 0.99708040741458969780 0.00001631723192005426 0.00002113770366973452 0.00120142894903725313 0.00002344018467296262
3	0.08097577631184040003 0.00517897991895975400 0.00024895202777175867 0.89578669888623740913 0.00360431024343138518 0.01373349176733253824 0.00047179084442690214
3	0.00462039137628506187 0.00060806333825440316 0.00066946479320798046 0.99382846191710516592 0.00014691691612179119 0.00010961523328819397 0.00001708642573783876
3	0.01207874622776573814 0.00618621996851756624 0.00666920425001001332 0.97116912277716083146 0.00242887073018931360 0.00065079960591965145 0.00081703644043739547
3	0.04342856037830157556 0.04435607663996361111 0.05206907817823842877 0.78425340873033966282 0.03861710112353289315 0.01583617172078137514 0.02143960322884273448
1	0.00013311338187943126 0.99927285861248493770 0.00022881069026205549 0.00000221318819461854 0.00016022794410723692 0.00017421073495140090 0.00002856544812087584
6	0.00579685891137269108 0.00438576643813995328 0.00182353223493503420 0.02028160414928074223 0.00804364253011415238 0.00188359409118942943 0.95778500164496782610
1	0.08572635023396787957 0.67546705832750497667 0.01646111124265027190 0.16023477539209413090 0.03935282163142317380 0.01929184804131713060 0.00346603513104251333
0	0.92034182405251252490 0.06729614005580641933 0.00002490097444420629 0.01199598237628527950 0.00018988925957841104 0.00008082950986703350 0.00007043377150615906
5	0.03594003199316864183 0.01531250161152070306 0.01248057946645232501 0.00786080354210169294 0.00032820569604002274 0.92413638024403954585 0.00394149744667690420
1	0.00429156829345081741 0.98629893324872541793 0.00045829047047921768 0.00485725623037204252 0.00193416415460517235 0.00198343963111438865 0.00017634797125379566
0	0.92275689583123665649 0.01535324384111487819 0.02975331029679174205 0.01850787724805687262 0.00405607399575658861 0.00557116515986712506 0.00400143362717616906
1	0.17340332785781142899 0.64181387209971318963 0.02801453224382258883 0.04492796423072413503 0.06435441566950755865 0.01182275334649352493 0.03566313455192773874
2	0.00101872040026338003 0.00475233133855393081 0.98167001872884585012 0.00268990935629109286 0.00495378353862039982 0.00398618805479536344 0.00092904858263004233
1	0.00504028662438335464 0.90055832056711748734 0.01539049477023494636 0.06857650485229924153 0.00448685378115167705 0.00434785571857218903 0.00159968368624156853
0	0.82688896443196402419 0.02627202203645732231 0.04219197850123599519 0.02224243419716386005 0.04706877178855340543 0.00631009015895448409 0.02902573888567068841
1	0.00042158814172775982 0.99857740264797756335 0.00035578151849388948 0.00034217700794725515 0.00006584805160084966 0.00019776963129179576 0.00003943300095993031
1	0.03914888612411922958 0.93427889435466027201 0.00905465322751453777 0.00145557858566138583 0.01036203838607681511 0.00296714229760061373 0.00273280702436778239
5	0.02292820959830813368 0.00133390173024556017 0.00010717609184031285 0.01702479567296244847 0.00053379549025256087 0.95764181973144302251 0.00043030168494815918
4	0.01007067324355155613 0.00232950102160101816 0.01792603601530401089 0.05106448277531993457 0.88960568724765320958 0.01940994798841990526 0.00959367170815111046
0	0.92426754712305803086 0.00933028312960064617 0.01823424172091591203 0.01171485314111929583 0.00880370508583279421 0.02107364437500593157 0.00657572542446743357
1	0.09754707068120145597 0.47415838153466144389 0.05992550342900712645 0.22786358784721766346 0.07011562886978484066 0.04119570756819189439 0.02919412006993508599
3	0.00560934247294516374 0.06661838154792354416 0.00225331891629445506 0.92392273702749661002 0.00070699176275335670 0.00024308541593644149 0.00064614285665090087
0	0.99840930653885417989 0.00065396958195067841 0.00004290175875770754 0.00029809508446434205 0.00007571109874532054 0.00021431377694876595 0.00030570216027917419
2	0.00034269793391763088 0.00283167948268856417 0.99443707211618093122 0.00087826328964360403 0.00055857947624742119 0.00033350687920296538 0.00061820082211850019
1	0.00001420449977059302 0.99986678750180224551 0.00001834820513483885 0.00001868060588196113 0.00003431536033840680 0.00003630245773964836 0.00001136136933242074
2	0.00001203904755923507 0.00004069761625170126 0.99849130987207002086 0.00002481902787659165 0.00079177500808550350 0.00058705096267129054 0.00005230846548553682
2	0.00006205785747644830 0.00006203258741733982 0.99933338200238785998 0.00003040657154802789 0.00002207815568440863 0.00046579709556262736 0.00002424572992218020
0	0.94726846108527329449 0.00443413038970033677 0.00381653275432248477 0.00533328663369031768 0.02165212370002935968 0.00063922741102562979 0.01685623802595847751
1	0.00249677529131654826 0.99134930373807239601 0.00041537245279933135 0.00147241041845977915 0.00254277224949518406 0.00098282808761659913 0.00074053776223978387
6	0.10065027475577939531 0.00101838986621362142 0.00239168067347137435 0.00043815271550783611 0.02133617194589994270 0.00086467041882648673 0.87330065962430147852
3	0.00787930731139245381 0.00156974624735600255 0.00323184419920254963 0.98315617821941658772 0.00321137131771465382 0.00074493349631112417 0.00020661920860658145
5	0.00077039594510106989 0.00071138029101681704 0.00202016951784848506 0.00002408013841265386 0.00021384794241428398 0.99620881197774113769 0.00005131418746544358
2	0.00081638187042425289 0.00009636648853464418 0.99658078678838080133 0.00014365723893378161 0.00181402023735383294 0.00046921479998665285 0.00007957257638568217
