5	0.04014523684171936863 0.04154715405764258795 0.00711445024329639738 0.03424108442625201781 0.02360928584299076816 0.84710179978506716658 0.00624098880303184701
1	0.00587783824871268221 0.98619389497700304936 0.00136185371133862375 0.00077803819858816283 0.00209456342729656946 0.00251142262189141654 0.00118238881517082465
3	0.00006026264223016355 0.00068076669264761881 0.00023239271593187470 0.99873572851130987260 0.00003587801255841559 0.00007689548265928308 0.00017807594266138263
3	0.00107093529339218258 0.00040116260934954786 0.00107202821300765561 0.99688370235144807552 0.00015842388003723036 0.00007470884516700671 0.00033903880759897614
1	0.00884406541645095176 0.97482554175556235254 0.00257741265304946982 0.00466417948598176358 0.00701860473141200508 0.00148988971452204233 0.00058030624302136708
2	0.00008075425212205599 0.00369048091198101837 0.98727382254491879987 0.00614971849599552089 0.00177954922129146872 0.00050032092703506249 0.00052535364665606181
1	0.00189806652010720937 0.88275400474128551398 0.10930999918298041351 0.00363127974849128659 0.00047307286613559201 0.00171354644633268114 0.00022003049466775291
6	0.00724696017372718909 0.00988147868998081810 0.00154521187187898600 0.00132327159531015056 0.00289658378646949662 0.00106451595915578348 0.97604197792347757723
0	0.99546307595580296734 0.00295611358219322311 0.00005322249592450916 0.00016046810231047491 0.00083106758500353076 0.00007507590962751851 0.00046097636913792838
6	0.00904184743670637114 0.00013413630309352451 0.00020918864105952113 0.00015185610930119241 0.00029678801393796789 0.00031573058743812892 0.98985045290846296329
1	0.04001043725988952943 0.89799795764211431948 0.02785197237412266255 0.00537347968944398933 0.00200731687663376459 0.01460064218332712480 0.01215819397446941952
5	0.00058275500342923727 0.08282303812089059081 0.00466769364474395928 0.00010448706371866083 0.00674450457149580740 0.90499494166144134333 0.00008257993428045931
2	0.02462387797888590524 0.04476385874698755180 0.83868897013335685919 0.02441016655065912991 0.03048148823217807987 0.02818685652475389977 0.00884478183317925944
1	0.01291712735769617003 0.86572274518018310641 0.02536940496086806732 0.06282428092105651896 0.02195825357045941284 0.00929064708009341884 0.00191754092964249397
2	0.00009584896258232392 0.04963750407152018457 0.94970303018035984177 0.00008773836150390055 0.00001862830507302495 0.00040561893688906275 0.00005163118207242958
2	0.00248175410517713618 0.14136895981750066675 0.84415244567032654555 0.00557842991070749746 0.00157510423381416044 0.00414062020922544190 0.00070268605324937594
5	0.03665219044827208728 0.05632741235215431991 0.01032608198942316403 0.00123027038633189735 0.00978195299236300948 0.88323120811469579827 0.00245088371675949946
0	0.85307718378979691121 0.02742453517613372901 0.00572035585185396833 0.01536606748993751305 0.03295261326508987926 0.01408334349856780847 0.05137590092862016899
2	0.00147843844283763234 0.00785482685330521520 0.94309616850656841081 0.00009866995984053708 0.01879698481972279581 0.00212847914330890984 0.02654643227441694578
2	0.00001383620728088495 0.00000565373699999044 0.99992883298903867395 0.00000438864406353579 0.00001545620802700414 0.00001466493717772240 0.00001716727741052061
1	0.00005822447876701012 0.99964092052924613530 0.00018767313632389937 0.00001660243492656476 0.00001374918647998494 0.00002366055620358798 0.00005916967805384011
4	0.00419433256884592202 0.00131244857842363486 0.00007849470079434977 0.00010316604409409039 0.99344186135709289243 0.00035134851491192297 0.00051834823583770122
1	0.00000911493630491364 0.99990194994351333513 0.00001626213185250668 0.00001607185840870229 0.00000428098305892761 0.00001057860684822925 0.00004174154001433835
4	0.00178337066947874550 0.00157435671946590510 0.00301211937530371275 0.00174228928081940045 0.98552447818077026920 0.00415149900645214991 0.00221188676770929038
4	0.00006523293392101089 0.00010781574171589059 0.00006898686152571301 0.00112693779286472543 0.99849743493867360034 0.00009295683750985695 0.00004063489378929469
2	0.00051483730911740277 0.00026390331764695752 0.99580654554514957955 0.00003713916771242699 0.00008523328703919233 0.00322188042456581815 0.00007046094876789850
2	0.00332993442479501784 0.00628223132110913417 0.96698098290942391397 0.00218815187292117821 0.00161102645805544925 0.01751817527925956380 0.00208949773443594918
1	0.01502716801566272853 0.94104369367599804974 0.00936314736266493849 0.01689999194528896478 0.00870489932952220324 0.00574353378851165733 0.00321756588235058184
2	0.00499278388620429028 0.40675072094771547171 0.51582893298658361037 0.04212843796464711688 0.00457452946764282716 0.01239547053998705899 0.01332912420721913370
2	0.00047981512479271818 0.00954782762920939644 0.98736660989701130475 0.00066801590161168266 0.00144201832809884452 0.00014259264473743982 0.00035312047453861544
1	0.00004020638484596088 0.99372345777233306308 0.00484682763431122567 0.00067781174546995026 0.00027212709613645903 0.00037240551696064413 0.00006716384994133475
2	0.00012813127830260565 0.00015018878937126802 0.99770607376578179792 0.00016541449960860022 0.00127683026555318823 0.00045345695308142794 0.00011990444830018576
4	0.04471621983607510648 0.03134403932712281210 0.03020719948571888927 0.03687641949401202629 0.82671361498687156999 0.01652754325603387683 0.01361496361416579190
1	0.00448802949378584830 0.90784877320221146757 0.02896619411086914786 0.00988361184372324279 0.00337304229217379832 0.04350659676969065998 0.00193375228754633262
0	0.83652481502066067254 0.08804617654715592157 0.00280232977894220598 0.00259429246323531490 0.05927606113090543721 0.00058282246088971136 0.01017350259821077872
4	0.00082424869795368256 0.00480343288403816977 0.01451448664792837247 0.00324902448493500111 0.95661304928756607513 0.00962621951596357404 0.01036953848161570844
1	0.01434050802922568792 0.93913014582232323679 0.00937321653658389035 0.02093538762063950828 0.00918844794017035886 0.00436795208112871706 0.00266434196992798621
1	0.00212908698492356597 0.98501197001078122373 0.00179839333938588259 0.00152132694931003112 0.00749499366511213478 0.00191222470431026844 0.00013200434617530676
4	0.02613831489800778549 0.04113244508938390664 0.01546220992891379764 0.03080481718502800503 0.86995232984916692764 0.01045020521638538417 0.00605967783311410491
2	0.00033599925977630043 0.00073553363266434595 0.98483472142970174268 0.00079854577500847743 0.00821587192920439358 0.00401475247227270696 0.00106457550137215593
1	0.00079177660442266643 0.99645693309700600349 0.00108424920667788728 0.00050358969363535817 0.00029703823735541469 0.00080032420333804892 0.00006608895756524385
0	0.99715855942579167959 0.00064097425642764409 0.00011459125980477336 0.00013807699494146417 0.00018686003645891326 0.00021411272791019607 0.00154682529866521337
3	0.00039134841759990617 0.00200114731389900010 0.00013261277346552109 0.99409505690670607603 0.00288381780283143273 0.00005806008887983491 0.00043795669661825172
2	0.00000136629241550067 0.00013502051631517637 0.99977377462504413153 0.00001987336086440926 0.00001162012696709748 0.00005014327468198525 0.00000820180370901549
2	0.00236000670493551447 0.00041997823725509735 0.99404978962209633586 0.00083890739371902891 0.00134268343560447708 0.00078523608286902504 0.00020339852352050487
1	0.02875248124179874062 0.92742818632923273992 0.01072584993446837852 0.01245661443950359798 0.00994339162712339943 0.00613996853074388026 0.00455350789712970303
1	0.01045800737609053031 0.93637063788831897959 0.00434319293509569451 0.03528754120991978854 0.00346464494056927114 0.00876290574604312103 0.00131306990396230761
2	0.00021918908924317950 0.00126307319608641206 0.99592698128834578064 0.00118916629394357626 0.00086871365524990535 0.00034286676164155743 0.00019000971548952065
2	0.00510162727737231616 0.13316096846597363923 0.79063810468348838523 0.05778091785529324703 0.00489192666623213587 0.00491197930991156204 0.00351447574172893433
1	0.02408747300465460123 0.96354977350271697745 0.00165358104931890258 0.00635412353657099395 0.00126483261257332520 0.00157336159565484783 0.00151685469851025006
2	0.00031916434519152319 0.00730460046498222857 0.97622041777059453960 0.00614937458924964212 0.00438711815530555722 0.00045790683397699879 0.00516141784070052890
4	0.00002629573793740692 0.00015010154791983698 0.00004995388914675194 0.00014689581033209344 0.99957063395267864436 0.00004005583992878160 0.00001606322205818729
6	0.01560582135438924253 0.00334282865979744666 0.00267298356120398506 0.00198473636329025808 0.00871526343751893862 0.00391247146976402439 0.96376589515403587871
1	0.02946904578069805061 0.85740005615488568136 0.00759419669835976942 0.09123666915133199495 0.00416598424614757819 0.00568664446804219639 0.00444740350053530239
1	0.00194117507595067290 0.90873285622890775937 0.01709008912202938935 0.04972901413880616295 0.00230863583746605252 0.01927019834249679708 0.00092803125434299139
2	0.00057238941837815544 0.00025560470708363935 0.99687349981236750285 0.00041067547459189871 0.00035967647546012718 0.00102944363659681162 0.00049871047552168082
6	0.12436301516529983668 0.00243163288802216316 0.00196138174455807611 0.00025864388145176810 0.00202975662624090827 0.00033638660641754150 0.86861918308800989408
0	0.93909431288618128164 0.01789545862102872101 0.00376527615822436950 0.01693107818979358234 0.00290603662865162888 0.00561291389461996467 0.01379492362150042811
3	0.00046380361717428351 0.00003211525724430876 0.00003059339720450998 0.99943777157491853202 0.00000795690818280275 0.00000664938223044000 0.00002110986304468356
6	0.00835326600723962538 0.00375535630857584202 0.00038155039309465197 0.00101465912294703450 0.00135233550201565352 0.00014877202678349760 0.98499406063934402678
3	0.00046018072182784660 0.00715000586606697429 0.00027453751721507344 0.99199642279243271936 0.00001133102513180842 0.00007709507518515519 0.00003042700214116833
6	0.01577376454060545191 0.00007823608320258817 0.00003564418538991774 0.00002169104199773781 0.00010063933081756965 0.00008546914207877732 0.98390455567590795471
1	0.00117263766543229458 0.98801469125552010553 0.00170046948653725517 0.00345834183658800089 0.00154101038726331472 0.00356806746769612083 0.00054478190096340093
1	0.00118382861725067185 0.99574703328501890098 0.00092878659772852913 0.00075556946589435249 0.00078556115982975170 0.00033791905683850753 0.00026130181743832479
2	0.00105632051439859416 0.13115596940535573234 0.86006773800975133693 0.00319832528783409696 0.00024621521771281272 0.00279947606581743480 0.00147595549913004018
4	0.01042136258683206036 0.04167848049087101436 0.03820946351826689374 0.00466896673717054518 0.90030818553097680113 0.00350804920898075464 0.00120549192690188288
2	0.02678708028874745434 0.00981240720692466185 0.87499552687956627661 0.01002957286421859474 0.02887467117237645445 0.03835407998867346180 0.01114666159949325754
4	0.43646404113715819850 0.01173309343223430563 0.00235771548761768519 0.00439254436929971143 0.52847868010927767646 0.00250834000548824394 0.01406558545892440913
3	0.00151517529906844547 0.00011777869508075701 0.00004345056875980802 0.99814840396310700044 0.00006510012438958054 0.00001339879939483404 0.00009669255019899045
0	0.97218369324827791367 0.00652105094346537486 0.00010157635057332702 0.00037242993118817000 0.01201613824459213560 0.00055328404059455194 0.00825182724130858920
2	0.06906889269877868054 0.00038411113314251575 0.90624195370332083499 0.00048660098721636243 0.00613189773591519931 0.01155340547997337104 0.00613313826165316940
2	0.06378750914214986745 0.00876483322614079498 0.89917842934284897272 0.00133002993797087712 0.00616652268276296055 0.00492146251261597629 0.01585121315551030544
2	0.00196573151524933373 0.00127469713723227631 0.90568553960201803044 0.00043385818396856170 0.00041495836408191711 0.08984191193991346303 0.00038330325753593473
3	0.01561368324811726778 0.00267611253119292691 0.00038840858379713111 0.96987191214389856242 0.01059842348549924936 0.00053840495377473218 0.00031305505371956684
1	0.00001192307355911770 0.99991874052335349976 0.00003908146197119126 0.00002033179609088629 0.00000349588843397751 0.00000536551535357501 0.00000106174123630243
1	0.02687174573692218196 0.86648653868159253300 0.01482676156996926876 0.07562679888238690862 0.00426842678976714369 0.00457773074028565430 0.00734199759907680580
1	0.00053185472659575677 0.99852988192909619691 0.00031777608664497367 0.00017925064502272956 0.00032777061865126158 0.00004223489438355486 0.00007123109960556653
1	0.00387722687426307264 0.95746616985357757557 0.00577395875340455927 0.02734271695305378475 0.00207637891160584662 0.00271328672515162113 0.00075026192894512699
4	0.00656001225794037874 0.06839236177026597474 0.06836820148773450900 0.00894069131363589911 0.76879915139877885721 0.03742482663818297306 0.04151475513346112450
3	0.00240158499098565769 0.01590269307488116277 0.00180035330149271185 0.97696574596532881340 0.00176620618689329466 0.00017920159230063937 0.00098421488811755256
2	0.02968241649233028037 0.03613576382890271166 0.80211101919502980628 0.04161114488783795168 0.04284096706973036101 0.02933903897671990071 0.01827964954944875584
2	0.00075564763207364920 0.00011479857618962999 0.99768719401958338988 0.00036159402193132115 0.00017606056512339919 0.00079713622571798537 0.00010756895938066443
1	0.00131568528536116073 0.99527636689949294801 0.00165636662717695018 0.00109891312651544436 0.00014843326106991526 0.00042331805197830431 0.00008091674840609161
2	0.00150759297272733692 0.00017885680279413835 0.99320313055861364493 0.00031496950358490919 0.00094041497371045264 0.00195023660015942904 0.00190479858840914246
0	0.95181367263046734450 0.02144954239669282989 0.00364112242093088271 0.00500342751592994933 0.00705588870865802610 0.00878031336048167195 0.00225603296683929465
3	0.00079441618750235798 0.00185844429489407281 0.00240752964580115674 0.99342685342679337701 0.00109084832775324528 0.00002576408492410292 0.00039614403233183715
1	0.01464293182622062629 0.92518945445706346487 0.00500151721556419977 0.02703725872837954916 0.01981002087055181229 0.00650354304734931336 0.00181527385487081309
4	0.00007443027921369666 0.00012527505134365727 0.00019868166436613245 0.00128654265448928124 0.99818530138238048544 0.00005190674399732081 0.00007786222420983315
3	0.00883099992753254640 0.00483127257814448124 0.00193387062160917155 0.97852109175221968496 0.00378284279357159236 0.00040653300408070479 0.00169338932284274300
0	0.93151559560833085971 0.00762611457244975494 0.00378404216939713135 0.00535932244038611009 0.01809985299300852224 0.00363978507075804264 0.02997528714566961502
0	0.93978346101615295449 0.02955894828846481609 0.00448304187553295614 0.00125538757121938902 0.00681708795912956689 0.00069675668800800168 0.01740531660149231483
5	0.00570859266911032375 0.05812536601345262566 0.02094224273466781597 0.03504971204701095439 0.02073762509353875572 0.83978812008881942308 0.01964834135340070773
5	0.00882392644388702192 0.05419784873506043599 0.01425865580277161683 0.01266198167913734109 0.00695030892567075499 0.89914592877549492922 0.00396134963797741078
0	0.98093010252233003854 0.00359626470894518387 0.00044644426741832739 0.00062936720907465541 0.00157408322445611319 0.00168040487482208904 0.01114333319295377628
5	0.00710036655053305175 0.05783642697046852826 0.00169988516127363523 0.00318654443631346098 0.00276462047748177002 0.92497506032621501504 0.00243709607771486637
6	0.00446974338383448935 0.00092599525283853232 0.00101750403623427385 0.00017284921120074779 0.00019458797565474796 0.00033337258719652938 0.99288594755304060424
1	0.00605394316028128737 0.98979420813358975906 0.00145187003775151249 0.00051337380184195722 0.00095547553990486247 0.00071867559399506180 0.00051245373263618876
3	0.00379772847155665982 0.05396963348554204704 0.00773397805500667442 0.91016365773415874862 0.00965800092038786653 0.01052566447238766772 0.00415133686095977249
0	0.99233105828124090753 0.00132187204644246899 0.00016491555528514714 0.00091148966675092273 0.00084801508144335405 0.00102578081190864319 0.00339686855692870751
0	0.96020431457373522921 0.00730269230026705986 0.00143539986926563383 0.00717886511677775369 0.00951744982369192964 0.00644024347831594589 0.00792103483794654589
0	0.95931790306611830488 0.00093357366773078889 0.00228692422185242756 0.00124888769558714578 0.00421027947389443925 0.00625155536229571925 0.02575087651252141660
6	0.07180135798152482984 0.03263455731777031854 0.02223322283741355904 0.00698521408316013503 0.00686581532712384878 0.00478974965315593932 0.85469008279985148047
4	0.00000715950300920532 0.00001705249928926033 0.00011298748177950103 0.00002736528485159072 0.99973767565995752538 0.00005115309115621132 0.00004660647995618509
1	0.00182824403306160654 0.97475761887121059601 0.00512731150072529614 0.00242472953271904382 0.00425563267845280573 0.01077221895643868527 0.00083424442739187714
1	0.00642533805801756303 0.94572641204002316773 0.00326933694518080761 0.02890521663801630739 0.00840955606483948306 0.00369410566098680743 0.00357003459293741112
0	0.94509800880481842356 0.02473682694151323191 0.00387547291569681615 0.00419608987163188913 0.00196154768668733602 0.00413851457169732255 0.01599353920795510559
5	0.00162045734715372011 0.04768522120485679111 0.00915857551804154756 0.01063978765163393209 0.01050879227737132847 0.91954249640669205590 0.00084466959425027696
2	0.00119400353847374662 0.03241116643055960006 0.95899134145351605518 0.00345902476745031445 0.00159512680340843081 0.00214277670441933785 0.00020656030217313498
0	0.94086432219792892617 0.04248148262705375711 0.00094158448440590002 0.00847842413117875018 0.00232653230444922589 0.00332266758698328149 0.00158498666799998912
1	0.00023566997946346642 0.99751781366525860140 0.00056096212071927781 0.00026623463609085567 0.00012326243242343404 0.00106346925370324401 0.00023258791234165326
6	0.00507804961407604550 0.00022030870649340136 0.00056053048784629553 0.00028341923934072782 0.05255767906814974577 0.00068130475486837992 0.94061870812922554475
6	0.01385161982409892703 0.05293701466830934982 0.01909049506821712885 0.00622678592431204474 0.01636170671553136696 0.00724463957690432616 0.88428773822262729531
3	0.27288490790656555474 0.00542744117249648397 0.00309101814912151164 0.69732983846124396710 0.00779285052070973535 0.00778260550756047602 0.00569133828230220136
1	0.00310948921622825189 0.92022021841670909037 0.01074719140018052382 0.05773818355080975739 0.00211331735125841209 0.00341883093623614447 0.00265276912857832564
1	0.01469937827068647576 0.95715995024865629937 0.00796351144605848479 0.00668851081759672117 0.00740376326679174565 0.00339154122210802217 0.00269334472810221857
1	0.00079864131093959428 0.99480424262343691844 0.00137808488705278400 0.00008479094895216035 0.00049205815963917414 0.00185439713973402495 0.00058778493024656863
4	0.01894935406850907153 0.08881464401602109926 0.00277301647811787526 0.03137537606903174903 0.82498330557486232451 0.00832337295382237601 0.02478093083963520127
3	0.00188599166446871470 0.00004696224893490646 0.00016866174877317610 0.99645956678018765551 0.00009918906234739378 0.00128776075036317415 0.00005186774492474531
1	0.00025785995671921019 0.97986810890794406870 0.00186152807268208701 0.00690106601438148209 0.00498793249456848994 0.00464916052614028179 0.00147434402756484260
4	0.00009084538747427391 0.00008954098308952205 0.00009700348937769464 0.00062995217789683965 0.99853354969320984313 0.00018904599475793305 0.00037006227419383858
2	0.00019883584919274080 0.00101966315085876284 0.99765661808302730229 0.00018739456289895923 0.00069826845207012606 0.00016756238148464789 0.00007165752046871618
2	0.01780543140413492348 0.01676454976156102269 0.88858780236151613252 0.02200188338859190504 0.03314291492490350349 0.01398817256844424317 0.00770924559084923584
4	0.00076335004605477012 0.02679900576123490571 0.02646203458823262120 0.00112521127973120747 0.77203120357850552047 0.16991061024549819480 0.00290858450074254517
4	0.00176476386019973688 0.01442944271679361991 0.01093339729815228853 0.10490328967459763843 0.85446969621644008885 0.00386082344725804634 0.00963858678655799168
2	0.00226874354411268474 0.00005774435717434865 0.99667027344229197627 0.00048725121665223816 0.00012180775190899529 0.00034977860257610335 0.00004440108528251402
3	0.00249000218417981967 0.00007965678681602668 0.00066553561372921207 0.99481904945080945613 0.00141306645930110815 0.00043976984426067587 0.00009291966090413423
1	0.00814545324273632451 0.87518938364301768207 0.00209182890041380602 0.00467753470449304432 0.07513939502650746061 0.03394729497312997529 0.00080910950970147755
4	0.00013978595661392703 0.00060635612320123313 0.00054887105876306650 0.00936798003635705423 0.98913187468046837036 0.00015017044823510800 0.00005496169636122338
1	0.00002213092400395582 0.99925158917724254959 0.00069837538076064035 0.00000961917967347165 0.00000226970133577542 0.00001340639540659605 0.00000260924157554500
2	0.03229705322211580409 0.01499684270641703579 0.86228046250782419690 0.00721074372808579601 0.03787884942461434978 0.04395445464384515472 0.00138159376709738472
1	0.01363884063164040074 0.95070607615879265673 0.00520584608871121034 0.01025651912767987402 0.00246070836939789707 0.01283359540143950116 0.00489841422233845865
0	0.93062127054263221737 0.00330824164117610436 0.00392842182179661045 0.00355649865376961175 0.00504561315083658802 0.01071328748995837264 0.04282666669983056784
0	0.81444210371632042023 0.12549786625118192207 0.00519858154834815147 0.03548514369946868113 0.00804922005129332999 0.00911593945681627750 0.00221114527657132430
4	0.00046627734899846562 0.03275363262971288381 0.00065448715900185133 0.00018405891209896151 0.95805109849835268232 0.00769612455630066822 0.00019432089553430347
6	0.00754705330759952026 0.00199963810033066715 0.00025772692195945632 0.00004541420301808139 0.00035416727214865876 0.00011733475090565298 0.98967866544403804152
2	0.01947922231689434847 0.03897837839494446704 0.68832080285124164210 0.02243699727216314638 0.06134144603147951430 0.11436311520643539785 0.05508003792684157407
1	0.00588378864199904424 0.98952506498178205430 0.00173896620339549879 0.00064478202890531498 0.00065165036438773888 0.00124640191308955043 0.00030934586644013062
0	0.97095970005676757175 0.00304193976543316305 0.00040992475171121448 0.02519089280466512912 0.00012579312277518628 0.00018102579492662780 0.00009072370372096837
2	0.00014659370291734126 0.00062360341228645023 0.99554102305275782303 0.00243143455978544684 0.00054890919655796520 0.00034609703242044373 0.00036233904327401863
1	0.00878742945953954989 0.98431328826846520297 0.00044684757385653488 0.00226047704870064106 0.00342650746859070494 0.00047599186049705733 0.00028945832035091250
1	0.00197964351837334610 0.97128094656381136485 0.00114084879558235268 0.02286063514941857888 0.00168401943710160874 0.00058275797147555987 0.00047114856423750769
0	0.82140192959155577945 0.03097072889042872673 0.00501276962990414819 0.10192936954218963230 0.00340763862468515229 0.00846734962682663475 0.02881021409440971334
3	0.00110348256954448994 0.02591797682826484442 0.00055266153988968491 0.96761074128121227211 0.00019470774193905093 0.00386294229807057198 0.00075748774107837731
3	0.04209142635009853473 0.00711083997610808660 0.00118068831043443602 0.94801097481639085007 0.00084825983552257026 0.00052660739036870091 0.00023120332107664607
1	0.00204263333679618152 0.92105012338282499229 0.04748581007321975994 0.00511689514944076856 0.00144539316648790040 0.01118305882706640240 0.01167608606416306594
3	0.00339969657894171294 0.00020471675379990674 0.00071859811912508575 0.99391955620095373547 0.00047011790309777753 0.00012330708077061409 0.00116400736331120956
5	0.00271861955821483267 0.00234492760096804672 0.00026822583795593113 0.00109638456816255059 0.00250924881037162262 0.98974942769862039871 0.00131316592570691936
4	0.02822373731972037739 0.00590415879238919035 0.01091732013369447161 0.00120596788829277642 0.91772408406095928868 0.00755724589416531534 0.02846748591077874826
2	0.00117456665935859197 0.00026930978321241871 0.99424460668238423544 0.00261378584096541447 0.00100503122842267832 0.00061602113970190089 0.00007667866595535878
1	0.00896710421678278448 0.96555746684899967924 0.00896738795764189141 0.01365829948105793182 0.00062437045323274697 0.00100309281286757286 0.00122227822941622520
5	0.00026637409358473479 0.00051615540522398471 0.00016978258068396689 0.00015147897120216630 0.00087429849025179697 0.99781972200269908324 0.00020218845635412250
3	0.00628563371303992105 0.04645236765207614443 0.00749263078706554134 0.92887434969374260696 0.00647757986377194353 0.00098676392907321385 0.00343067436123014160
4	0.06915265619646715489 0.01333180705093803785 0.00145368278032879223 0.00400654669938950436 0.90631809172287547405 0.00091410731259172545 0.00482310823740938945
1	0.00338374911555842798 0.99159896358866939092 0.00089582898669406292 0.00031980297669168797 0.00051984536580094933 0.00187223744930549310 0.00140957251728084597
6	0.00030660944371901222 0.00001664418536575445 0.00409494759628449556 0.00003390125814314697 0.00002292542822826326 0.00044610784374677314 0.99507886424451275076
1	0.00172488804377004786 0.96849172463255228660 0.00176550019321747168 0.00026472418439448068 0.02181151704768606245 0.00514630118218895906 0.00079534471619053821
4	0.06002239106615225861 0.00084106490308591669 0.00182894665204503550 0.00043125845186069709 0.72576033347107782312 0.00680020310999360916 0.20431580234578464172
1	0.00140032674237848542 0.99188709296384458547 0.00370400794975741946 0.00020208524343664006 0.00022407327448621870 0.00239873785814436477 0.00018367596795258758
0	0.90289739248322076204 0.02062574620422974112 0.00383156332205944515 0.03559681890256481684 0.00893840280170855352 0.01471250568599139288 0.01339757060022524725
5	0.00154037860114648786 0.00153864599053112603 0.00020163736674514124 0.00023025257664076535 0.00050670060277467133 0.99521011482254073677 0.00077227003962119709
2	0.00947849364736592405 0.01714131685500314833 0.91698189883311942427 0.01934127296407484736 0.01211849091878959041 0.00864616749988432985 0.01629235928176395176
2	0.00001104686088687228 0.00000797117078240203 0.99946805739826227732 0.00001085574288597840 0.00014806743044035951 0.00033578210404848756 0.00001821929269326784
1	0.01817994647118715071 0.97896445218410188538 0.00091838985622430232 0.00023171014680484645 0.00049912824335449871 0.00101602977845450236 0.00019034331987289707
1	0.00664282294458062861 0.87366534421649499897 0.07780515464205851883 0.00660205119789852943 0.02614931248453586723 0.00567926532044798170 0.00345604919398301985
3	0.05280750427718683415 0.02275530931147956223 0.00395658016141705194 0.91552915739910523119 0.00358389731048107743 0.00099159173127894842 0.00037595980905127528
5	0.00179168542987788752 0.00065550655253625040 0.00475961404414092151 0.02040365113285030896 0.04410222955017602947 0.92605079578305771193 0.00223651750736016466
1	0.01185502999591757541 0.84621763388751525259 0.01490893729198382311 0.00663515538920520301 0.00890906863428192648 0.05021865698685107349 0.06125551781424443121
5	0.00620621215159297430 0.00787410309855080155 0.00177484063163559774 0.00068956339928869968 0.00003557430903985183 0.98325885169019089371 0.00016085471970129166
1	0.00547717201907164074 0.84609179383045929335 0.00772039039854365960 0.06557511932903291318 0.00097242940364993273 0.07174912999878400865 0.00241396502045964322
0	0.89103876687074723417 0.02366700011461506797 0.00752224581773838861 0.01447969545732798527 0.01379491477779214853 0.00363352951847932147 0.04586384744329954910
2	0.00043816221050459506 0.01692042318733645578 0.93636020934926766923 0.00253418712304449888 0.02723719896154669015 0.00727765578095340444 0.00923216338734814471
3	0.00611153560681195612 0.00166428788663872378 0.00050273364123536591 0.99058461850545564964 0.00039697588248803386 0.00067457733339350463 0.00006527114397720676
1	0.00657809597681403672 0.98596017134460489650 0.00183860853903958623 0.00325445759267814667 0.00061696714590807388 0.00115251938127445327 0.00059918001968077941
1	0.00108548060530727110 0.99678391690496537247 0.00101538244257023719 0.00020551627293972677 0.00023574426075174769 0.00024675420615144044 0.00042720530731506760
1	0.00207320817023305204 0.99222988584722060512 0.00020364203369836056 0.00290568913398795477 0.00113377126446796575 0.00122811978748965894 0.00022568376290150324
0	0.79234744944493895602 0.01239416673300717218 0.00060794463858143124 0.00511228571857678081 0.12948033088533275614 0.00056821004809466549 0.05948961253146848455
1	0.09707222174126362013 0.69127451519194871299 0.00976576116182934981 0.00862428455104057023 0.00753483347011420744 0.16830129306369945308 0.01742709082010363356
4	0.00025273500386003948 0.00790422969219482276 0.00980741944757758215 0.01825094496936618960 0.95636695060006249314 0.00526904579164374012 0.00214867449529401646
6	0.00032489650688941773 0.00076565914769218132 0.00188094469203477460 0.00145339518634937008 0.04024376624456772744 0.00118702776722381335 0.95414431045524228381
1	0.03995211175491465705 0.73035970844979636318 0.12226473917199541519 0.05865372860508189651 0.02381302268222863783 0.01819756797224974382 0.00675912136373332632
5	0.00016693883539366033 0.00043895714430992151 0.00007142794148295753 0.00014672825889721621 0.00010914034760185185 0.99900647734389591559 0.00006033012841852907
4	0.04311195380126363330 0.06563464488809427066 0.01747812817887438655 0.03470644239769697659 0.78792345160402910142 0.00890128027409411472 0.04224409885594762604
3	0.00624207253499705923 0.00108948690295472789 0.00283978512146205791 0.98508639177990320324 0.00314986641280958759 0.00084971681966425567 0.00074268042820929627
3	0.00217076954596748771 0.00924545814685397496 0.00236645068547070275 0.98419119573104785204 0.00086900558404545269 0.00036513619171313946 0.00079198411490173843
0	0.95233847871890398018 0.00090895429631412603 0.00286724262599171624 0.00251547048016011621 0.02593838741551600033 0.00768191399831108859 0.00774955246480285315
3	0.00595852545820600276 0.00536964400918110620 0.00657471001453278827 0.96100768078959275531 0.01848851956411863215 0.00189931870830768864 0.00070160145606078391
1	0.01452041440877234121 0.90495151255994366046 0.00382850129656653890 0.02580006143437973964 0.04511770262885494986 0.00184148692794392074 0.00394032074353930367
1	0.00023742599371355714 0.98063893622683928619 0.00249917674968188437 0.01165113847682849521 0.00319390373101111503 0.00158889670579290721 0.00019052211613091688
1	0.01511638834142076289 0.89628449890986361392 0.00635746820492601346 0.06868305353887793618 0.00406305718327051608 0.00356503782100975114 0.00593049600063059925
3	0.00887354301662924422 0.07571773922935813583 0.03311661292826543340 0.79737226863948418298 0.02565959176990881968 0.00317878514877756486 0.05608145926757749505
0	0.85564550775275804995 0.05012043099067269025 0.01111049708792332183 0.02118408259426770093 0.01789165067421548058 0.01486223303883963710 0.02918559786132319742
0	0.97200407963115686982 0.00436515846780870069 0.00046386237538841420 0.01257206493228322890 0.00805966056590933823 0.00095793439779342170 0.00157723962966019792
3	0.03486848014058040179 0.03627991503203461393 0.03623383129828795790 0.82534961344775648051 0.02327096881329301925 0.01669601826627944638 0.02730117300176844106
4	0.08402943977976841394 0.00814390464205716653 0.01744035994904900508 0.00661265059403823470 0.78786699401970938794 0.07842687911724957606 0.01747977189812822962
0	0.92943987070129385764 0.02958567319745899343 0.00905359225874222823 0.00770485057844099656 0.00192204400868532777 0.01518584391359277010 0.00710812534178565606
3	0.00123975506959913238 0.00200065821411165050 0.00012509332216396960 0.99620687014178688212 0.00013228784954207262 0.00010943160891118953 0.00018590379388590172
1	0.00447725491372410501 0.96042796283521114642 0.01857225942575436300 0.00364119064189080644 0.00478716342558406244 0.00570464395900360972 0.00238952479883131801
6	0.01318293277777040848 0.06738620509431009209 0.02397276107630291753 0.08158333606101585145 0.01309084212022821637 0.01281003249638605797 0.78797389037398657408
1	0.00008052678276680715 0.99838103923259513550 0.00096268778160452366 0.00004500361028568943 0.00003925459748787076 0.00045856492161429428 0.00003292307364587952
5	0.00566866612971415190 0.00165946243474496269 0.00750917757551075073 0.00136930392686139329 0.00270989711376876758 0.98055501442744130713 0.00052847839195861908
4	0.00000039131565143004 0.00003892870190916884 0.00002508270249051211 0.00001624130817486368 0.99991531657093934982 0.00000244177702071093 0.00000159762381633355
6	0.01593788268015470036 0.00175690815822429278 0.00106951676236632064 0.00029840134273394832 0.00523195114892888342 0.00768854422366614405 0.96801679568392584585
2	0.00003145716889112504 0.00002659860148477536 0.99929720092965890199 0.00022355121173553717 0.00015990990389213734 0.00006557166358003906 0.00019571052075700420
1	0.00074817064548117203 0.97564752170303714607 0.00957454076121395069 0.00613497668546819815 0.00187808220774132771 0.00537644683181678126 0.00064026116524127698
2	0.00071727887093816166 0.00203205254747076871 0.96332825380730224829 0.01981972360779667847 0.00048923439673375464 0.01271545718812352663 0.00089799958163586991
1	0.02132996422434219747 0.84479937681077110767 0.00819716859846871329 0.07607990358743617343 0.02311777390368144683 0.01386674332477007276 0.01260906955053006824
6	0.05649981406991159277 0.03685552067761770079 0.00270664592153318411 0.00700723718465477013 0.01246514848348610240 0.00348818766309764603 0.88097744599969907142
6	0.03617737976850505383 0.00079211429686509491 0.00054299502533173790 0.00001326543182698315 0.00049401126807675875 0.00009892878490540917 0.96188130542448868621
1	0.00012254525710428122 0.99855606104858152250 0.00087630216787504451 0.00020770807627624636 0.00004062787890071400 0.00017783631340809007 0.00001891925785509074
2	0.00160020084790187347 0.00039837123008852984 0.99337435054007772184 0.00098065190114908518 0.00191293826894256645 0.00081880135068534130 0.00091468586115457618
1	0.00004249396865726645 0.99987357194895654100 0.00001965582612089925 0.00003007037262942926 0.00001714871483202905 0.00001547299372683437 0.00000158617507703868
2	0.00029403152751392175 0.03355912130619190248 0.96019101020061925489 0.00007897478717603233 0.00006594407764091376 0.00566630898816752968 0.00014460911268944184
3	0.07017928280326822532 0.00528517739806418172 0.00043575542496761672 0.89645686879627684007 0.00493775139572684603 0.02104489025868874069 0.00166027392300757757
3	0.00428869432113199688 0.00068425828983679842 0.00076037622566794657 0.99383865002766746954 0.00019898953547004548 0.00019189949568733646 0.00003713210453808823
3	0.01212810426964390682 0.00773728386474928451 0.00738631928001080157 0.96675388237880821585 0.00277632862231118457 0.00124661863424290311 0.00197146295023321351
3	0.04363390453748153958 0.04154930308674147088 0.05733603493895141762 0.78195501029831104844 0.03804568591286033863 0.01572976622646100539 0.02175029499919321069
1	0.00015373067415281152 0.99903816270114376152 0.00038485122098735604 0.00000300142720015773 0.00019615961292393400 0.00018725467462781550 0.00003683968896556240
6	0.00521004102476681913 0.00602230157911520445 0.00297132467812507390 0.02968476258191108177 0.00924414104332938955 0.00233867213217009906 0.94452875696058269384
1	0.08855722492304779481 0.65471688821940887681 0.02543746267043906287 0.16389914217806372809 0.03990240647629558768 0.02262684249055491384 0.00486003304219064652
0	0.90877948886333459466 0.07492957160661702087 0.00011346493730574659 0.01521977216272463011 0.00035560381791643382 0.00033227364605313981 0.00026982496604839102
5	0.03850617256580975145 0.01410521821633676544 0.01239102879901281956 0.00754778368667116326 0.00032056675263775734 0.92362344397615447900 0.00350578600337727100
1	0.00465920039864303834 0.98409960181682898384 0.00082898902134680001 0.00551802427035224304 0.00218596356048163026 0.00242627734566295888 0.00028194358668382082
0	0.92572136039553631903 0.01609438092198384185 0.02668838150722431524 0.01827089515574097794 0.00416777961276361842 0.00515778751111205854 0.00389941489563862178
1	0.15667066028842907555 0.63840616220449397655 0.03820907362603249285 0.04536981503313518987 0.07069178803814664402 0.01614252278076286351 0.03450997802899982703
2	0.00147491373957101988 0.00875380613686363440 0.96950114193049619082 0.00560745931194003931 0.00649901287409004359 0.00623006806226923584 0.00193359794476925763
1	0.00564447232355651078 0.89765908985775866302 0.01804753989571778253 0.06766791344028093291 0.00444474519359771246 0.00475276941359477085 0.00178346987549291339
0	0.82625450502682673548 0.02837740688562550087 0.04381909777401923195 0.02147568179933504948 0.04397404283208023595 0.00718898933501556543 0.02891027634709783176
1	0.00042681507147862216 0.99795307141541711449 0.00077058861240624854 0.00042114985010680998 0.00008167111025373421 0.00028231087626026988 0.00006439306407731146
1	0.03921174457831554799 0.92888594880124186748 0.01283192550084162262 0.00148050516638678154 0.01091648584820124022 0.00293949129368985393 0.00373389881132291535
5	0.01995254031974439540 0.00138317939894028663 0.00012563262829465860 0.01815005124248571591 0.00061083635940428131 0.95903666703909540292 0.00074109301203515159
4	0.01031522448185506584 0.00224597433216386583 0.01790393423642442153 0.04967097169700561421 0.89143293197764150726 0.01858667717713109735 0.00984428609777885689
0	0.92279293983406651680 0.00961736042736545393 0.01678822825703234906 0.01150887825917812878 0.01003973372807120956 0.02300762126834664939 0.00624523822593956411
1	0.10321450708946497410 0.47776630360473731907 0.05712176403357230314 0.21888537873380267684 0.07222058629506554472 0.04177049155886479459 0.02902096868449247080
3	0.00557544033049629795 0.06772168200566966445 0.00303799969154669620 0.92104305316564050177 0.00089059059505110661 0.00042530799112988041 0.00130592622046503577
0	0.99823044161889962211 0.00068804832229792730 0.00006066947640145154 0.00029897240129463126 0.00009551067357303670 0.00033757684915421566 0.00028878065837888340
2	0.00052022013971421812 0.00512905012602635040 0.98996013866486787247 0.00171450076587951854 0.00073766694613581324 0.00058193252545070873 0.00135649083192491537
1	0.00001192155056366663 0.99985642661612172954 0.00002142133538889395 0.00002032361067408162 0.00003828511539948954 0.00003679089978559191 0.00001483087206524381
2	0.00001475587980237661 0.00006877617065635712 0.99785003005510486407 0.00004954250097983180 0.00104419077497991094 0.00086436726074227348 0.00010833735773471574
2	0.00008300363780965685 0.00009498579628026827 0.99897353631807450647 0.00005874577579936156 0.00002461351898210939 0.00071961124580363482 0.00004550370725028615
0	0.94322722219691568224 0.00485675973595857489 0.00615403072716720796 0.00621615260821517870 0.02231189930980031350 0.00088610434382544530 0.01634783107811755426
1	0.00266478963681406750 0.98930911306909674607 0.00077536019565282543 0.00172788591249977037 0.00292691973202227314 0.00137619843093652683 0.00121973302297777851
6	0.09466049123505564100 0.00101628347753216267 0.00350155708363577515 0.00046570061122936410 0.02174434431251125524 0.00121698971765660138 0.87739463356237901159
3	0.00760875786745360272 0.00179031824285072754 0.00386064951383373973 0.98126710882228029842 0.00359675299429170099 0.00135960241402944323 0.00051681014526066887
5	0.00193220691641077290 0.00158674357108960643 0.01058759807571361435 0.00006453272565252679 0.00062278037075177723 0.98501413456758568632 0.00019200377279623426
2	0.00133210923235214246 0.00019771267853726046 0.99462475522099302871 0.00033610875061930364 0.00244997448606284205 0.00086440968024804367 0.00019492995118753373
