4	0.00880665520313585713 0.26417414384270160310 0.00198283543474221365 0.00322526803553272942 0.70942569616158268619 0.00430507769635028476 0.00808032362595498092
1	0.01587099883591278418 0.79785678615532429347 0.06317425399980797218 0.03405506122669653413 0.02572421779085602364 0.04458570024944288890 0.01873298174196002738
3	0.01477853343925941872 0.09796929287774176764 0.00173662976390779548 0.88119821781148210960 0.00106162347754603682 0.00179405674793146419 0.00146164588213189110
6	0.01340069021625193285 0.03089235215726710004 0.03219490148576455157 0.04256150840781226796 0.03260884949083565215 0.00820511431609538544 0.84013658392597267976
3	0.03227608048605487556 0.00794872285403457925 0.01055297347504861004 0.88711904263764485012 0.05491677261012387762 0.00103840703363875138 0.00614800090345404317
1	0.16522473385803901347 0.30271395767679842859 0.07085792427514524261 0.06950418726688539772 0.04640232304548121134 0.09810936814246873361 0.24718750573518188940
1	0.00124458866933210800 0.75253791318032869917 0.00245193085532847011 0.24076740554127620819 0.00100427225615878479 0.00035583699291696826 0.00163805250465906137
0	0.68193936739170113448 0.04592243145534957022 0.10979980231342184593 0.01982877796338186963 0.09056414394043357796 0.02586921676712100257 0.02607626016859108248
2	0.00029597497153268585 0.00059163069648558557 0.97805086748626257620 0.00193531609039370280 0.00841446820647567643 0.00848484997052198660 0.00222689257832702934
4	0.02525354955942737609 0.09405999185199936941 0.00698329380278417487 0.01260456369030645875 0.75435579873310754095 0.03413989679402071320 0.07260290556835451159
1	0.01742876706882885707 0.95499294235065168568 0.00455605311992580021 0.00573871395955550048 0.01156283177490050919 0.00440812957175506365 0.00131256215438248312
1	0.00030240009553763610 0.99431717787450346613 0.00115668152922211915 0.00062094045789368342 0.00091124588928058969 0.00239531197140457029 0.00029624218215916303
0	0.88036154517087916727 0.06065292808264142327 0.01624896524529411551 0.00690983750502195074 0.01041871802670588619 0.01613342324965163013 0.00927458271980570285
5	0.00030478071016626102 0.00082789771227854926 0.00016440862208267501 0.00414084311939527834 0.00527083126676954321 0.98897362234518670920 0.00031761622412124018
4	0.15682902998890174695 0.11437321362860182472 0.00439059428621115227 0.06822648004394800403 0.60432536788160284846 0.00735810287591145713 0.04449721129482296644
1	0.08935392846656488308 0.81334060385936435278 0.00162010230286398064 0.06135491741035745822 0.00424776779623741059 0.00529491308087866840 0.02478776708373273824
1	0.15616088720646467691 0.40697413759052081250 0.05712160221333632826 0.27281114149738305841 0.03015951932976819808 0.04182579881801454930 0.03494691334451223430
5	0.00062844618224860516 0.00007249193480465634 0.00048319185857697352 0.01246654323323776424 0.00029048771438284240 0.98581531149948442572 0.00024352757726545601
4	0.02573219036035461274 0.21310407131533506964 0.00747824034249450036 0.12246183555266176857 0.57830023978668565476 0.04485767530760662036 0.00806574733486231654
1	0.00617353116027832653 0.96380067245092593264 0.00348314809133554778 0.00398560520712446832 0.00107562235289555309 0.01203413584978282533 0.00944728488765784850
2	0.09131988100377165518 0.29336273414059077513 0.31150077505671486255 0.24547779854057288906 0.02576710202514705464 0.02305405800332209834 0.00951765122988100336
1	0.01721581266750232819 0.51650376475159898160 0.01373531957939522381 0.43759044285520148909 0.00255096473939667254 0.00306283771815303888 0.00934085768875194365
1	0.00081421134708504789 0.98715712599735694344 0.00046600778825616645 0.00098813503014460362 0.00054339703139678582 0.00818133271620605576 0.00184979008955489803
3	0.01009257297496710636 0.04007653431960608165 0.00397332826576555446 0.91565060115243079863 0.00095668747798653903 0.02426898001630356863 0.00498129579293983289
3	0.02900880784652541330 0.00207169282761776423 0.00017990788458936184 0.96498109121570241342 0.00301152533599370695 0.00071998426808588152 0.00002699062148597718
0	0.40910041428552951226 0.20523960442483152322 0.00883205676231386266 0.11609258825827367678 0.03004220129701556247 0.17029057789017948421 0.06040255708185642697
1	0.01698473249914509570 0.92927003029355137453 0.00028322223881396369 0.01146627430424532711 0.00484681976166868259 0.03633130125312493408 0.00081761964945017875
1	0.01003667967302776173 0.72952033652736936187 0.01562410438234725432 0.22544715838702211741 0.00189607970682244015 0.01467384738819216619 0.00280179393521906963
6	0.00019695351053015795 0.00130097818012002626 0.00842109530184090120 0.00125541158899669333 0.00063097262796956214 0.00046635414369040066 0.98772823464685188810
6	0.00255162238728986893 0.00187714070883302788 0.00184037578240857196 0.00074543029244709914 0.00672769419022866029 0.00112917176204732649 0.98512856487674582695
1	0.40733805860178318170 0.49203162127671457027 0.02343577202031741150 0.02362269141648537518 0.01583707080856542118 0.02561357488938658181 0.01212121098674742888
2	0.00020776554041640889 0.00219475037816019162 0.99483507915893554241 0.00157461360226557518 0.00034650188232305672 0.00061269255788461098 0.00022859688001493337
0	0.94863863589090968720 0.01147855078256166360 0.00271698819465111775 0.00336659152605543787 0.00614404914025979982 0.01741766338419008589 0.01023752108137239089
0	0.78067323594407900256 0.00725842372418306330 0.00085553345522883250 0.03784065070890432758 0.05894986436363444660 0.02513956041529106025 0.08928273138867894032
3	0.02465578744334944242 0.05045977165538253345 0.00069021237793363464 0.89492111664702267415 0.01132713257185669932 0.01371903363128578260 0.00422694567316909010
3	0.00028656047399981666 0.01973955100181435870 0.02187277748115770346 0.95724563955686103878 0.00040885693337641650 0.00036566600784116669 0.00008094854494838230
4	0.00949447207191980551 0.02022488389505305850 0.10891685251547637836 0.00255879605109063163 0.82641575909075215556 0.03012731584540883842 0.00226192053029950976
3	0.00028651889686982291 0.11998727230492910178 0.00123129240365271015 0.87336693965301759324 0.00055354916685198662 0.00254117284248293841 0.00203325473219513391
2	0.00663966019155897563 0.09882395453157921672 0.84774625472337183929 0.00963845638537918180 0.03383646620770586200 0.00081336383518062561 0.00250184412522372899
1	0.16850634511791018344 0.28123217683105300457 0.16010681297889722829 0.22697375815447556890 0.04605474113566209587 0.07309684479825295789 0.04402932098374921777
3	0.33858000370302809845 0.15124773851077499831 0.10215648958806806956 0.35170855142872958776 0.01090757762838647470 0.02907653177356184573 0.01632310736745072599
3	0.00012156287534866044 0.00022705857910587657 0.00023824414686307496 0.99891556713797613476 0.00035551816837714933 0.00009948108298469501 0.00004256800934375836
1	0.00224164042672460621 0.95793829453521517348 0.00558405535278012812 0.00026186906778539695 0.00166194583039178567 0.03145541807542579643 0.00085677671167709980
1	0.00001330871783401516 0.99962017073421804980 0.00005567219546005898 0.00007470205520954039 0.00006499769184673570 0.00013327884886279139 0.00003786975656715337
1	0.04105941655488286324 0.90763125792919119306 0.01815148041470014337 0.02112559311764685213 0.00703461180741729846 0.00246353633139802589 0.00253410384476353842
4	0.00137334197752748207 0.00613692841211968283 0.00224777858622372644 0.00082203981468910632 0.74124392881385747778 0.24720866756703971379 0.00096731482854283074
1	0.00561049987100228822 0.72198707252756544328 0.01539327094287457759 0.02587079464427147549 0.21789456053671113489 0.00810329886857099647 0.00514050260900390105
1	0.00181915816855669006 0.88962591986411676537 0.00942369107707396493 0.06126284553630394897 0.00845810114127641330 0.02224899689830258168 0.00716128731436938872
1	0.20992122699834367405 0.71228696999370400000 0.02658132390451452970 0.01383141990051663280 0.01413753170047980443 0.00507114149433011020 0.01817038600811143531
1	0.00002342343149712270 0.99963601170568872067 0.00006513099915741086 0.00019214270306717386 0.00002767108288258779 0.00005303244994448575 0.00000258762776209381
3	0.00311247289446391290 0.00030510077738456112 0.00007396641510486386 0.99483847606969710853 0.00157531219193399988 0.00005178792903737038 0.00004288372237825733
1	0.01481840326486690701 0.78859178444279376397 0.13824140043175883741 0.03486312832763956843 0.00924458572483746917 0.00763391635799632803 0.00660678145010669925
1	0.00230765300438341096 0.99110500617523034084 0.00186942637604572861 0.00095213770307632419 0.00056185788824717267 0.00291987280970122838 0.00028404604331675902
3	0.00202418088656003284 0.00174492692662246512 0.00022225647927003728 0.99569521638556335308 0.00004618938602650166 0.00012556828602105293 0.00014166164993686991
3	0.00369476246031339448 0.01075477803785296858 0.00070457098427460720 0.98302923445294643212 0.00023041824519427271 0.00143070300906990712 0.00015553281034846433
4	0.00414993239762864296 0.00814033568465959839 0.34314190228313518061 0.00289089541200729383 0.60418601764128487819 0.03259670480295508155 0.00489421177832898187
1	0.00871397066879537469 0.95233986624205413385 0.00437067225872492769 0.00702220428092040997 0.01056086923671608821 0.01521885931108433662 0.00177355800170505033
1	0.00066334667344514090 0.98365808478920757629 0.00569406091989846982 0.00127489854592026538 0.00082963971989675307 0.00645620651210545866 0.00142376283952619842
1	0.09159644235243875887 0.57418964357430590795 0.13009861808153458385 0.09298239215267722901 0.03698597317950961388 0.03522644005833684006 0.03892049060119646964
1	0.00262842806050371742 0.83135628547395379329 0.06409805186522984921 0.00113976963027722050 0.00197365330372057659 0.09596719749187027082 0.00283661417444495099
3	0.00225238454345184956 0.00825643599399970493 0.00182583728883245738 0.97697225003202348148 0.00248873932456112950 0.00290016062614443333 0.00530419219098756181
6	0.09084956142177767757 0.03820694104427716647 0.02939783764953773221 0.08081008159074204444 0.16455608105244387551 0.02084704479078203568 0.57533245245043951321
3	0.00240098363524579497 0.00288711002351973176 0.00007328908861928361 0.99431628233542379558 0.00010898942528759957 0.00011878879832208715 0.00009455669358149207
1	0.13609011794421929653 0.65813830875792689312 0.00237160844381480900 0.12428515665249573185 0.05094748541854183382 0.00628965743891628324 0.02187766534408504271
3	0.00219469976496107977 0.07091016034643973787 0.00164231974644871441 0.88034132088078564937 0.04262847737973438772 0.00041128896724288002 0.00187173291438583731
3	0.00238304580703661926 0.01172423646108679794 0.00005747964582048633 0.98559274435572019613 0.00012627428399029247 0.00002614279745930903 0.00009007664888715238
2	0.00901088182933584836 0.06670644497313381327 0.46124660567067121697 0.12609799083059936020 0.02972027123937243456 0.07256630646189302092 0.23465149899499426756
2	0.00093460424816735484 0.00981707087054598665 0.98453716679229563713 0.00051997177741149991 0.00177770642523548961 0.00154308686959148708 0.00087039301675262437
0	0.75993991198232346829 0.00260650471513476601 0.00592973209603728582 0.04366298030890956861 0.02369651130120289245 0.00735647673514665777 0.15680788286124555664
3	0.21931606271482531612 0.02901437381102395935 0.01727921186332700282 0.70216332990418395266 0.00533535652311446958 0.00071192370927165643 0.02617974147425372600
4	0.00101507185154350345 0.09556694316005383272 0.00217203686862630155 0.00135543406199011116 0.80077815840678390202 0.09673603308112828369 0.00237632256987408298
5	0.00119796011613001433 0.01785639641384080545 0.02226762731263873599 0.00023617615453747054 0.02193319939824520809 0.92969538842022581004 0.00681325218438219408
2	0.00665551973808468141 0.03432815974801267656 0.81702012655600964042 0.03446633712430080543 0.05342273881117920453 0.03774149343075897112 0.01636562459165418273
4	0.08206202466631935810 0.07760995905796305716 0.00175635283612932363 0.01709774442990059234 0.67358017777277368054 0.01825783144822594461 0.12963590978868774761
1	0.02964569529587085181 0.88448770568643420020 0.01885048809892871102 0.02243962270991351968 0.03872178661684331363 0.00501231281300680911 0.00084238877900236014
3	0.01162242436878066325 0.06402518752396484103 0.00738380483251464478 0.90559692313400030894 0.00223728345780544076 0.00696382705827195553 0.00217054962466166563
3	0.00490228777178106003 0.09062007632909639676 0.00191974961869560419 0.89399638375893120124 0.00200024079796169620 0.00511118087071861602 0.00145008085281529784
3	0.00258918112993696686 0.00663439340210445795 0.00067262377701489677 0.98167875124119530206 0.00085773687904004182 0.00029300999343985262 0.00727430357726823861
1	0.00684096633385780032 0.97544773163897768864 0.00092503219580166308 0.00103404704021899650 0.01334858322462923776 0.00082378682051621071 0.00157985274600009576
2	0.00000600873507710063 0.00001523644781014586 0.99979788785828083153 0.00000200734389931982 0.00002053380054699947 0.00014726544658297453 0.00001106036780263307
1	0.00023907666965073386 0.99500180797438997349 0.00123060909867095565 0.00215567730296408779 0.00014887582493025475 0.00096683698211378971 0.00025711614728289372
1	0.02673698403605356821 0.69402029097802631075 0.05211504100149395163 0.00656296357391208691 0.03414918817733429701 0.15515013978093530889 0.03126539245224433522
3	0.04582561439162928518 0.34852110717846990218 0.12301153977314270571 0.42274720619227063034 0.02459064474294018685 0.00884255074635665814 0.02646133697519100630
6	0.05750620290477756469 0.00212076614004690078 0.00338451449260079688 0.02655194344584289531 0.01207484484625191354 0.00140583527789544171 0.89695589289258426113
2	0.00010543118274286855 0.00840879299438574736 0.98579106329849597312 0.00221717016160231407 0.00002056757732403674 0.00308873049877180558 0.00036824428667660584
1	0.00073129225926602036 0.98342954066494003840 0.00190837722321338544 0.00268605307725010159 0.00109891623652815895 0.00937307148698052900 0.00077274905182145586
2	0.00006230473415333188 0.01333361761996420744 0.97586579713119436796 0.00068346529804791617 0.00142629132458475523 0.00341957308632278092 0.00520895080573230678
4	0.24640163790060620741 0.03223297777317624818 0.00827178980199266313 0.04286554398814162309 0.32605220489218550428 0.10290035103329676913 0.24127549461060102121
1	0.03149634150423078621 0.65503422086241125388 0.01223271820775910339 0.08108663717673562921 0.18034753268670938864 0.03478701994751530469 0.00501552961463868838
1	0.00302502726071600479 0.45437718425876783002 0.39346449648544884470 0.05813198335425993901 0.05478968206427647231 0.00488101651477934866 0.03133061006175149460
2	0.00116808754830048807 0.04616041364260401597 0.94720653783882846621 0.00281216379151303601 0.00124631966276679768 0.00112128240569388010 0.00028519511029328554
1	0.00014632404235591836 0.98953472941271614083 0.00629546911239319083 0.00106784953557105891 0.00057108215877777748 0.00232674384855877450 0.00005780188962649644
3	0.00138064476700620106 0.11367045686999809051 0.00105459223019117930 0.88219065158913922975 0.00023766262708640684 0.00012840159363149161 0.00133759032294698994
4	0.00827836881170016838 0.00558714799706471529 0.00485320306483797131 0.00967130534473210901 0.96864410527029731757 0.00054001591528434118 0.00242585359608340654
1	0.05875115427550594432 0.37475809010701188750 0.21106261514319682449 0.18136096101788776180 0.08029894491819938862 0.04435889167186451987 0.04940934286633345135
6	0.00967707559647551681 0.04226343238585821005 0.03608705744500588508 0.01843341315826132684 0.29266238671797734083 0.02128048654937269094 0.57959614814704929486
2	0.00812780473785986585 0.06079553404112799514 0.81617561823283579781 0.00319162530957500541 0.04201734718329913632 0.06154807014801395165 0.00814400034728809258
4	0.00002828616698695553 0.00008786982267691630 0.00001490250060679772 0.00019179680806902407 0.99963817955996547848 0.00001439062220523129 0.00002457451949022931
0	0.83491919767610989211 0.00832942016273707092 0.01568989512914384030 0.00171957956986663516 0.00878387973973003382 0.03391969437604029636 0.09663833334637239592
1	0.00593247179580212985 0.88959659583461703214 0.01353279533247677725 0.01804875657984397405 0.02927324022841951839 0.03646460466320897847 0.00715153556563341130
3	0.04388586486069041837 0.07521681036265094600 0.01050559804993747223 0.84801356425260598915 0.00776337391449712175 0.00738931244193050812 0.00722547611768778724
3	0.00047012954829717086 0.00052535931791804734 0.00099596135342898363 0.99744457356128446435 0.00029790827006550207 0.00010034146815951276 0.00016572648084666966
1	0.26099144443707467111 0.45762810611204696176 0.01162618062170980675 0.02719632694331422171 0.07559217295151177129 0.11207426589310465204 0.05489150304123763952
1	0.01334403906241905628 0.93571421020721179396 0.00370258527213419668 0.01665112232806281733 0.02065787688547173970 0.00047798793057491734 0.00945217831412615943
2	0.00818044300325419631 0.00882153800768633971 0.97380392594283737839 0.00196681039149786217 0.00620876899070503269 0.00067714310384729443 0.00034137056017131658
2	0.13549859741089359533 0.04259544788672664506 0.63260399568019543004 0.10515463647886034992 0.04819552732709968257 0.01940454860235972523 0.01654724661386455797
2	0.00125080313359034515 0.00007600144200478738 0.99701212411796136248 0.00113425289993875880 0.00006652969699408196 0.00040736104470115491 0.00005292766480982840
1	0.00085049030389986531 0.99146749733071359856 0.00145368485327049355 0.00184517371964819593 0.00202467476174183992 0.00014911445257402369 0.00220936457815238329
3	0.00083586644188658808 0.00152392808156491880 0.00055146803797606126 0.99687712974647879616 0.00001511028825458903 0.00013262544510991446 0.00006387195872934266
6	0.00220176598573772978 0.02847884495455639195 0.00290056995412234101 0.00392193692352307312 0.01322204831287306787 0.00624726713029045283 0.94302756673889709393
4	0.00159262888109191645 0.07898698128462275370 0.04378155994293715658 0.15272720449380636221 0.55695824829619056118 0.00256246074141518610 0.16339091635993582829
3	0.10238831993334242265 0.17706713516260544350 0.01045542339980758302 0.66265028952808413543 0.04152104897426100311 0.00231836401243799839 0.00359941898946163899
0	0.69328354225691735113 0.09449541130334171424 0.01408811387507471341 0.07305670965330689215 0.01286307416418758058 0.10452635725795474120 0.00768679148921694658
2	0.00135331005159277881 0.13603544543488352292 0.70152477158086479214 0.01951581602459496328 0.00843920504055552419 0.12922046409740073347 0.00391098777010809480
1	0.03591465734307956043 0.55823689993768188522 0.00795531286261247014 0.00518442700236851611 0.17118291183576397896 0.17600123450528473712 0.04552455651320864993
3	0.05477838624978919463 0.00585134834119434722 0.02724252269996154524 0.58700257344312711805 0.21721428744734205818 0.10526305202965254015 0.00264782978893320867
1	0.34737125427091691821 0.63342969149358763215 0.00112839740779966877 0.00392405699276692378 0.00733762100262953451 0.00362430881036734888 0.00318467002193239092
3	0.00003564135547238500 0.00003965851394384727 0.00001407230587603186 0.99985030528930063376 0.00000640286164126673 0.00001758787853800487 0.00003633179522727042
4	0.02525991096376411019 0.16913713593444862360 0.08204229050294575831 0.26894942061857540772 0.27716632648501859926 0.08392653373151540142 0.09351838176373233891
0	0.73838154594427662936 0.01950299538955310372 0.00752141286727213247 0.15136961270632190435 0.00713075183990096069 0.02014159338546353539 0.05595208786721157790
5	0.06357627048878912446 0.16953143603748305202 0.28186723144850944767 0.03618979545765289851 0.10509667592526571178 0.29769770383238008948 0.04604088680991966220
1	0.21110187134908070528 0.52943240884479236819 0.00386258409715339130 0.06650856576237675066 0.09908491797518621802 0.08050458929446861756 0.00950506267694192428
1	0.03074058027607317126 0.38631284402741605799 0.12515569897237258101 0.13997001390149646505 0.21311963146034129668 0.04334973612890688499 0.06135149523339351874
4	0.00384875682552906877 0.01603318279888934356 0.06950921122921169260 0.02780793949002033708 0.65434634980116279657 0.19490403681802806468 0.03355052303715842787
0	0.89808896029605644884 0.04478182732477379441 0.00464894469666240519 0.02255273782977099475 0.02319801585429391577 0.00481763864287644474 0.00191187535556600605
1	0.07584778868949446085 0.84078384176175879894 0.00587975778155553231 0.04631217017422117888 0.01099445303273489070 0.01776392371730152811 0.00241806484293289724
5	0.25826752278538395169 0.00484554495231046076 0.02342765152431730558 0.11649301864741014312 0.01399455280382331385 0.56907704406049497425 0.01389466522625987417
1	0.00002511448906084426 0.99667966354162640386 0.00049451027228330873 0.00098914828324197048 0.00042931883646886546 0.00132010187819455393 0.00006214269912215622
1	0.26936367985407738690 0.57190732019686196796 0.01927746016763227585 0.07980349514411207157 0.02367047570770804826 0.03191532847662987421 0.00406224045297801616
1	0.03298859900061207329 0.74409384259194144562 0.05955219034700939135 0.06181540299020238383 0.07179851941531256720 0.00260897234083674835 0.02714247331408499442
5	0.00435492810162606443 0.06385488649339982059 0.00629154146568269412 0.00407146235166522437 0.01860527885458006930 0.89244411293304226618 0.01037778980000390872
3	0.00147167739768646797 0.09073779415527789827 0.00045752921788422729 0.90112272630304179888 0.00517049562501869803 0.00056954396649678066 0.00047023333459389748
6	0.07362070042516666302 0.01313364805571650903 0.01632001296974395707 0.02524831741070548627 0.05802154207656235602 0.08307602063346482268 0.73057975842864042448
2	0.00001822593675400567 0.00013135548699474519 0.98515547597931540924 0.00113300805677705356 0.00489065223179052308 0.00214779560626696684 0.00652348670210082474
2	0.00326253704064216350 0.00246921570306697603 0.99321169526919117487 0.00044954202510366143 0.00036765883861150639 0.00020446150137766662 0.00003488962200735588
6	0.04332800716863734192 0.16603173970121973269 0.02238251860333503526 0.06889905059825660039 0.01309731521901854115 0.19596639334076534911 0.49029497536876764929
4	0.00018144844464278785 0.00544657532820444577 0.00171125146601038588 0.00457986212761519497 0.98332996247550741309 0.00393414102156557696 0.00081675913645376345
1	0.02760824814609880856 0.70834726745123688385 0.09317377961817049914 0.08113374642249450430 0.02879913895297776805 0.04787991763728456640 0.01305790177173751267
1	0.00370156363706072465 0.97246713824470099041 0.00732957907322283851 0.00768684258680656703 0.00113459536212165034 0.00675365215952547591 0.00092662893656229970
1	0.10146049658261277471 0.32184332447976155001 0.15320503006232891186 0.23155861202879285399 0.04490924614673344473 0.03617683643799096682 0.11084645426177952565
1	0.03081410320817062898 0.92166501274663714671 0.00113319766661424889 0.01355717453884470493 0.00463683953516572361 0.00345059221613450541 0.02474308008843275133
1	0.06161449394472853780 0.63408575173443870732 0.05628353521868389303 0.17372960900046960364 0.05482154580140982669 0.00583841379393289835 0.01362665050633676475
4	0.00043886794323398019 0.00027904767835436643 0.00078135269490619945 0.01717636766425566577 0.97911554865654160107 0.00028363124811677274 0.00192518411459173056
2	0.09589173438318258913 0.00902151060604379669 0.86513099364410106507 0.00465891655115837928 0.01195825406037669125 0.00585687566389767912 0.00748171509123982462
2	0.05845704829010132941 0.07333719110604006164 0.69884528754022001706 0.11208398001271753508 0.03001599068108697782 0.01166281297522693897 0.01559768939460755809
3	0.01492734217626401176 0.01483067888699555678 0.00164824033692916559 0.96702956171254816908 0.00021964578655424692 0.00108276657438807202 0.00026176452632150309
2	0.00251040119822320672 0.00515938040538844143 0.97528377742439575915 0.00082893878279989325 0.00044741881465863698 0.01472101526499224218 0.00104906810954271909
1	0.00629233076676506686 0.98070074967525877607 0.00182674856918574086 0.00104682161655128580 0.00132204521947896147 0.00049877030020001106 0.00831253385255914697
4	0.03302619801131675276 0.09614239821418750498 0.00731910256193799361 0.01633111349696392614 0.76842219637802366972 0.02569844670749923954 0.05306054463007115612
1	0.00158933071702155272 0.99716149000412157566 0.00090608958085117998 0.00019517150129894035 0.00002979145180574322 0.00009043931479400142 0.00002768743010748297
6	0.13548953666925217521 0.05651875499675147740 0.13091813677819130746 0.19162112531550565264 0.22009541212637437346 0.01972262219652245671 0.24563441191740228997
0	0.91879808657522021864 0.01930410040446593062 0.01876542369322833914 0.01577828763336226736 0.01234064474979122174 0.01102138201622277804 0.00399207492770905885
1	0.00022984609234999527 0.99958032811813291030 0.00005900660846325911 0.00007834729765120574 0.00000223904523354401 0.00004588013505465841 0.00000435270311613561
1	0.01924088934792710787 0.94074303438545725520 0.01261709231818112717 0.01469372756005881547 0.01022916468307646758 0.00128819866349742795 0.00118789304180155308
1	0.00353205563728227392 0.97626650225870170718 0.00063822493753215180 0.00097651821994326315 0.00107341621164381011 0.01571770336065926935 0.00179557937423785474
2	0.00012982583521019679 0.01553473653723981204 0.96652585216391240230 0.00141900041256240190 0.00167693581104986708 0.01438621141412457262 0.00032743782590025745
0	0.40243879977251439950 0.11891834030647507880 0.00821572823223299352 0.25956374218103217544 0.03175560846366722728 0.01093323781221920699 0.16817454323185912490
1	0.00026363790764188260 0.99714164987614251068 0.00058999720980563758 0.00091995766284642434 0.00013237128643451822 0.00091490805795101625 0.00003747799917765289
1	0.06742615863372089513 0.49540556345237352076 0.01277117850428582252 0.06378144274206509756 0.08061294095883181354 0.03691918483960448388 0.24308353086911804741
3	0.00043967809767298503 0.00162920861796597206 0.00265161647864464159 0.99133190745070587369 0.00016491679907316777 0.00351259110654679896 0.00027008144939086212
1	0.01059222876349033386 0.78980084848646092688 0.16074793481391363992 0.02452536130741189008 0.01076863670594676269 0.00297779750286144727 0.00058719241991439389
4	0.14316490378131968564 0.08905603560244798600 0.01972164764844826224 0.22760522757954082529 0.45896286682491171938 0.03703195724998619570 0.02445736131334533270
2	0.01201842397588249491 0.01572835459704490305 0.93499351467606683919 0.01082837039228235106 0.00926064178016126199 0.00778725632238649705 0.00938343825617673002
0	0.98183432330714037750 0.00447416917991556775 0.00066186767731629421 0.00094548567352823615 0.00139357515180711373 0.00154007567018194934 0.00915050334011049786
5	0.22657354706279547729 0.20234939248802927270 0.01117677945110484052 0.16275024197395793202 0.00545867970613585825 0.34047326264861071943 0.05121809666936560229
3	0.02469315945706437865 0.00757971409033831797 0.00198710059376063560 0.95299447391828651099 0.00443868189842061816 0.00533181229686140352 0.00297505774526807569
3	0.03542537467208659724 0.03822073988670762756 0.00972304501966915133 0.91040682855071308754 0.00355123077163441072 0.00083382107099923275 0.00183896002819030659
5	0.07498209748729689483 0.40218690644556304159 0.00746245655930468342 0.00346679774043891697 0.02054562991297623556 0.47824785549336890078 0.01310825636105134896
1	0.02096294070201854681 0.83059038562920217696 0.00517165061249325216 0.03048131761314298513 0.02640831966608688311 0.02626666569251823874 0.06011872008453840455
6	0.00698680345947571071 0.00187441300615918721 0.00126515641367447675 0.00253295691745970787 0.00191699231100127938 0.00218056309454844237 0.98324311479768122801
4	0.00472689987346922458 0.01019020636925288374 0.00401860097299831971 0.01325225847338230845 0.96154749435278497049 0.00075099736511668883 0.00551354259299547192
4	0.00055506007468832477 0.00239567238194933257 0.00110261598938815792 0.00167418862108499491 0.97832070364879186730 0.00629085538062688649 0.00966090390347060408
1	0.00207457539663091035 0.99344179374229835133 0.00052490014771091134 0.00052649534517745203 0.00009503644262817722 0.00327001550394908497 0.00006718342160543315
0	0.97030787080199987216 0.00166235361275788337 0.00133405397233802301 0.00694927056457324537 0.01029974850093236076 0.00656879277224045859 0.00287790977515821507
4	0.01491742969467066589 0.03512660389485139367 0.07996021055194850458 0.01906200299656077290 0.82323814436030307018 0.01269299189966650344 0.01500261660199946924
2	0.00108360695693524153 0.00017138793304464280 0.99144521910780025742 0.00011420315648755900 0.00294972463360902021 0.00290295272925241484 0.00133290548287140118
2	0.17803317861901205021 0.08921206304214567007 0.42601926578967402870 0.00646024883528637309 0.04286080057380652758 0.22846243805666791027 0.02895200508340740192
4	0.00527707190788214830 0.01090446735502675034 0.00442855231854326348 0.00212581281557917357 0.89158915169417618518 0.01322763465114506869 0.07244730925764683582
3	0.00150114333408888755 0.00505821272257466099 0.00067226494530411873 0.99128266083517480034 0.00053433259042442440 0.00021957834954144603 0.00073180722289201215
1	0.05256926095012185579 0.53144523885176087052 0.00513296869341136729 0.02651548043068811464 0.30345532065838276559 0.03077949434537411919 0.05010223607026090958
1	0.00905351264757888428 0.95130921033749649141 0.00401828743666882409 0.02392336154013031610 0.00119724217811415022 0.00319930581431831671 0.00729908004569265745
1	0.11125547994513997063 0.57347947294011270003 0.08889756774226426073 0.16271608573551071819 0.02065835318186060032 0.01995284308660832256 0.02304019736850342753
2	0.00112257349154560606 0.27588448886789596060 0.68772302678751984217 0.00822400426233710694 0.00818599383833364981 0.01142223054029502423 0.00743768221207331218
1	0.28955393879134599944 0.62442428161802876474 0.00242546519843311490 0.01359450135790980785 0.03668224152263005466 0.02787032269937101889 0.00544924881228104653
5	0.01204484733912009400 0.18449963687403975188 0.00496708549829136172 0.02032821689104982038 0.05812474971728179979 0.71142327943355831987 0.00861218424665874567
4	0.00075570964621758717 0.00075043183016634926 0.00015221077112001708 0.00184838240369275758 0.99582104921174852130 0.00021295960305683736 0.00045925653399829611
2	0.00195471858820637622 0.42772066523950530437 0.50916827251561824763 0.00211513779604478435 0.00106206982309945742 0.05476930727337438187 0.00320982876415196313
3	0.02469343594770730468 0.22898986993863812422 0.04437652235872367040 0.27366887162260589150 0.22797193055130166028 0.16889688016015635963 0.03140248942086727724
3	0.00800342569526962637 0.01011523443068735803 0.00511093923838328457 0.97313602854571079614 0.00056499204214012283 0.00247016911523440007 0.00059921093257388745
3	0.40602667908973588684 0.13336474596025360562 0.00418561728470200501 0.44714365580836401559 0.00113400006555909767 0.00482173920057059856 0.00332356259081475992
4	0.00437718283277653813 0.02609970340877736106 0.11372417442022801637 0.02734770063322534972 0.80918282488783210837 0.00343508751346620084 0.01583332630369396407
0	0.60634129250600599104 0.28106256744764290811 0.01733965010385475625 0.01336161145680648046 0.04830665892961431146 0.01521976748079669622 0.01836845207527890503
0	0.65022024870519679052 0.00525131021586677880 0.00068034408481072413 0.00102665821791151344 0.33678424056497069383 0.00055821841951225130 0.00547897979173134469
1	0.00007190539754472497 0.98947668322074777691 0.00104128712795512383 0.00681819744466497304 0.00158118606896897576 0.00067982672961403631 0.00033091401050471377
1	0.01952737534690397042 0.55005870543469159717 0.09389450890030029417 0.02343769727274736328 0.00018485298462362674 0.31268922146453725919 0.00020763859619589510
1	0.01004054974539102946 0.93075923981941055541 0.02129724920255231940 0.02040087831842109581 0.00298486405186512357 0.00866465246753312344 0.00585256639482704434
1	0.00409470863179488796 0.86157120068307468941 0.07784761312049462423 0.01548768258188472531 0.00315120566552821394 0.03433927442389255597 0.00350831489333007420
4	0.07678439976659147403 0.01528706940575536369 0.08427099695524152556 0.14038729643312711226 0.66076383911674496652 0.01130363182182593865 0.01120276650071389164
1	0.00312379017896408573 0.98489020794929504898 0.00066048304935485821 0.00489817308627177057 0.00360576495352939088 0.00260328899969901805 0.00021829178288597053
5	0.04397362929771867629 0.08767704769874744286 0.07980055627646605310 0.14214287824636834268 0.04666189669864505285 0.59578691197114153066 0.00395707981091343326
3	0.00946042916150313488 0.01269673341803141328 0.00011455098688855114 0.97755648292885777284 0.00003968417115141260 0.00008305380901297408 0.00004906552455498121
1	0.07132878680358069323 0.53084785396151068504 0.00923277550776976062 0.37977661029733705833 0.00284244211365811215 0.00517627400307129563 0.00079525731307228029
3	0.00991745969936045670 0.28861380975684663985 0.01885616179552993335 0.68142609281074595362 0.00013063157567342102 0.00019881019343838475 0.00085703416840490819
1	0.00721595517628260009 0.88551089053968867759 0.00867610388115150344 0.01668890799647018697 0.07328677696910448902 0.00629155604347836784 0.00232980939382457881
1	0.07345074895927955483 0.76357091395135356926 0.04603679321850027290 0.07672530065356077122 0.01606909273165874757 0.00530435981726012484 0.01884279066838693076
1	0.00177561003878461371 0.98183748810002180463 0.00459757173773561387 0.00362768182207378817 0.00209572129677400212 0.00289807075259760662 0.00316785625201283392
1	0.00010352521263725205 0.99705355250776539489 0.00108494368613373370 0.00112734172817877598 0.00010634910093049685 0.00043494000110563602 0.00008934776324892414
1	0.00141548252495590126 0.99291390508785071223 0.00139024280006483066 0.00236895795234332582 0.00042579400906936343 0.00137528699110618007 0.00011033063460991306
6	0.02055568457519136097 0.13318131733157806407 0.07453688037136449451 0.09660750768889640738 0.13945816123323390157 0.06492302186807891173 0.47073742693165693263
3	0.00000575950085707886 0.00000324667543733569 0.00000177814547193790 0.99998680700552811107 0.00000032623275536754 0.00000164986161428116 0.00000043257833474850
4	0.01008019996727533944 0.00074159416885225210 0.00050930538800396960 0.00074660161763813362 0.98698668513029474969 0.00074028404879930088 0.00019532967913579011
0	0.83802162867653950951 0.01834571160801984346 0.00529000254760405783 0.00012525269690121887 0.01348280673755604224 0.00308217928027642142 0.12165241845310272029
5	0.01617545745131502427 0.00778164570713200943 0.00109340328619545119 0.00140850689876706263 0.01445321238839754156 0.95272741356925794154 0.00636036069893455500
2	0.00002886551795320614 0.00041918315747053867 0.99682624411310483126 0.00029706904483605941 0.00044159572238942657 0.00172399650490574069 0.00026304593934076793
0	0.77943522535557485664 0.10397972248140338603 0.00425150688443667098 0.01113684127821707413 0.00892731264003163334 0.06032047933495036235 0.03194891202538600872
6	0.06243050760544215788 0.00283284574878017812 0.01334883572894784987 0.00202694084473570551 0.00184613099542416722 0.00044825802878231262 0.91706648104788768272
0	0.92266649335860206893 0.01204707249980953299 0.00353057100202816814 0.02924435635251719859 0.01609121361381962018 0.00261741414639834373 0.01380287902682505660
0	0.30258167625985660232 0.22386349617308268223 0.04968595821541070545 0.07705958464171509814 0.18655127909440671896 0.06810592710704366226 0.09215207850848432247
2	0.32827467781310870620 0.01549225884481145003 0.43471641899548579824 0.01382239271817693391 0.12401619246004720598 0.02838015427043097394 0.05529790489793884323
4	0.02843100154889035766 0.00486113373875730285 0.00049024897313734012 0.05818736995135884854 0.87126015304246229309 0.01581436901504476578 0.02095572373034881863
1	0.04736229890880516713 0.70832537051253041671 0.03518578437946991155 0.00168233158032069213 0.06535594404677944058 0.13208729949852884844 0.01000097107356555035
6	0.45246366498175721871 0.00784786294880779854 0.00554473095012648909 0.00267434509840863309 0.01471936243963710422 0.01454222751465018143 0.50220780606661263867
1	0.00070924145344440550 0.98682233931631480051 0.00192384446357686859 0.00945044148665390160 0.00015458349852039537 0.00063803950611715943 0.00030151027537179254
1	0.08488561715929707208 0.56464410923897956351 0.04781055733131436836 0.11139330626209599517 0.05451059032268400911 0.11604922946545533080 0.02070659022017371995
4	0.00107706828072059871 0.03371926796063828835 0.00402752679157118796 0.00740848232559208550 0.93081168819291570937 0.00297995530327241310 0.01997601114529025737
1	0.02554962541462601350 0.90152033237659789933 0.00272817770633430011 0.04052703635252730141 0.01217904607184457436 0.00931316971786931048 0.00818261236020086449
1	0.00744509473476761326 0.81124906142550889943 0.06326575725782596082 0.00212663421928791342 0.08739147082628243024 0.02531217340071132554 0.00320980813561622764
1	0.00030210627943516734 0.92059340549908097451 0.01254934388350216652 0.00791163395505687164 0.00073829335732102498 0.00306594559782827607 0.05483927142777562241
2	0.00442266815066006628 0.00268470969744073707 0.97924400872581907063 0.00044037999180839807 0.00211301338640628410 0.01009608810242872308 0.00099913194543748991
2	0.00042157982421011443 0.00146505511316014862 0.99638638493416009645 0.00045435752504495886 0.00052260799076162174 0.00039316446099062799 0.00035685015167210633
1	0.05772747226988481778 0.54691074631850378207 0.00305131155970192382 0.38950929907796388862 0.00126145842745058146 0.00104121224685906305 0.00049850009963557640
1	0.03230419999280253335 0.75441473518110924168 0.01944758101950827545 0.06497393973419769708 0.04092894444755940109 0.02426668481098836344 0.06366391481383504303
1	0.12707160144919726896 0.29703273387346207368 0.10853503168805252177 0.09947492292816020876 0.11046311641356296174 0.18309841370841598018 0.07432417993914924859
1	0.00096114927903950299 0.99824551186029308880 0.00016211776353647551 0.00044887566907647505 0.00002150047202680644 0.00004196714829243328 0.00011887780773524546
2	0.00297235391964376832 0.04423518543648469886 0.80576551085001668628 0.08900102015008568013 0.01526781813709875840 0.00560153652329651447 0.03715657498337366499
3	0.12078946873111535976 0.29153774322749703707 0.02941819797921945562 0.51309713963125380687 0.03444935044746988417 0.00406513784639817369 0.00664296213704618221
3	0.03007355718850651324 0.12565379651441080378 0.00516971913825416216 0.67091570971147118652 0.15561387106336035946 0.00935373929735723586 0.00321960708663956681
0	0.34302763117350670852 0.06183252145039803971 0.03479182324031009771 0.01175878509487949045 0.31394380689074719015 0.03141280269239531131 0.20323262945776288113
2	0.01841805803175028400 0.00659603492309272788 0.50771484099174424287 0.01795006103640309908 0.01107573723671139050 0.43391379470837704302 0.00433147307192147720
1	0.03139857474640889157 0.72516440485172750652 0.04090733839921060350 0.01405059669595544979 0.09793305659803799856 0.02760725717214582847 0.06293877153651412926
5	0.00665587914296936721 0.00036327445035168554 0.00038849327602140707 0.00103566342699306551 0.00090658603247635919 0.99016878112982165128 0.00048132254136705216
4	0.00000879257764262567 0.00000405490920618430 0.00000488741375230314 0.00003020552843523224 0.99991214363651359509 0.00002254444978099754 0.00001737148466820507
5	0.03847051569143351835 0.08446649528402062901 0.00780416609779381772 0.01566941816854003008 0.02391765337598487223 0.80938067754338138826 0.02029107383884552404
1	0.00002433595703521230 0.99910584012511294283 0.00027376700846983194 0.00032826635335140626 0.00005448211367990362 0.00020185656428762963 0.00001145187806497051
0	0.50203497044322986653 0.00060111823929190876 0.00035963487233232379 0.00948280288594469632 0.02967617423421382156 0.00035770733905365367 0.45748759198593369479
