4	0.00695232292967800074 0.35318801918265929629 0.00234770550901575344 0.00285038547960692274 0.62348362607576768291 0.00396066477358983197 0.00721727604968195897
1	0.01517517387370269193 0.79762517485131312345 0.06544173218041629547 0.03397381450558213667 0.02412301157671511639 0.04447545491418936070 0.01918563809808168305
3	0.00815358565465791087 0.05502251906919538443 0.00028135508637509475 0.93568204886479722227 0.00019519789915259259 0.00035242926921249807 0.00031286415660967254
6	0.01815055808845789445 0.05619130120969606512 0.05115268857479245840 0.07189974446642471984 0.04412665307310065232 0.01833726502331642014 0.74014178956421183830
3	0.02387331740870396457 0.00416307393221360469 0.00245791822313980038 0.95834743769061525587 0.00937725610567475762 0.00025237691366388756 0.00152861972598874519
1	0.16023558032885501512 0.29466854404365422360 0.07586482393331656082 0.07608529556397644611 0.04595564167996814275 0.10238717061220775628 0.24480294383802203573
1	0.00095183337749001312 0.72524077047498070048 0.00302240330833623838 0.26798395253320267395 0.00093026278299470863 0.00047177462551690075 0.00139900289747943527
0	0.67330499579574909497 0.05377965038495364364 0.10739811799844424522 0.02506279565497390727 0.08389249994573427793 0.02875834704686188251 0.02780359317328282009
2	0.00031773513135689214 0.00080860164319538025 0.96966685075440051111 0.00337618274389771440 0.01083440396371821227 0.01142678379358261741 0.00356944196984727282
4	0.02315074033877428938 0.14569815478697531463 0.00795672272840242459 0.02114276473987907953 0.67261384898516718422 0.04608671720339736766 0.08335105121740450651
1	0.01327005601006471872 0.96110878281818645785 0.00465736110442667613 0.00502654995834290064 0.01035738369320213757 0.00421643226558615115 0.00136343415019045942
1	0.00015425693462303524 0.99578056036631290571 0.00093250714997655240 0.00043469787786868129 0.00069359889888086993 0.00186875256419966398 0.00013562620813814598
0	0.91662394724915496891 0.04580114164733004728 0.00565460843022193380 0.00416671592941984109 0.00964611269235461991 0.00703134946082109059 0.01107612459069750796
5	0.00013599110311117072 0.00162761710059788163 0.00030863732747482710 0.00651104380353804447 0.00898838208725080169 0.98164505484054020990 0.00078327373748743507
4	0.14824507833356992403 0.13909723441982929648 0.00598685567395415303 0.08720230807718901134 0.58238229741878810852 0.00810559922892317881 0.02898062684774639630
1	0.07311976613300122385 0.82026624660981295456 0.00175899293617742857 0.06529953392895147812 0.00577845778863537822 0.00673724694118753558 0.02703975566223466159
1	0.14167994564791486223 0.41931316075981506231 0.04963847622631326756 0.28828047674837403713 0.02516061157736178971 0.04195801006374585973 0.03396931897647537807
5	0.00039306588396874082 0.00004385967048283771 0.00027200019907593168 0.00756584660376523766 0.00020659607130405158 0.99140827857072510998 0.00011035300067815373
4	0.02523568189658493763 0.29926322397634741446 0.00734207542698909858 0.12812038968881644951 0.48423472762467528741 0.04573934112903466076 0.01006456025755198165
1	0.00506064529786384460 0.97107534608711476576 0.00239182800539972790 0.00304278386757333508 0.00096435968903420743 0.00887740799661610597 0.00858762905639691432
1	0.07085317643267455279 0.30296727096713299554 0.30190166627840125946 0.25729558155383941420 0.03169019585949015005 0.02438727659798804043 0.01090483231047314171
1	0.01097628583444638234 0.53783380694228855035 0.01190379152898791808 0.42605062933132353820 0.00284708332719455209 0.00320656768664539680 0.00718183534911332085
1	0.00063914775985095913 0.98509019745227277554 0.00058603409147281731 0.00122619713101371273 0.00073435103841590268 0.00954828571632657455 0.00217578681064919737
3	0.01094583417425200322 0.05419526694512889070 0.00586607063891123569 0.88879070388631375987 0.00182715701873103218 0.03241767513208889534 0.00595729220457391021
3	0.02073715513228569993 0.00165415365021719780 0.00006290984097083478 0.97649184287033541363 0.00086114975387420857 0.00018757550985355298 0.00000521324246266663
0	0.41191271643900906341 0.24718011993352914657 0.00870373214953013008 0.10580049348181837232 0.02445757529853562554 0.14947486472085705356 0.05247049797672052873
1	0.01320764996969201951 0.90237572217721173651 0.00018417032587524212 0.01063162933694884044 0.00239807371746938265 0.07098742628780878305 0.00021532818499369485
1	0.00549430741035513912 0.74633853929838345209 0.01692855563525613727 0.21197586354203282188 0.00210762466605799456 0.01474848549939877275 0.00240662394851587271
6	0.00014281612037356919 0.00069575124503592177 0.00360737943817731471 0.00058209750064364932 0.00061142138042998126 0.00029308115292063259 0.99406745316241817978
6	0.01721591840972783519 0.10533508621851789266 0.01308517058345739538 0.00586209449658392154 0.06736727228081129670 0.00858672906827758625 0.78254772894262436544
1	0.37120243891420351412 0.51811784366378133004 0.02421626650198772934 0.02374968273605088803 0.01798792534253753489 0.03037761156574114371 0.01434823127569776618
2	0.00019830467994454129 0.00387027889329795774 0.99247975965839263512 0.00200682191373547768 0.00045102177351997444 0.00067599978507729185 0.00031781329603233538
0	0.45625463458618614743 0.35958666888842150122 0.01701821960765437930 0.01683533368812988734 0.02294731490584543676 0.11402810669351438888 0.01332972163024823305
0	0.84754734096072570360 0.00616605031643052779 0.00040447263912963839 0.08461761291036951071 0.01839873558716205101 0.01060729056496611394 0.03225849702121633134
3	0.01677247120587625762 0.07068697151390500311 0.00089036987823448656 0.87280708697691489206 0.01573698192764572817 0.01746765289859207593 0.00563846559883108937
3	0.00013221864168444557 0.01797996732653399030 0.01741341106143591555 0.96368929391683399999 0.00042914790152700740 0.00025695183270594543 0.00009900931927885683
4	0.01385879771444951426 0.02664160062503032056 0.12211595730909435842 0.00417415392291665965 0.78520926602339513600 0.04440385853094633295 0.00359636587416776966
3	0.00018167387286097058 0.13773412655092359680 0.00121307898075864859 0.85622674832814749113 0.00050181978919827078 0.00213819505067107049 0.00200435742744058988
2	0.00871366235181269232 0.13670039620777438283 0.80022109561877585726 0.01121292285497647347 0.03811978567676448798 0.00103391405633730866 0.00399822323355830244
1	0.16242471256196019946 0.29153592674705214316 0.15756492357889281819 0.23306878109337547667 0.04164759765660305812 0.07152305340923084676 0.04223500495288559642
3	0.18317019596381536872 0.18780254157301504159 0.14805300010743599470 0.40952319955586996558 0.01507615812672837702 0.03704627648735338286 0.01932862818578183831
3	0.00045094778002217537 0.00353262156585354252 0.00107037930181508095 0.99304425909014537588 0.00143103789745425308 0.00037198992055547606 0.00009876444415375036
1	0.00173308329562063069 0.95580361529091817374 0.00561571208661870973 0.00028812031663742272 0.00150497924646201533 0.03398052162559878075 0.00107396813814439156
1	0.00000758440312052511 0.99967874271673329289 0.00005301970657837870 0.00005908772863036930 0.00005845191933824630 0.00012463913701825100 0.00001847438858098990
1	0.03091954902215060530 0.92466939639084599900 0.01683112026103629824 0.01749790660890091290 0.00639662030367225444 0.00231979799575116052 0.00136560941764270910
4	0.00044465053422192347 0.00857317829900425266 0.00273728457106282895 0.00088006324377455040 0.80934036537006137646 0.17671871119242141268 0.00130574678945343426
1	0.00480913513770752851 0.71850830614831628917 0.01356702617406404382 0.03563971139794786663 0.21297663125673432782 0.00803770283595063931 0.00646148704927969417
1	0.00144923140547991184 0.84549313649001511806 0.00996315163042935104 0.09112984843200767904 0.01146896098499718304 0.03055990852562651822 0.00993576253144410650
1	0.01708280928242831773 0.92189774624847498075 0.02918518922772236901 0.01449791983480809739 0.00779197132856905648 0.00493963208599913599 0.00460473199199830895
1	0.00001156297079112650 0.99975758466409125891 0.00004780196188524561 0.00012504544630337930 0.00002932462665923179 0.00002715947871282651 0.00000152085155574471
3	0.00207266703647942261 0.00017689826359232636 0.00001591311921730220 0.99742225632271941382 0.00028749186176376068 0.00001331022249204672 0.00001146317373544065
1	0.00875766344133891740 0.79662978151754892941 0.14058830919598880316 0.03036659882656337489 0.00863212961251569322 0.00823767849408628926 0.00678783891195666126
1	0.00204806244295024269 0.99124817866585690496 0.00190052682713319964 0.00106915845097718763 0.00057612719337350954 0.00283081764116335311 0.00032712877854476646
3	0.00152229691168260183 0.00106622433981315044 0.00006571669389581888 0.99725680582886644387 0.00001050717506583922 0.00004005959257930777 0.00003838945809662364
3	0.00284839559130763620 0.00684631208223690935 0.00019929092918270427 0.98969632385762718041 0.00005481692607458313 0.00030461396081045769 0.00005024665276052960
4	0.00131117942340701040 0.00792790754698436198 0.01789332679513361973 0.00093940681835700222 0.95626521105749817675 0.00845108225309152902 0.00721188610552818583
1	0.00606026860270325075 0.96351771781528605665 0.00407316343693176451 0.00575704238015909819 0.00870299350727147397 0.01087609777415236671 0.00101271648349585499
1	0.00049797736960299332 0.98458876295445674209 0.00464999866141891857 0.00136908286473998663 0.00078012695409076800 0.00649159562136910739 0.00162245557432126814
1	0.08180567457315517099 0.61840523252375301233 0.11102929068950798119 0.08917707174221160826 0.03234550640878170596 0.03266409279531586052 0.03457313126727512564
1	0.00138951411471636434 0.86157922446655021975 0.05858204808945970121 0.00122409707332482641 0.00170385169973494678 0.07292846299731495230 0.00259280155889851996
3	0.00090627792578581285 0.00349801848278689974 0.00026136037559480751 0.99371781236022616035 0.00028498421326272601 0.00047966217890551503 0.00085188446343733594
6	0.11484492771925668142 0.04822947656526738180 0.03776431853684558693 0.14189631529723453762 0.21555599686137646986 0.02520995187891381453 0.41649901314110521211
3	0.00106175992455805209 0.00152965019853321723 0.00001471396158201831 0.99733171555612232240 0.00001790471362696302 0.00002631996527454463 0.00001793568030275356
1	0.12606932776035809085 0.66769412881385936664 0.00218764479560916523 0.12630902889858933169 0.04229672727240271074 0.01027018826384352296 0.02517295419533840256
3	0.00105054808700980637 0.04224280872783794244 0.00044178882770617615 0.94836673626501544199 0.00738580240327561029 0.00010274584454558087 0.00040956984460972757
3	0.00182255813915891849 0.01042517894937187994 0.00001886630974898307 0.98767416471083480101 0.00003510307158782702 0.00000948574366879579 0.00001464307562911659
2	0.00524535426947887913 0.08242914569115603052 0.38064933682016716121 0.19135111090646386711 0.03375252144675289917 0.07393897323977324798 0.23263355762620768763
2	0.00028574315235955854 0.00526492736133580067 0.99174895640290949839 0.00016690423595966622 0.00120215338287730069 0.00111459958557216538 0.00021671587898638634
0	0.84204172083694350803 0.00199761369779206119 0.00204265144613772131 0.02511085547505898657 0.01738546323346100431 0.00372330805980624312 0.10769838725080063679
3	0.15620490882505252972 0.01841140635609929757 0.00370354136842211083 0.81353593445288963082 0.00104609911010554598 0.00020383858122212788 0.00689427130620895359
4	0.00054750931643734167 0.07851956684575879530 0.00233025329800713851 0.00144216087162113643 0.81994874939775475031 0.09449067434045765879 0.00272108592996286132
5	0.00043419880868507030 0.02398197871728448283 0.02594388270520531573 0.00034318907801904666 0.03271585244677123472 0.91121115658569262763 0.00536974165834162853
2	0.00686815144866116407 0.03906039645496914986 0.81764885802028119954 0.03482770059821357900 0.04711300982988365221 0.03795573537337725012 0.01652614827461462363
4	0.06381158572128078910 0.08941276974037101755 0.00174158067665316574 0.02087097050589685129 0.69591738427585703164 0.01822413544595479981 0.11002157363398640255
1	0.01813951029210265214 0.91786272336712237951 0.01297107912070967657 0.01578591395915895576 0.03103337230646343106 0.00379617324502749430 0.00041122770941559242
3	0.01056180317855146336 0.08995620756644991112 0.00931655402450276907 0.87549552067672242739 0.00313620644269653123 0.00868820375750626629 0.00284550435356956512
3	0.00317622839256596944 0.10356950168115475197 0.00238178289530931045 0.88257715776694922738 0.00209748388211887949 0.00451999912843899579 0.00167784625346297043
3	0.00138775259807748220 0.00327842879250849406 0.00014240969086042182 0.99372429220123581484 0.00013117176738750892 0.00006428175346655503 0.00127166319646433951
1	0.00420702659021277015 0.98212604920857082824 0.00079788197426253139 0.00096746888847720563 0.01016879721327830673 0.00100274192474410846 0.00073003420045425135
2	0.00000199242212910028 0.00000711299920183094 0.99988978650065285514 0.00000062765216276519 0.00001261518538123494 0.00008479552157098402 0.00000306971889937938
1	0.00019894233748743475 0.99400111408226732301 0.00157437453277622127 0.00267421310327587997 0.00012893974917695529 0.00110112911464561305 0.00032128708036825737
1	0.02122983160625127944 0.72844830680298355841 0.04541063544343360708 0.00612346541213147372 0.03157645888111184490 0.13934419217540530700 0.02786710967868261807
3	0.04394556611714540290 0.34843927154285425640 0.12702521218745552178 0.40996593696352884306 0.03210226893480700588 0.00902340248874770184 0.02949834176546119527
6	0.04029352997070526077 0.00042199593934126963 0.00030503055206294199 0.00494431072488040867 0.00779990791374876938 0.00031219273730514303 0.94592303216195627869
2	0.00003297009064954752 0.00508353219564554315 0.99164705655506990567 0.00082648138074721284 0.00001180424956937946 0.00231187497994223045 0.00008628054837683326
1	0.00054330237544672575 0.98385517297013846960 0.00175051131446995719 0.00288000162714080465 0.00105999884872393611 0.00904655253798818809 0.00086446032609166772
2	0.00006154270200434105 0.02122186174953421059 0.96297682099920567378 0.00135159872382624295 0.00229725534285675579 0.00413434353261278933 0.00795657694996032387
4	0.29703287765941899234 0.02806799324978887997 0.00333641436350061394 0.02810821000804213793 0.31671643607331256831 0.05971044466130809303 0.26702762398462887017
1	0.02679904649416672488 0.63681179435316670467 0.01358609793713867579 0.10494701955638308100 0.15729059724468155701 0.05397887236755406076 0.00658657204690905797
1	0.00208970269040950748 0.48612142728070495412 0.34544865690273790504 0.06119367201539548801 0.06825931660949544066 0.00598292945418473984 0.03090429504707195227
2	0.00053049574404332627 0.02883090135873959611 0.96753641159985925846 0.00102470310161810506 0.00107019764057669016 0.00091226672075570979 0.00009502383440682354
1	0.00008997095267982230 0.98998929281900494015 0.00606851670252027669 0.00109254524912347955 0.00059194736753058843 0.00209773024192301885 0.00006999666721661342
3	0.00086208307768435746 0.11809228842772048762 0.00091058004596112686 0.87875620540068422049 0.00023015695272203646 0.00015455105185188081 0.00099413504337574673
4	0.00933247381583440609 0.00859721346059203438 0.00740303698586416634 0.02252046004354980174 0.94799585280544051979 0.00102632258917666457 0.00312464029954234333
1	0.05540893116907652516 0.38552535535456555760 0.20349576044938047503 0.18983743867113839210 0.07217390840056145396 0.04677969952102215695 0.04677890643425552941
6	0.09580628562888034161 0.03126730299178442224 0.01075182565563580737 0.00828686676495615088 0.16526104788937967527 0.00762999989644290444 0.68099667117292062013
2	0.00475665085137931716 0.05793541996604100602 0.83887162303449225309 0.00316360934751320219 0.03958417757448596391 0.04932488065575530573 0.00636363857033373208
4	0.00000722628017627835 0.00004260593585591649 0.00000838066718963332 0.00007574228450959630 0.99983443977947017434 0.00000400986436799488 0.00002759518842979831
0	0.87934183778872354598 0.00723550833090849232 0.00484501329961367026 0.00106165024575936222 0.00958366992811027739 0.01375719856426024096 0.08417512184262444797
1	0.00444451845789059150 0.89731260485870434351 0.01305957506883899388 0.01843931464040008544 0.02714856452412790430 0.03183133860396131914 0.00776408384607664599
3	0.05802648453936840034 0.08637911124736011304 0.01239392978128792816 0.81610639085195835207 0.00834743298793288666 0.00982572770835520894 0.00892092288373717152
3	0.00023042507504355609 0.00027726127347981036 0.00027439740271442573 0.99910171484853449453 0.00005254640777176722 0.00002921550692717856 0.00003443948553025742
1	0.20627836126762183477 0.53653475013968077167 0.00900409632973292982 0.02546678748668119649 0.07797797887877747081 0.09828182921731450084 0.04645619668019110998
1	0.01073133515186892005 0.94774321557006202532 0.00392930555993678196 0.01676724554514644888 0.01534210111491768336 0.00060704274924600239 0.00487975430882190298
2	0.00388282374724723900 0.00484707744620661071 0.98706995905555594550 0.00047897748837734698 0.00315774131168146703 0.00048210752589720904 0.00008131342503487600
2	0.18020382135756746189 0.06247668670218460563 0.51842659778832844708 0.12907405078854022884 0.06343497796947063228 0.02404380526172958388 0.02234006013217895020
2	0.00086765949601668205 0.00008857687578215455 0.99707163487059069507 0.00143383742951441262 0.00007126681056698513 0.00040389623406886796 0.00006312828346023227
1	0.00043820283792893203 0.99394970870403231977 0.00108749472450904027 0.00180213148004305696 0.00192847611697452830 0.00012391762577487842 0.00067006851073704392
3	0.00050525395679197475 0.00082738634296765747 0.00014310298609432418 0.99847868554707708277 0.00000313237986728171 0.00002501867813655679 0.00001742010906498362
6	0.00096669361429534129 0.00725522249829671940 0.00066793747278093502 0.00100822472245153355 0.00880439815739749235 0.00184983740229165161 0.97944768613248667233
4	0.00145697869240712149 0.08985794155843941644 0.04150704958966121294 0.21885077209293321565 0.49211645143903270938 0.00398051713081882131 0.15223028949670772136
3	0.08765672082329364900 0.21018746403677879275 0.01248651211876617567 0.64477348413903157187 0.03991193281242709501 0.00290088617952905621 0.00208299989017407712
0	0.68673200225091024507 0.07237584344167233286 0.00788437316685992005 0.06572127312664799437 0.00539576295318672152 0.15862126753991692696 0.00326947752080541552
2	0.00079367392569936444 0.14032983050887651300 0.72239493073620575370 0.02989898356916569772 0.01254344607670966269 0.08909517574234908366 0.00494395944099483477
1	0.02292619687856279828 0.67375755423137428934 0.00516252477715674861 0.00495066583948218682 0.09041107396419791054 0.16222041506803258626 0.04057156924119354607
3	0.03963719180020110894 0.00686942422586244404 0.02531673084730234891 0.58934876611910358424 0.24540659872665207542 0.08987745471284379339 0.00354383356803510043
1	0.22909572789499582646 0.75296217509351892616 0.00091947510704981248 0.00337949534095589909 0.00782776104653820116 0.00320664333319513111 0.00260872218374627683
3	0.00001602833263379545 0.00002373463257416436 0.00000539733429796779 0.99993705198742155460 0.00000129557776248907 0.00000585725990271041 0.00001063487540574024
4	0.02224342909483454159 0.18698466115367848306 0.06895465934974809308 0.25374483568574679460 0.28709136109660449154 0.07916818263971743541 0.10181287097967003930
0	0.68524770116956390531 0.02216805288801295890 0.00884063778448798340 0.18933806205451086946 0.00830452388374060095 0.02325872534009862033 0.06284229687958500787
5	0.05469249020880889017 0.17066549924315066455 0.26704097199984855315 0.03956841668525089978 0.09706712068846286290 0.31843668991082130226 0.05252881126365689657
1	0.16427030996100855376 0.59618194589110307113 0.00447520676971071337 0.06136139569900722623 0.10520101212929260093 0.06269055042903408370 0.00581957912084352710
1	0.02693164696044507422 0.42005658365769882323 0.11717065547906377332 0.14919603482097110181 0.18126804199453408484 0.04402812828259651534 0.06134890880469077296
4	0.00309833831622162133 0.01779419825446585876 0.06223858591542996005 0.03392852894745326114 0.63927124360815712478 0.20444398714177600129 0.03922511781649679757
0	0.90172733891185019584 0.04661207059441092176 0.00175211024781387692 0.01304661229406064993 0.03259922530282782782 0.00196624626149336738 0.00229639638754322020
1	0.04155807456994284332 0.86880315415818099023 0.00808823761298501157 0.04683589010180671391 0.01123385075449264900 0.02075235095809645561 0.00272844184449554583
5	0.13755904470600194278 0.00816925940533485759 0.03070313493890474560 0.16642795913678390396 0.02393458502506812594 0.61456748988535814249 0.01863852690254836492
1	0.00001519918136617150 0.99690962738473720695 0.00036154185303323780 0.00100925770852447038 0.00041775952658421229 0.00120179375544386159 0.00008482059031140711
0	0.91455384926015215186 0.03704813545309382922 0.00206449341787106862 0.02146650881364845984 0.01305757275464261048 0.00597148363755577432 0.00583795666303605059
1	0.03218250497527061493 0.77180392941431696929 0.04666101876449640223 0.05286088954065058104 0.06511615740393861262 0.00285656084731819191 0.02851893905400859977
5	0.00217212081138532052 0.12312600136597091904 0.00582081918150906263 0.00524149017652330348 0.02607634357270468758 0.82314914790609983175 0.01441407698580672407
3	0.00072088343754941040 0.06016748378274611869 0.00010322603740261490 0.93789480421242199526 0.00084892964589201934 0.00013146941899257615 0.00013320346499639079
6	0.03514432343224567490 0.00369985633810315752 0.00511420104773318250 0.00706701209046797351 0.04376610032621504331 0.02753734281137789133 0.87767116395385724736
2	0.00000699949302729874 0.00009176141200755227 0.98554672015638777882 0.00104312268733040446 0.00457081006217296710 0.00202413523076024884 0.00671645095831439106
2	0.00155741992714976711 0.00147773350998143291 0.99636241215505050306 0.00015609677276263263 0.00028020547302204748 0.00015581519617748630 0.00001031696585624100
6	0.00651053044802133406 0.01440705843665124677 0.00340320718412213301 0.00733450773477780250 0.00622868713986001517 0.00637960941043403795 0.95573639964613332776
4	0.00026631459244763546 0.00793821558872515910 0.00242709276244348297 0.00768368071349149074 0.97467424540826719248 0.00578509082447518051 0.00122536011015065031
1	0.02838649220052625113 0.71540144295954111175 0.08045991549333419979 0.07694817792425889813 0.02489739420281730092 0.06012472563308968176 0.01378185158643286529
1	0.00471110467900337938 0.83977577926739244152 0.00657646054254657202 0.01016358444467319565 0.00084422227045017630 0.13756648994665460206 0.00036235884927907162
1	0.08935059097671695094 0.36162517366819180165 0.13605970843132791925 0.24142442614876991058 0.03793584452094254239 0.03348801421181399340 0.10011624204223652790
1	0.01749344859338596708 0.94153383123586198433 0.00081384569439167079 0.01037890707530698606 0.00301971110591689332 0.00428035452806899055 0.02247990176706781210
1	0.04596677997352262984 0.66328986484011542846 0.05563985756812005190 0.16831526228816953705 0.04920771843241030646 0.00603173478466536087 0.01154878211299628990
4	0.00010040848692919399 0.00013014241921824267 0.00032351413483844857 0.00442381239081059661 0.99319185714423185996 0.00008588040170272478 0.00174438502226914810
2	0.12785869858616979999 0.00673632028521310450 0.83792339952876659925 0.00160317884834947078 0.01627852910731804326 0.00501425895376000474 0.00458561469042283263
2	0.04032459369271846478 0.08382894371188462368 0.70054534801113710341 0.11710498551460588046 0.03033673431078656030 0.01283489144359364897 0.01502450331527421280
3	0.00883583396814596397 0.01697157104165177705 0.00201687756788093090 0.97047813496553092527 0.00027381674873224566 0.00109735626477117923 0.00032640944328687796
2	0.00107524844469185821 0.00283418127689833831 0.98498794821351420836 0.00026116190119669576 0.00034395578654721832 0.01025398692096109524 0.00024351745619055119
1	0.00376932138682365163 0.98906242413415368375 0.00144385500406039001 0.00115196190482142933 0.00091842111622270279 0.00048864621351844871 0.00316537024039843231
4	0.04371556497699264493 0.13417124538950728208 0.00727839652188381689 0.02654822261176946127 0.69096956075589444080 0.03738399072057021350 0.05993301902338221687
1	0.00086597476190571206 0.99819246715131293435 0.00068697415328958938 0.00014280052241725621 0.00002940812933477823 0.00006840199996284474 0.00001397328177716007
3	0.13304944701500306947 0.06114140564307338904 0.13355380476094669273 0.26344108478783490046 0.19157459498500137296 0.02410214914158226654 0.19313751366655845798
0	0.90724781602434023675 0.02599060520188670176 0.01944392382202202174 0.01943464718195029792 0.01272695085264967732 0.01081700920818939524 0.00433904770896167882
1	0.00024530793682408603 0.99955989885915530468 0.00006763992304257291 0.00007148485550228918 0.00000289616114131295 0.00004945774891788630 0.00000331451541559394
1	0.02206038627295293236 0.92366278199266760307 0.01398950957157307426 0.02205573550470072905 0.01504236691423386542 0.00155513363142582503 0.00163408611244603456
1	0.00265264738226157629 0.97063640131076012185 0.00078381711137704899 0.00104930547779565259 0.00196492542337251127 0.02045045844294968510 0.00246244485148299852
2	0.00008080152501786767 0.01736981933328944974 0.96341629761123637188 0.00221937264182180474 0.00256040637492260673 0.01380675756826827902 0.00054654494544356669
0	0.40132877756448409601 0.11879957973921677350 0.00885061115331244562 0.29389826731207657762 0.03144036918888233612 0.01314076386423924415 0.13254163117778858250
1	0.00015267697531599054 0.99754850244179504859 0.00058539983100363441 0.00072283879946839216 0.00014734732272588701 0.00082280666770921380 0.00002042796198165604
6	0.09141747780892243991 0.25927016336787556128 0.00762695364368432688 0.03188557473207340870 0.11442737235161508369 0.02020375802298633727 0.47516870007284267574
3	0.00028565659257702772 0.00093423870218652127 0.00080642186897448545 0.99678764203497416396 0.00003198840538053149 0.00107665060411697646 0.00007740179178981209
1	0.01496906383411258402 0.89610610031960080679 0.01204839236568126457 0.03190084814656604650 0.00617123793357134218 0.03858230058161390280 0.00022205681885383694
4	0.19057628950585958627 0.10606325980247655050 0.01631321786060734025 0.22716106757090784307 0.39773981295750093778 0.03343789686633254904 0.02870845543631530758
2	0.00662718778643696903 0.00815317569674231177 0.96806814170939214925 0.00306222494495188421 0.00546190350176698272 0.00605426418369117095 0.00257310217701898223
0	0.98766958755077194354 0.00244799478999954386 0.00014727351831983062 0.00032566049742971696 0.00093004052501889059 0.00056194839003081770 0.00791749472842922380
1	0.21786827354699903059 0.29255119801177909000 0.01302408615748075829 0.17814082085506444120 0.00710042599642762753 0.22443256593424934509 0.06688262949799959889
3	0.06499695441337512147 0.09002009388623524733 0.00589188463508783043 0.80731928322828305777 0.01222230701869997035 0.01516134578704756569 0.00438813103127147237
3	0.02340869305602707312 0.02787900209124482415 0.00276075996031767412 0.94436502524696430694 0.00081866584422879310 0.00020553909344481495 0.00056231470777251557
1	0.02175599676391577753 0.61164376349604165917 0.00824382782114909188 0.00448181925323565006 0.02306623333613939258 0.32245154258116109913 0.00835681674835736174
1	0.01485053115078858836 0.83440948118759283858 0.00456495107107802306 0.04892963939938501511 0.01957549827799790962 0.02523765696597998417 0.05243224194717722303
6	0.00365707004445604529 0.00057620843780216739 0.00030624584668681996 0.00060448668119544478 0.00130014371814249309 0.00075709543447573810 0.99279874983724125670
4	0.00588667943251006218 0.01270364210881141584 0.00467411607141795041 0.02155830144707802237 0.94843827840478556190 0.00087256475028846085 0.00586641778510914747
4	0.00013249398854549445 0.00091243345891069269 0.00034917181829411965 0.00034559296844563671 0.98855591576657431130 0.00170468355181134209 0.00799970844741784703
1	0.00143113038180931254 0.99528172125414926530 0.00032290486475830972 0.00040538436239583790 0.00009433953809764644 0.00239565849252821456 0.00006886110626061382
0	0.95667509386325499943 0.00290932573071326327 0.00182667971410648065 0.00984413424018366033 0.01639782113850764972 0.00858260503409287272 0.00376434027914115650
4	0.01679526120606917444 0.04461611642113703924 0.10069488635142737065 0.02603644252404135884 0.77422535083226839969 0.01865636109678865673 0.01897558156826821552
2	0.00032346440696224643 0.00009523240614634580 0.99504698041770833772 0.00005077653866045108 0.00233134341390298355 0.00182161922133013067 0.00033058359528903027
2	0.13712284077130568183 0.12523098959642831041 0.41323194580763195072 0.01056565980418311748 0.04100809184233207560 0.23992226997042670478 0.03291820220769223204
4	0.00426694475344987015 0.00545667458644535398 0.00203428823266358976 0.00110056346078647792 0.84445751721998685291 0.00845996566585126807 0.13422404608081656141
3	0.00091920136153918230 0.00290920278929559335 0.00015720318149576505 0.99569422686851283277 0.00008683524218075745 0.00004625096224174437 0.00018707959473439627
1	0.04578674613205060279 0.52038141933729331612 0.00513216052140002491 0.02457008724156483845 0.32309415722968964912 0.03433665087232547208 0.04669877866567602454
1	0.00772520145593296424 0.95390140441943616079 0.00407247395585445295 0.02326767859554956450 0.00121521781663226918 0.00355258557953283755 0.00626543817706279663
1	0.11741195302616354301 0.54444858598765932811 0.09864718728448129692 0.16805519452840372852 0.02153453971973357320 0.02414613184758740774 0.02575640760597133067
2	0.00085802968368179342 0.32596608491686335229 0.62984046451746555917 0.01179786726806457929 0.00976093335739566109 0.01221132626633563735 0.00956529399019351995
1	0.03110862631816902618 0.88676221346425632142 0.00220201171974645929 0.02031350007685881615 0.02320427295125408740 0.03454051248079862552 0.00186886298891723738
5	0.00598482328250914304 0.29666055828521614712 0.00546050782699190451 0.01806313962484553878 0.07804675901502527990 0.58996394537503726863 0.00582026659037486807
4	0.00092064525365464318 0.00137385505639193192 0.00028181034153410413 0.00372152574536871320 0.99247118013421631311 0.00041124738435165863 0.00081973608448307619
2	0.00089907209003472631 0.40740176918368198322 0.52708089836165050723 0.00248676010473224910 0.00155216050952323059 0.05577887959269909463 0.00480046015767844787
3	0.01731360816624437013 0.22095242872092973885 0.05170823035772748044 0.26846676540891634133 0.26617521873155486345 0.14316154750775561544 0.03222220110687198935
3	0.00831278163310267097 0.01505788146586446198 0.00512493589386237708 0.96701872763403329269 0.00076450259924133973 0.00300686463164221481 0.00071430614225342459
1	0.03326788064543849399 0.63064787950929279692 0.00461141080114989624 0.32511452586434058665 0.00061261591495142707 0.00508774028732089916 0.00065794697750649986
4	0.00067800136388140083 0.04891891227757391714 0.00435262555927821027 0.00469623653096017026 0.93456178386075705600 0.00080125384829529515 0.00599118655925399458
1	0.41877302639973379428 0.46853483295361347816 0.01718625079362123484 0.01726620188930165153 0.04451224323723532161 0.01570392329819357904 0.01802352142830082951
0	0.95114189234309365339 0.00040641059306826497 0.00001835192570168878 0.00004292728608756004 0.04691395953063790675 0.00002588650436572292 0.00145057181704508122
1	0.00003922793697021928 0.98936422490698938681 0.00083086876723177845 0.00714160292845584903 0.00155746460552280350 0.00071858065332662785 0.00034803020150455939
5	0.01311306045737053311 0.38047568443647156178 0.05642928659193386515 0.01886122012705452808 0.00011282759212757321 0.53092405075422599570 0.00008387004081550744
1	0.00727889731862457149 0.93091484298493976102 0.02083410295721357594 0.02371934387864089999 0.00275896000678440808 0.00891976958868449105 0.00557408326511255395
1	0.00331046983779212422 0.87118071883309222692 0.07404746639277928755 0.01396654590920291816 0.00308752632596956140 0.03047373882624385480 0.00393353387491955035
4	0.08285842055091856284 0.01595264722385164938 0.07560849842788937292 0.12580905644613629701 0.67628674758376661202 0.01133234566552909252 0.01215228410190811320
1	0.00169655882543145163 0.99005868052917711530 0.00048695886128826131 0.00347119077247406635 0.00267982765249277386 0.00151177025870804236 0.00009501310042877172
5	0.04996267096277564462 0.10347940705594760313 0.08352144584174844844 0.15973497036297759633 0.06485563924767712152 0.53061202305801791201 0.00783384347085552130
3	0.00349710745764360157 0.00157344172646012022 0.00002605320211685465 0.99486425983573745224 0.00000623167636016368 0.00001764569979661172 0.00001526040188515217
1	0.05287050728391284177 0.62842778211322414261 0.01034837665169160807 0.29877045461101692236 0.00289461964492411777 0.00571278677447649864 0.00097547292075341569
3	0.00601118784224499280 0.19060203584180901437 0.00517752540535995013 0.79782411848413614663 0.00003209629028419365 0.00005821567351083269 0.00029482046265491140
1	0.00656304163888522720 0.87889337216622487325 0.00829719130763669800 0.02281096137736440821 0.07151099784055731101 0.00879275044843293857 0.00313168522089888029
1	0.06125586163849445348 0.77648110333077180467 0.04344552236621899988 0.08151689415407400996 0.01572499110605710473 0.00534351650077788832 0.01623211090360570513
1	0.00153149699092648825 0.98359791734613033487 0.00474122797425676097 0.00353832718436663217 0.00210586003825334947 0.00295865465196566224 0.00152651581410053437
1	0.00009297160456488599 0.99698017752969325667 0.00100712585809313603 0.00119555489903866354 0.00010875250325655251 0.00055350376508798201 0.00006191384026384566
1	0.00121655978416887098 0.99272427375507354963 0.00147169795940318374 0.00251291273811551181 0.00041550120263793928 0.00154434347472966692 0.00011471108587064652
6	0.00999217889337102212 0.16965689400898051331 0.09055004722515669346 0.13766200448471785367 0.13608225428464376661 0.07991159251028212562 0.37614502859284770775
3	0.00000259230272157756 0.00000200756945373304 0.00000056671092577519 0.99999419239106879242 0.00000006477352447850 0.00000045436556345800 0.00000012188674188908
4	0.00137080779418475782 0.00570834087131423269 0.00030435293097561976 0.00158838411841766649 0.99061645540678044952 0.00033258324954027447 0.00007907562878658877
0	0.70552455910382372295 0.00950410668505054235 0.00173318677510089910 0.00005999806831080383 0.01262492429639376461 0.00154042556630311724 0.26901279950501738591
5	0.00938546483372339549 0.01339132589389493283 0.00144016982982878993 0.00223522295615562932 0.02487662276321916596 0.93909778700933788098 0.00957340671383988435
2	0.00001284421595506826 0.00024210492401026458 0.99768308271283245858 0.00012174128629768422 0.00035828858748459055 0.00149995528016556878 0.00008198299325185680
0	0.77701737590604891270 0.11310514286698719610 0.00388432397379312021 0.01474008944780618412 0.00775811046207849301 0.05719131982626655258 0.02630363751701942851
6	0.07949764027744080086 0.00607607996651511953 0.02342971793059594326 0.00523963853019813759 0.00271033271083255187 0.00086772608418286042 0.88217886450023474953
0	0.93873260046108253363 0.00815501204787466571 0.00115558000189200805 0.01567180139588487953 0.01735736824618935165 0.00128678699182264533 0.01764085085525390548
0	0.28228653986340901394 0.24937768517217778763 0.05329634381497003887 0.08549420131785478993 0.16435020667284636064 0.07948395780313374792 0.08571106535560854556
2	0.29145686422980449093 0.01744897217422241090 0.42393446050699795657 0.02641379377316266028 0.14791366510282347169 0.03822993272117285180 0.05460231149181601906
4	0.05969345310641437086 0.00875652820527851768 0.00041796207944597537 0.27763644101558410116 0.61610798093877405801 0.01391539222849348667 0.02347224242600924257
1	0.03945575472306814963 0.72428593530823726088 0.03592133562834513155 0.00170104547182468391 0.06812706639605457803 0.12065451870302737469 0.00985434376944263439
6	0.41483447480284113551 0.00789997345355327070 0.00284955568334042345 0.00237324327139267063 0.01767813318000415607 0.01120213600660283949 0.54316248360226559999
1	0.00069011224380842787 0.98318389201904921038 0.00254403808903504300 0.01214633258639529270 0.00024882374489598724 0.00078604478133821186 0.00040075653547825662
1	0.06864503047072095798 0.60278481618669155218 0.04791206906486109030 0.09220280952609981318 0.05266324089082288079 0.12342543464582177160 0.01236659921498182643
4	0.00032508876397137251 0.01688214608054185162 0.00153860057634737759 0.00202910996568741358 0.96118486737420283372 0.00091792794627786663 0.01712225929297100588
1	0.01261580352510174689 0.93937027581184018299 0.00201681668718831216 0.02663300536617075123 0.00960583023548561808 0.00698190495572534927 0.00277636341848822759
1	0.04208653152902858824 0.51629544030835150537 0.11337956420300676630 0.18792577795150094966 0.09168939973905095020 0.03786583252179188952 0.01075745374726904367
1	0.00024541118227083142 0.93223428725913570769 0.00902834028916748264 0.00943664125844667460 0.00100355715252576933 0.00296766903743352680 0.04508409382101935536
2	0.00156153449538633683 0.00142714407194395685 0.98803967978000473149 0.00011648249037139610 0.00117200756752652261 0.00749078432519559474 0.00019236726957095997
2	0.00017544483777941420 0.00072062390550556245 0.99829398626781329362 0.00015450426019819271 0.00027906708431295964 0.00029090722318674288 0.00008546642120493608
3	0.04469238105892568008 0.47583291118391801700 0.00112202076438147006 0.47751162878657349431 0.00031351778078147162 0.00033871920568042909 0.00018882121973934658
1	0.02612552241134804762 0.78157117626505190344 0.01709539984932138476 0.05735022651712638753 0.03260315668671222994 0.02399779031170622134 0.06125672795873421395
1	0.11873266620234747271 0.31107794775231101259 0.10547087973738629441 0.10285814900078460443 0.10583394190735821716 0.18250369910012284591 0.07352271629968934463
1	0.00063813826623009603 0.99869572247405358212 0.00014665817756032051 0.00037995949263480824 0.00002431834227682091 0.00004764970811294273 0.00006755353913168000
2	0.00266487291683165312 0.04808961893734135795 0.77564670911464450587 0.12003720227962907940 0.01188229098602019973 0.00600151838886831858 0.03567778737666533334
3	0.09192153382600042055 0.37744713883311176161 0.03423912576330791907 0.44364074237860612326 0.03971072703988226538 0.00498393431232346546 0.00805679784676787206
3	0.02745021636733159173 0.17256161849121431917 0.00486451628621790370 0.57824031690116495241 0.20188860088576629503 0.01077752119462709046 0.00421720987367843556
0	0.35539334825438667620 0.07343616421916458747 0.03928892120430297480 0.01462227922227508220 0.31692715504998014708 0.03173996575756560939 0.16859216629232492979
2	0.01706069522486640747 0.00716815493522382670 0.55566022255301594779 0.02039836401733172155 0.01405399165387929972 0.37989172622284683722 0.00576684539283592139
1	0.02520778438121751980 0.73525246113790654334 0.03081201683024753502 0.01433451565154603320 0.09443720306100687745 0.02999681602394207655 0.06995920291413310066
5	0.00245973066936973914 0.00027182170189974714 0.00022944524629483270 0.00089665199086291672 0.00054639286753815366 0.99538881473122542420 0.00020714279280955946
4	0.00000392279725088182 0.00000266551158795819 0.00000227824545353920 0.00001077951087510172 0.99995068608700565793 0.00000777238321218726 0.00002189546461341603
5	0.01847980731497658388 0.11847008826006263926 0.01030311423575153325 0.02148672265042152196 0.02935044630204655322 0.77776121432860401139 0.02414860690813709979
1	0.00001433700397891750 0.99918299867735893560 0.00023882201026274605 0.00029834105889989514 0.00006202270510403367 0.00019538707938006116 0.00000809146501544812
6	0.38427743335057662488 0.00018569598695019569 0.00013087665711392020 0.00291632919038471499 0.01759988721250994523 0.00017229106871780760 0.59471748653374678639
