4	0.04721036738334948024 0.37338188848955261578 0.00777489964888558246 0.02332095812755530934 0.49002076539520822429 0.02010925607302042201 0.03818186488242809179
1	0.01182439592175192969 0.86044496327744746100 0.03975948352120753371 0.02924874173426667001 0.02132461274524927522 0.02690211416736853350 0.01049568863270995515
1	0.05075549448019721355 0.62184501775015055269 0.05224250086685548744 0.24490845042789766151 0.00987576488447146524 0.01191951597998922203 0.00845325561043839581
6	0.00910119624131458180 0.00550412751939637589 0.01163744693968543804 0.01049091940490180612 0.01691766051767173984 0.00071940185520197298 0.94562924752182786481
4	0.11260560634581472106 0.06354780835772093350 0.06869259619817201512 0.17211082635724583856 0.55181469518314518741 0.00522199285868061788 0.02600647469922055116
1	0.19926135913318079873 0.32259477583660922662 0.06396190351470183721 0.05028062835288344551 0.04093264251481292665 0.13825511793986200448 0.18471357270794977468
1	0.00043944822990690504 0.92589357284971818274 0.00058905884552434590 0.07187810847708075990 0.00038889774531975630 0.00007193023531143795 0.00073898361713843727
0	0.87913433897808412887 0.01504778610169412410 0.04035111502242399312 0.00374604221416778311 0.04647293033756862146 0.00938522763691370179 0.00586255970914770566
2	0.00001843412171821726 0.00002256568232532058 0.99868447916935798592 0.00006375295627330962 0.00046377190984673450 0.00067178168439291125 0.00007521447608757899
4	0.02422996038716888553 0.02447898686330371790 0.00366045120526795097 0.00179634134401711115 0.90691824615442173663 0.00986379924555388053 0.02905221480026666178
1	0.01291765031422759981 0.97752696483477463651 0.00101652346188196049 0.00250614455916180982 0.00441342064643821756 0.00129022292565277984 0.00032907325786333126
1	0.00161599814563618866 0.96129928266404773840 0.00592581883199626552 0.00581763120935869724 0.00653146945586110216 0.01636628989883152571 0.00244350979426927791
0	0.38848435648496593142 0.35927719141493391630 0.09937106068999865260 0.02177871841573057743 0.01478481411636857479 0.10797435358828876006 0.00832950528971376780
5	0.00006097364383719009 0.00015179204644765457 0.00001933725881035283 0.00066267807790025926 0.00178529547329375651 0.99728463385170140754 0.00003528964800876925
4	0.17639403079210905223 0.05455749144523262817 0.00103681175945012356 0.01840432327620758132 0.65641107405673593256 0.00412492920332961904 0.08907133946693497617
1	0.08076787364194704111 0.88234295341818924641 0.00022349895000733154 0.02564433227246618041 0.00129745950757011088 0.00197299661735012141 0.00775088559247032963
1	0.15128517337975297408 0.50226463380911601231 0.06722226908209080753 0.18469940155515640612 0.04557630033784278167 0.02845055456389624510 0.02050166727214517912
5	0.00203598558288274611 0.00043835271518629455 0.00118281819141325697 0.10543280772276907020 0.00105261824681822684 0.88841194787538191324 0.00144546966554891980
4	0.01562595646800644944 0.07170645912502453256 0.00595153507553440771 0.18172362624783347518 0.68291262188696744140 0.03666418464349066597 0.00541561655314259406
1	0.01266701025770523500 0.95854322770885647120 0.00471188421416292302 0.00301538524494949795 0.00085832436447074399 0.01343133619657802674 0.00677283201327699355
2	0.13071464124428322506 0.27042656511157658894 0.41282263464392671137 0.15261716820053181087 0.00627116858158300455 0.02266050461961093346 0.00448731759848754186
3	0.00883855482671637438 0.34674318706490758757 0.00783920096434852220 0.62831683989843900573 0.00073352377860303939 0.00111784626517174137 0.00641084720181368459
1	0.00030493467764977958 0.99620148281177411942 0.00005467820645848079 0.00020794341031221179 0.00010375116193838431 0.00246013152465782191 0.00066707820720804422
3	0.00296383127531195389 0.01387839212366838090 0.00129381196424681929 0.96849700346719214128 0.00006436597890660009 0.01180183808072506058 0.00150075710994945354
3	0.06251713616853317446 0.00035815923010301356 0.00032353524330648749 0.91855589703396911538 0.01461775807465630524 0.00342105619635105261 0.00020645805308106555
0	0.50323609833151916604 0.05229337790613618198 0.00378386324954165399 0.14319248119619665260 0.03317480523997089897 0.20635646691974593447 0.05796290715688950934
1	0.05627525395489420268 0.82983160206598405306 0.00072604359689977310 0.04506558212992017864 0.05500667305403889040 0.00746691083905942025 0.00562793435920364103
1	0.01169310313506493303 0.77430163182057454296 0.00691683416732349378 0.19582212838623033746 0.00107865548514523104 0.00803679985953560834 0.00215084714612637446
6	0.00051638569793332676 0.00586765259841923268 0.03844738069727703794 0.00676002906237133973 0.00173056344107857976 0.00089225697889575289 0.94578573152402434232
6	0.01496593767029841260 0.02402722328789225203 0.03146975884584893995 0.00399235527286843309 0.01064190411211212925 0.00787016668681385714 0.90703265412416611557
1	0.32691152171545245775 0.61102020693397107731 0.01303272035057023367 0.01738239482511020478 0.00632135837457218491 0.01927546854912436450 0.00605632925119963927
2	0.00001609955987973189 0.00004949800891830267 0.99979291617570897888 0.00007527818736027269 0.00001227648455283867 0.00004430523994588689 0.00000962634363394860
0	0.63657483768515810141 0.13933956037246436610 0.02315559871156361652 0.01355083772975196853 0.01954608034866874358 0.15207283811199689971 0.01576024704039657998
0	0.63544388229502302146 0.01792966650309576332 0.00036093729266966908 0.00079051005043277234 0.18857080280390237093 0.02666415604998298439 0.13024004500489358427
3	0.01001629203509597082 0.01380879119233069212 0.00014930199735968286 0.96629751052436219094 0.00446554214003346515 0.00391371642663963706 0.00134884568417827522
3	0.00006235773286482827 0.01429216397097043088 0.01895695569479617301 0.96648626666406389774 0.00008117601305878017 0.00011038550376785155 0.00001069442047844330
4	0.00032389079406666753 0.00355631738840749868 0.05693883555187700951 0.00016718178379601173 0.93580994422989560722 0.00300412382050587031 0.00019970643145184264
3	0.00013879079268472991 0.11763773781469066826 0.00091277824431617780 0.87712558175375676672 0.00070919283817664645 0.00254277993930582995 0.00093313861707157637
2	0.00032228525946086724 0.00972571608653213619 0.98532378490195560161 0.00131693896491250594 0.00309045289829245652 0.00007469918875298603 0.00014612270009338533
1	0.17485718227281549231 0.35479555959114583708 0.14580363965440537588 0.19693372032504616320 0.03965011215737106187 0.05795366267402497079 0.03000612332519141112
0	0.72445529197949476430 0.04528487409433698541 0.03564488561844818965 0.18056413297578480237 0.00125628158351013121 0.00727898699572694305 0.00551554675269798952
3	0.00039131800058881159 0.00186673641741275597 0.00134839100710167428 0.98864349621510516641 0.00598181996228771325 0.00142604880650342596 0.00034218959100089727
1	0.00038319502544403980 0.98546922447469920137 0.00142131183685409272 0.00005348894596356657 0.00129124811207086826 0.01122749473663670582 0.00015403686833192717
1	0.00004627753328785361 0.99811810820425195256 0.00013136705420727738 0.00050964565606824745 0.00033287950298654918 0.00061954600248566999 0.00024217604671488446
1	0.10539464612868272575 0.71069174864821682558 0.05220647580914344887 0.09596232783540191436 0.01726346876660971030 0.00796506716630631523 0.01051626564563886562
4	0.00040255552427731896 0.00144637586717435919 0.00101765122914242840 0.00020191722902541747 0.71719394186085461129 0.27948658883330168567 0.00025096945622495623
1	0.00354482184610084355 0.86678814251975344618 0.01071969444108588319 0.00460888014424030382 0.11010155243202543462 0.00272968185844417975 0.00150722675834899468
1	0.00052728596797386779 0.97209090510677165220 0.00587098893564932424 0.01233220805615723586 0.00188216194413710989 0.00551952103319439547 0.00177692895611674382
1	0.03762261331261913810 0.53870684375283173217 0.18661032167030092155 0.14098511749681080785 0.03704902217464831060 0.02315882217287029352 0.03586725941991893152
1	0.00000917520195830181 0.99928454887846307475 0.00005722807436202961 0.00028212545761640949 0.00002038377766673161 0.00034107823767092800 0.00000546037226476334
3	0.00983593890199698298 0.00221935627422719479 0.00096686381599310272 0.96817272141769161742 0.01816609767787746160 0.00029154260945683916 0.00034747930275613178
1	0.04647549605915603232 0.85156040711333147453 0.07205665383102760613 0.01962316760280185049 0.00486114792158283144 0.00246213137903230012 0.00296099609306776142
1	0.00073840148719256414 0.99651654223885144379 0.00040901521795172490 0.00026978881463571904 0.00030390054294313545 0.00165399140145167513 0.00010836029697405135
3	0.00567584195127919435 0.03505290976177583007 0.00076954303755034784 0.95688685413536522795 0.00068868140083100924 0.00030036146279688807 0.00062580825040099968
3	0.01149736591794032342 0.11275770574669079227 0.00391542446855328886 0.84848262043133282351 0.00194445611769374560 0.02044734716855729426 0.00095508014923143274
5	0.12477078164656757453 0.19582378059685134897 0.11320138082714369110 0.05511007977245948458 0.19366117147552855404 0.29341032566022340333 0.02402248002122608223
1	0.06462641460392717918 0.69203406217976415338 0.01666894978641897049 0.04731777878313812163 0.05411134819899705850 0.11032299885601096201 0.01491844759174316103
1	0.00021734986036959329 0.98968092864986922930 0.00640643068261958007 0.00064538100077771014 0.00042990424191149517 0.00227261013327298075 0.00034739543118177910
1	0.08395705305828522758 0.63279487480661755772 0.14317687931271746993 0.06379351380252459847 0.02708052696388074318 0.02300738268534539485 0.02618976937062853991
1	0.00579388560974726345 0.78673057976045590589 0.04539809634394946503 0.00042458427072494765 0.00137493845253178356 0.15858102533122173106 0.00169689023136825393
3	0.02965536545479936087 0.26125530822898618277 0.07318290216040640450 0.31814985045931959418 0.17817251459745042652 0.06078121181516010774 0.07880284728387809690
6	0.04097807549861479104 0.05105125411000295543 0.01871094842225756380 0.01939626945667548286 0.06104743849627832647 0.00881983596298998446 0.79999617805318068431
3	0.02477886830213854585 0.02889877022231727294 0.00126128752678855097 0.94000924249768913477 0.00237946757136360629 0.00150451911786488252 0.00116784476183774862
1	0.09653871637057012678 0.70608065603492375928 0.00156224130756773844 0.14263929822810431092 0.04409980014683723137 0.00063682470299450151 0.00844246320900252263
4	0.00591795082437037573 0.39883883671743058930 0.00616906564272677767 0.14170847845273504273 0.43770588795346759836 0.00187832032005676966 0.00778146008921254146
3	0.00358007019849993250 0.00374697699564502992 0.00021622891017925833 0.99039914319853528113 0.00093121127230565723 0.00005212068900522346 0.00107424873582932096
2	0.01164366616098396097 0.05060913464042847421 0.80020894880290327489 0.01694255158550490165 0.01330692478691052408 0.03563440761475821644 0.07165436640851075012
2	0.00736058342539970718 0.10177316570617585267 0.86038807490999424932 0.00381466630051516785 0.01119027182451800759 0.00957118896514069263 0.00590204886825563234
6	0.29208269183616519804 0.03269022656493997259 0.05532101445165534676 0.11165663432974115565 0.07788501719878961060 0.03602893750279577423 0.39433547811591290744
0	0.33911912322242193651 0.14194045388284445841 0.25251639973463041455 0.10750056103299723831 0.04670439096590765088 0.00235060739150292014 0.10986846376969523764
4	0.00070645361727188335 0.16326045161654431648 0.00114055518492577274 0.00067001029205538906 0.69732610032528929978 0.13568701626041970720 0.00120941270349398593
5	0.00028527074556387091 0.00079976146513211367 0.00891294977185062495 0.00002422424162600118 0.00430056829820452645 0.98409937978738115660 0.00157784569024208465
2	0.00373964686835216329 0.01727930430562587411 0.89711892813024229909 0.02375097340119234832 0.03133608089842890992 0.01779426929554812215 0.00898079710061065219
4	0.13380138044788794649 0.09179347978189988932 0.00043328948547097414 0.00268262535260201888 0.67254209172684054074 0.00919682143143310538 0.08955031177386534036
1	0.16384368035505750272 0.38878303278082571026 0.17943570642903619583 0.13122159708276542878 0.11507909778326572137 0.01671501581222550881 0.00492186975682393484
3	0.00547152491593897328 0.01533863017498909506 0.00153681096244047107 0.97427224820380464720 0.00038814574783100459 0.00230346088110418030 0.00068917911389225841
3	0.01039924228289221958 0.14737988027247578282 0.00111960305257384333 0.83178937201094960141 0.00304201783752782373 0.00526187320705182905 0.00100801133652933203
3	0.01564794748275689235 0.04607612224752829361 0.00586617066577469360 0.86002048274312048459 0.00863357225911308944 0.00147386228058946599 0.06228184232111719232
1	0.10647128236728477246 0.67102046234537326974 0.00755933701101722463 0.01050824959769192102 0.17693700356408409435 0.00297435301828814563 0.02452931209626022652
2	0.00002167229578363137 0.00011201100814027304 0.99885274787535860419 0.00000800732215758483 0.00010866153519057901 0.00082775920519538766 0.00006914075817304905
1	0.00001486773456589185 0.99916148359676548729 0.00006266485776102709 0.00060643251184704181 0.00003229213969695867 0.00010147492093757445 0.00002078423842761566
1	0.03516899014534168033 0.67117552260721835555 0.05610415949224255988 0.00798526144221666304 0.03214527378501094018 0.16052154096566889629 0.03689925156230065839
1	0.03027304923561639424 0.45252584188777872365 0.07483795424609175628 0.41536044179322423320 0.01066291942044859074 0.00525486147285427526 0.01108493194398634321
3	0.02140447461717760388 0.07203041311675277558 0.16024815009552895173 0.37399151681247638779 0.06285314525487255277 0.00972006193197335298 0.29975223817121871006
2	0.00060316325525687888 0.17927886260256559181 0.79902234223749779574 0.00559597655904003986 0.00019193585322243483 0.01255101095654385934 0.00275670853587323605
1	0.00019660122321963616 0.99474416178755564744 0.00055309025163552557 0.00088194648170455427 0.00043981466149942155 0.00300667517847359430 0.00017771041590982864
2	0.00000226537315254498 0.00079114036278751798 0.99854042493877770426 0.00000890448101877436 0.00006087461646857771 0.00033499079949875449 0.00026139942829550821
4	0.01772494978297687804 0.14000949803417889195 0.02275240177144868120 0.04338337843405341843 0.42501217957433529149 0.24972663521815763321 0.10139095718484904263
1	0.05517385256712351721 0.52246377306770086513 0.00802474832772205604 0.07602557835444014034 0.31844300035581085684 0.01594212198995052440 0.00392692533725186397
2	0.00066670339004096279 0.20060273400362871321 0.71301387421939155242 0.03552542241237151982 0.03197316035250979960 0.00199501133452060749 0.01622309428753697033
1	0.00258526464029945916 0.51271406924453255538 0.46761938124581020615 0.00939996219384958004 0.00326177791865906504 0.00333563413158764061 0.00108391062526075441
1	0.00007452220027404995 0.99154212333819036207 0.00436519651436446162 0.00057561912976877405 0.00043209598491346043 0.00298803473842946740 0.00002240809405860004
3	0.00106907440963834770 0.16645661196358704781 0.00136340059779388001 0.83005864322713474035 0.00010816398959435053 0.00004990347576533819 0.00089420233648576468
4	0.00356202574914007758 0.00203021959023944130 0.00165866604213632291 0.00288118262453876785 0.98900246160586247068 0.00009020574496982940 0.00077523864311240982
1	0.07057755761068240652 0.37304444362681493663 0.24565122627659732868 0.16649686316023912247 0.07895415852010688462 0.02746324108289298002 0.03781250972266599064
1	0.12522993214330918610 0.52833689402930439361 0.16436205124471792161 0.04149380303637890260 0.01197981013794356328 0.04482487183247522988 0.08377263757587077864
2	0.00406395668734920411 0.06531799392280140948 0.83526434329068133255 0.00288067572991798897 0.02852108094678943578 0.05540903259575517131 0.00854291682670459476
4	0.00005128460459251080 0.00157435413497762611 0.00000944401768390619 0.00023344651804090897 0.99801646319310099997 0.00009494488979329375 0.00002006264181071287
2	0.14387292919103275568 0.02118890892405793369 0.34989387446562852935 0.00528622937218592263 0.01907675058356935946 0.25004455755880955481 0.21063674990471617510
1	0.00436365943844853939 0.93389627070436620482 0.00626296709947395201 0.00769370662065895720 0.02051542972896873429 0.02526939276270250695 0.00199857364538048128
3	0.00967891195707722835 0.03281526070548864554 0.00365491792988910554 0.94858394115163635618 0.00257376513911836439 0.00120601932105720688 0.00148718379573294806
3	0.00881006656447595217 0.03888424797092190910 0.01094573218662966800 0.92511855237904927485 0.01097026702070238655 0.00101942619240261525 0.00425170768581779705
0	0.42055478221106828984 0.31139299459640856771 0.01952568112073034545 0.02516273056615398254 0.06623439387794355371 0.11283232911522865505 0.04429708851246681039
1	0.04575351679817243888 0.51498075764315631719 0.00948011701456207001 0.12084624638032342991 0.21830595663394730677 0.00132674035694230305 0.08930666517289589934
2	0.04198919687273335033 0.03811985493070853270 0.82664444279316762199 0.02701756350858858929 0.06048495079044610701 0.00252792798084478269 0.00321606312351120161
2	0.01416096972466738060 0.00264050555397662241 0.96584455944256830673 0.00923975166890410836 0.00434975999869500942 0.00211449937312003502 0.00164995423806763497
2	0.00021063641032539418 0.00000546608801411663 0.99965748493873052283 0.00005235771853039513 0.00000573970320605341 0.00006546521226750807 0.00000284992892758594
1	0.00139140102595154626 0.97526887645178350628 0.00261244740601742709 0.00215965573141449572 0.00238136757252747303 0.00033194012803025640 0.01585431168427538229
3	0.00368007075308967018 0.00640110580310584553 0.00434988902743644462 0.98400246653863909785 0.00007687090621139153 0.00118285036268570465 0.00030674660883152685
6	0.00889360495460847500 0.20747607285389224607 0.02874610673727334698 0.02620694017772367407 0.03938129448849241043 0.03482739622346482655 0.65446858456454515274
4	0.00046051778122938535 0.09498068594882826121 0.05774084901717897733 0.02582075795928202508 0.75664591043470064147 0.00049578637295671934 0.06385549248582414461
3	0.07050826688933571618 0.01822793893762959805 0.00403137671348286798 0.87066070627369829271 0.03160633564946912361 0.00109458471517351438 0.00387079082121044886
0	0.74979485642586418681 0.07565867609663494420 0.01381824467757416380 0.11580629225063722443 0.02914625864699276273 0.00765266845669063025 0.00812300344560596722
2	0.00048030094471053340 0.12137970791105548440 0.73182030083850424518 0.00510726780963181685 0.00141018165622648780 0.13861617511629834021 0.00118606572357341238
4	0.01894767534122493782 0.21921963329005855758 0.00722692454457335605 0.00395230942342842621 0.64310991836057751492 0.08298365143974602287 0.02455988760039104143
3	0.05665492425798401843 0.00508437812164564892 0.04831429488206878675 0.57609115976188007835 0.16894228750926354454 0.14339863938097363594 0.00151431608618434735
1	0.48806079262004503638 0.49980672533252978873 0.00060687163307180845 0.00477678732052865158 0.00221648124615077052 0.00182270010839489485 0.00270964173927906683
3	0.00038390825087987186 0.00041679488459246970 0.00004060676091939539 0.99862941823088657856 0.00013495075171834976 0.00013320622670997094 0.00026111489429308219
4	0.02068647719057036677 0.14576405978867770785 0.15203345993235875544 0.25733530352072575553 0.28943405929300292101 0.06935877184435806919 0.06538786843030652829
0	0.83712089776552389697 0.01563912364861148527 0.00565303695840869373 0.06711014246804898609 0.00681132563542009677 0.01462070014163032415 0.05304477338235637912
2	0.06448839561101886442 0.11611213219546365205 0.42162993256948305687 0.02691080662218241215 0.12064032475901603769 0.22454408259316932517 0.02567432564966733513
0	0.58169847040065991717 0.13862620252598620296 0.00164992816762230248 0.07504489297280869664 0.04864893275403173872 0.14284117981990873680 0.01149039335898237833
1	0.05018169662824471106 0.31706089255292546625 0.16522037555714863544 0.11760594484483495592 0.25837177937380295667 0.04625068217859500119 0.04530862886444832899
4	0.00222250323609558429 0.00456015633322313148 0.13987336202751204928 0.03188531343484936331 0.64268509264030238004 0.15919508504728113740 0.01957848728073625921
1	0.32490488266995365407 0.33980140093085886566 0.05720571758996117334 0.18694692787137015544 0.02348467847057265565 0.06483445152377315113 0.00282194094351056243
1	0.10727499607870677467 0.81624936857182472938 0.00088132529403443045 0.05535565749777428962 0.00523721094586296083 0.01366652041697419447 0.00133492119482265083
5	0.10346031178068168521 0.00122597471906700072 0.02189704196288767141 0.04312656335470328728 0.00373112427033136075 0.82093097134342718491 0.00562801256890212761
1	0.00000302539246445809 0.99880196607846039036 0.00036654048761416259 0.00022692462480705051 0.00011246301884343985 0.00048231859143190700 0.00000676180637765602
0	0.65354120835069828832 0.09023647227015171857 0.09093277102867851347 0.09032333983010318312 0.02928221209213580090 0.03954264529117858945 0.00614135113705375699
1	0.01624201582049355011 0.70209029601228201134 0.09670382328496460178 0.12071946277149196713 0.05477630996351689346 0.00121599904398553217 0.00825209310326557692
5	0.00083616289647199461 0.01037837671202002272 0.01312157805954880518 0.00059611752452874147 0.00968079619383407572 0.96274265182714313660 0.00264431678645346731
3	0.00812930041757885247 0.34828923072795081595 0.00534689110427005038 0.53358902253276108141 0.09950106825815628608 0.00285353110635886342 0.00229095585292395359
5	0.26359086909243645280 0.05701229017503418872 0.04751612251557742195 0.05800082451929479410 0.07768072897739046467 0.32482085022676149277 0.17137831449350515722
2	0.00001320615921703719 0.00006228775467786894 0.99470644375007921667 0.00089425967351452844 0.00134593701918363164 0.00117806104220449033 0.00179980460112389926
2	0.00517549119133574320 0.01746821784554073234 0.97473392386158586032 0.00135621533411807026 0.00078584976750061854 0.00036111882172984797 0.00011918317818939206
6	0.07985410005148892154 0.34862660537047501785 0.01848925718062577675 0.08336742110949728335 0.01479618927938578313 0.01283797511328765677 0.44202845189523942704
4	0.00001338356091866501 0.00109147862206986535 0.00025918003077041385 0.00030356728234805968 0.99779306488973273925 0.00044640853393471098 0.00009291708022752846
1	0.01560333124229173335 0.66453489187032532826 0.19253173395395220546 0.07164570492520619394 0.02339660775643763804 0.02359110140278515566 0.00869662884900195346
1	0.00456007678832000534 0.89989057844373843142 0.03698762320483198890 0.03974419873021960148 0.00296464732278239971 0.01204565652754797066 0.00380721898256036750
1	0.11517128415802334318 0.29264411229423986649 0.20957429484330541980 0.18895886247132639979 0.06709406876780769913 0.04216768627158125338 0.08438969119371615701
1	0.11316854232915382616 0.81327676595271236604 0.00142344794710446668 0.04276888789745799530 0.00833683180580737510 0.00092385170607905140 0.02010167236168532157
1	0.05532221832140416656 0.71213001725602365077 0.03571041737479760392 0.14240878984328331214 0.04106953696354967431 0.00300399807626293728 0.01035502216467898765
4	0.00574531901016589984 0.00169688366171215680 0.00348966814397056032 0.24761388765167166581 0.73635949858771221344 0.00096336673836135004 0.00413137620640615082
2	0.04484593255761260000 0.20857209838539705893 0.55203022628936238014 0.09140390631900065233 0.03928579604489587651 0.03501894189686546172 0.02884309850686602589
2	0.12027344176692503219 0.11365385339994592273 0.63372210700603803790 0.07441990320678340542 0.03767487755805609684 0.00847942498481047725 0.01177639207744102072
3	0.01680022953447110959 0.00878929396319533436 0.00054770027414121204 0.97314841331520307577 0.00008722012389747138 0.00054126598807800296 0.00008587680101448369
2	0.01283334077843119661 0.02514208819913401130 0.88549430528110151251 0.00695407137090604723 0.00126283623602029904 0.05618077343834798620 0.01213258469605911320
1	0.05180061553858580914 0.85399907795206619898 0.01156364155557535259 0.00225638251330336891 0.00559745695664741645 0.00197770122518932693 0.07280512425863239212
4	0.00820353985959644885 0.03658146171368265726 0.00532654243996408261 0.00481111989563877667 0.91452102901662268852 0.00481539759368873957 0.02574090948080585625
1	0.00163589266530665385 0.99505764956709019664 0.00168119249311589813 0.00111444370070298685 0.00003457288105050346 0.00038235232920896128 0.00009389636352512145
4	0.14701752053171027179 0.08708198377976845983 0.15896321182156858409 0.07547620347247296912 0.30416409908836627984 0.01436796035893851166 0.21292902094717502948
0	0.97349528189898681951 0.00454397308585526450 0.00789609187867293914 0.00373960859731252036 0.00372900565504857492 0.00549413165424544794 0.00110190722987859474
1	0.00067244937383566749 0.99839913535946833711 0.00012591878225726096 0.00053875561350031568 0.00000369776339816218 0.00023586183747143294 0.00002418127006839811
1	0.00421502669938346713 0.98247654294286468346 0.00567974107819091412 0.00455837277421095120 0.00237832312243222875 0.00033299863717836241 0.00035899474573928685
1	0.00173050396211047960 0.99518678504131652396 0.00005771146229949527 0.00034650555515965045 0.00004480178281482219 0.00236943221319251040 0.00026425998310659768
2	0.00001429924453617568 0.00309907566343758890 0.99248617615084688826 0.00020474381638365370 0.00009756597712332803 0.00408011559867057279 0.00001802354900235929
0	0.41260693215564886449 0.08434928741561226184 0.00479187245839656807 0.24075911189136725565 0.03029594142587014455 0.00596015333001690285 0.22123670132308811964
1	0.00040749702135067382 0.99371471167399705315 0.00071145757999733768 0.00340949848144930442 0.00010060801154707358 0.00155254353359551801 0.00010368369806290750
1	0.03897945161213951792 0.79910560532920771326 0.00483838399581462773 0.04662287392352990056 0.03447897870639302781 0.04181161334637802790 0.03416309308653740079
3	0.00121547187152326185 0.00923508917721815002 0.01679645223363262704 0.95209823771862422959 0.00192498970210349730 0.01714902814243937298 0.00158073115445879183
1	0.04126288615344793353 0.70548134269002638064 0.02419081457131078833 0.17265052807419270509 0.04244110602343556526 0.00795373965761506790 0.00601958282997150200
4	0.04294842115754305550 0.05105889226863713493 0.02648604925864693482 0.19957575045400469116 0.63340105617048803044 0.03062012687846478107 0.01590970381221550739
2	0.08353825877246938425 0.17898198863577857720 0.43267217813626129841 0.11623659462564396583 0.07324982940951987875 0.03243867633406832124 0.08288247408625883106
0	0.77858873257523530942 0.05584050314015800293 0.02417381659211827877 0.03850190677049260962 0.01440145530753958111 0.02539702438043335217 0.06309656123402283823
5	0.17190297955193745150 0.04311497704040013340 0.00524963705937799702 0.08667387047288664659 0.00148179623587374183 0.68029974466569187452 0.01127699497383215232
3	0.22130525082343682763 0.07584477409750950416 0.01253747852549349541 0.56014031477058545683 0.06401721338716291620 0.04420810734037055462 0.02194686105544099361
3	0.06313048747338201316 0.17691166051335216469 0.05560557738448965864 0.66402853977999465318 0.02683400462399222058 0.00640118806736002764 0.00708854215742949541
5	0.02759306211997256120 0.01735734291216821032 0.00335023590488330806 0.00135619917242580062 0.00952504361187528001 0.93089541115949769878 0.00992270511917710610
1	0.00985832857637514680 0.94643258054747225749 0.00166917391016922919 0.00754713325641920545 0.00980139664617651202 0.00915567989215548654 0.01553570717123150396
6	0.06041668642271032924 0.01970832553797461154 0.00836671225963078226 0.02493891351157638200 0.01252073276791664316 0.01026202646858082046 0.86378660303161036715
4	0.00060590627106150681 0.00432185720745179719 0.00120978096302472803 0.00083490714914159824 0.99168565387026030855 0.00013302200494955875 0.00120887253411143905
4	0.01723048440483304286 0.06680507656329205679 0.02390630193539204640 0.06503002832875511008 0.70859008581509230762 0.05054045851359979802 0.06789756443903560701
1	0.00282440815101331301 0.99354237553812652095 0.00074860051599154450 0.00035667771648989575 0.00004869018501508401 0.00244093740637097920 0.00003831048699291215
0	0.99920801103158685130 0.00003179775451071572 0.00003740320983279058 0.00016442443733131015 0.00022936974868052382 0.00017744811574961332 0.00015154570230813773
4	0.00668592567569688701 0.01598829707739332293 0.04155214415736373929 0.00858029927283540141 0.91842737536170382384 0.00345581084449187587 0.00531014761051492104
2	0.01118168540859734196 0.00068974070028905027 0.95861307974526488440 0.00014441859823472323 0.00682769729765809064 0.01506510939566731155 0.00747826885428802806
2	0.17450533894302408533 0.00812019651150995211 0.68742636717085170428 0.00128389120035761668 0.01361835586354337782 0.10278373886091368705 0.01226211144979954919
4	0.00732689691755026087 0.02360371089456058183 0.00359386963309119879 0.00102772457971781329 0.95447774380025562913 0.00325248338084473945 0.00671757079397976471
3	0.00632921665120265986 0.08506393418209992618 0.00890637872404121365 0.87254574740683965572 0.01803479068832211998 0.00230590432811571440 0.00681402801937864427
1	0.13064649533773231571 0.39104962636632456530 0.00833265297642023228 0.02611895357848897925 0.36167969524904652889 0.03155726182658056406 0.05061531466540685614
1	0.00725527341107208307 0.95318042009088199684 0.00267969192571480266 0.02405801962372960262 0.00103469157589872033 0.00356427682934448709 0.00822762654335759160
1	0.08802718273809652383 0.69347798095751178593 0.05450887578646047144 0.13431766275533069122 0.00949830309710009320 0.01065444816899250441 0.00951554649650793519
2	0.00080888074338217254 0.14651201842052535840 0.84374374777491634170 0.00203301711191695945 0.00148257966149272532 0.00422746360038960770 0.00119229268737773911
1	0.03950933978225762422 0.63298289229088011698 0.04098348250314982205 0.04486483490603337954 0.13929991941735042627 0.09352933737439753092 0.00883019372593105319
5	0.00845708649253347315 0.00614238933374688673 0.00254822988845302073 0.01365949364744577579 0.02132456564220825551 0.94111590456195171051 0.00675233043366036106
4	0.00019422987096215954 0.00012972999393853112 0.00002573350255058930 0.00012496103260308658 0.99943713933332567478 0.00003561907842289947 0.00005258718819615324
2	0.00173233059783659492 0.38377988003021445973 0.57410042114516590672 0.00080888026993860239 0.00010190365879463914 0.03889779893202124222 0.00057878536602909902
1	0.03911017955723637696 0.30469114542859293548 0.02133766919682256180 0.28361722547041195996 0.13229253393532650063 0.20067169606142590266 0.01827955035018401925
3	0.00362668865068501442 0.00126602331317432221 0.00324823035924148851 0.99114221014548808952 0.00013675691876002946 0.00043926526771353156 0.00014082534493746617
3	0.01741176673313347273 0.12924029252255547773 0.00197918537853090937 0.84715320973353003264 0.00043476468789833110 0.00336917793879216564 0.00041160300556000902
3	0.08715764391721597670 0.16500397610717057462 0.01156196783406491721 0.52042678681486898018 0.12183996446065153973 0.00851901901410037111 0.08549064185192790932
0	0.93217723161684240551 0.03802285004340080765 0.00505043335931998610 0.00277845376201643407 0.01198705321973260983 0.00416859126102118917 0.00581538673766659239
0	0.97793848215010081848 0.00346385466482783833 0.00103641067814277152 0.00048410867192278084 0.01419444414527604344 0.00021537201302356611 0.00266732767670603164
1	0.00004371371377150857 0.99152826827822260203 0.00076349305128626198 0.00576200844707866911 0.00117859001679156811 0.00058420202934180690 0.00013972446350778519
1	0.02604363305119020491 0.43832132758981068310 0.39273647628248414820 0.08693238638566135046 0.00036591254426600209 0.05527835038846562465 0.00032191375812190781
1	0.00580025405191661111 0.97208966836018029234 0.00981269936965553820 0.00566165150279762577 0.00130795333164268938 0.00322598931145842574 0.00210178407234838617
1	0.00185328278043242044 0.92420489657202176126 0.04091503182084487572 0.00932929456864817729 0.00143786632780259723 0.02117529241291333728 0.00108433551733672280
4	0.11453948360016251440 0.02272077772958428638 0.10841875157656293005 0.14640303962971210061 0.58798774594898428614 0.01290945057196962384 0.00702075094302455783
1	0.01603956665811514734 0.88773569257834872293 0.00459502212538668783 0.03283430690259894064 0.02233513119843830511 0.03309047197602504181 0.00336980856108808850
5	0.01819454590533215593 0.06142621535700412694 0.07287426592493342903 0.06561451537708305748 0.01527731418642940854 0.76565348941562505480 0.00095965383359256757
3	0.02093522080189062079 0.00304144533080836967 0.00040456682494357669 0.97504664057231216212 0.00019140366550915694 0.00015524827135039143 0.00022547453318528434
3	0.01839262815969347140 0.23698991407802791342 0.00161862032139628185 0.74041452622158832053 0.00092525846486412157 0.00151226836711704921 0.00014678438731248876
1	0.00287245137861380029 0.92463545139188796362 0.02514468633779057272 0.04600043023543316095 0.00035438839561840606 0.00024370653791782942 0.00074888572273712722
1	0.00525187420538488457 0.93791135051288310187 0.00473941898705565901 0.00463587778373658263 0.04574643527334405768 0.00134745070941741569 0.00036759252817792503
1	0.10122316004547360357 0.77089009982477285643 0.03639556726400832581 0.05877354421686503683 0.01260714414629182135 0.00305813803528887920 0.01705234646729950065
1	0.00525263898275002243 0.92405180493916128093 0.01530766605784181743 0.01865032565775317716 0.00605731760111019330 0.00755970107610537921 0.02312054568527754234
1	0.00007730502953013193 0.99542987373292524111 0.00238570577092160792 0.00136082809636783788 0.00013638239395481741 0.00049647008106355609 0.00011343489523610725
1	0.00152541870566940004 0.99349795170412813494 0.00073820215566620375 0.00339940741716030816 0.00022372526627206831 0.00053329003151814482 0.00008200471958604957
6	0.02915733562620135416 0.07211625396238655061 0.06520096948378578672 0.05534814196693683269 0.11505336211055278151 0.04494084673010909775 0.61818309012002758962
3	0.00002185281019606308 0.00000442734281403487 0.00000505970151862512 0.99996243949282170860 0.00000102727591603540 0.00000377844267245781 0.00000141493406048259
4	0.00083809196611068116 0.01886634870817725101 0.01050179586407190557 0.00023391962087624673 0.95782300097431760655 0.01158509697500530351 0.00015174589144063762
0	0.96155448651095243306 0.01423903843327182887 0.00907206923146740112 0.00004376366764711614 0.00775881938903436128 0.00160232026951255676 0.00572950249811437530
5	0.00175043987801297212 0.00267999887097838648 0.00024592190677385004 0.00024663849183236193 0.00293111353742428514 0.99069774070989180537 0.00144814660508694256
2	0.00002436706037571146 0.00059841842111120968 0.99640057099566092802 0.00041046188340584624 0.00065748890090881089 0.00140314304114955678 0.00050554969738714824
0	0.73313796314376300511 0.12939081898405940807 0.00546621486264155763 0.00387010720528327629 0.01877163342370741228 0.05643411179614069711 0.05292915058440475495
6	0.12695832341306942381 0.00045295829674751176 0.00700388990271590996 0.00021299782004061723 0.00081294818361583616 0.00012593688621138576 0.86443294549759941425
0	0.42613175502459532673 0.12267432138835115962 0.05770840767299147134 0.26666403721822495854 0.07371801005780347082 0.01998127025361278938 0.03312219838442097969
0	0.40885190511646701816 0.23378301892109515370 0.03131068502604805043 0.05120766959229729881 0.15091769828241066720 0.03892202771730854383 0.08500699534437319849
2	0.18857075036950354807 0.00647025236840591874 0.74742084124232810449 0.00101585896506059602 0.02843293079339820686 0.00799822164617781245 0.02009114461512566743
4	0.01808999846031118450 0.00443875358623132578 0.00026314767301497516 0.00047239505193566353 0.96772306922809203655 0.00395744090860859331 0.00505519509180615313
1	0.10477578303953215266 0.57916790822432584473 0.03482320100430066206 0.00107107870362136066 0.04619943824052522713 0.22567552914530319974 0.00828706164239124271
6	0.16175100659729063635 0.02960564634352396557 0.02740974914812551594 0.00789080138401475513 0.03684590683822521612 0.03950186872334297133 0.69699502096547694130
1	0.00012138899045525585 0.99857842496694093626 0.00027178550931932714 0.00087771422034552387 0.00001282801967034802 0.00010660405434866118 0.00003125423891772927
3	0.13018087018870885818 0.13132714871646836152 0.07734338377022748068 0.41073293485068496089 0.07503331265260827776 0.12331121933629497767 0.05207113048500689595
4	0.01283790950183493103 0.21936147273826658854 0.03323047426838657281 0.04262392144755117879 0.63411491761707461379 0.01955712009674404409 0.03827418433014185412
1	0.11729535402699997615 0.43908267760385877310 0.01779583486656390739 0.25798170032953765540 0.04367670446917934490 0.03931353738664662006 0.08485419131721365360
4	0.01539686798997627268 0.25243858134676078198 0.24771744326564787420 0.01144085322099984946 0.40087965747163500918 0.05640514714133392643 0.01572144956364694007
1	0.00003180067283291400 0.97391060743021273804 0.00867735272645224660 0.00120446921653514518 0.00005954838748880984 0.00122543176575582087 0.01489078980072258002
2	0.05579001225378129453 0.03086515358942793982 0.80247556275080123012 0.00770679007567424967 0.03807825785704687521 0.04112414914179759323 0.02396007433147126151
2	0.00299323844009660982 0.02180012844515355833 0.96426964128612213667 0.00278916995272886778 0.00388308110762608603 0.00136832036458199319 0.00289642040368963492
1	0.11778370720686982820 0.78228248226059515780 0.00547369376755706127 0.08582808037304882898 0.00434214257363336239 0.00324928077297466800 0.00104061304532108469
1	0.03346825195702243794 0.75856792461908506553 0.03023292695292371934 0.06913679290642187059 0.04475257393886267893 0.01652243946827210846 0.04731909015741242452
1	0.17123886555888792604 0.34072992977689958716 0.11744375916386215475 0.07808464753506827449 0.09649867034564672819 0.13759897132950371645 0.05840515629013180721
1	0.00395031459043717042 0.98983023491220056833 0.00065656183624101616 0.00459197125285553450 0.00003448830308744104 0.00013001495517139463 0.00080641415000610095
2	0.00081434776908800724 0.01380447601245077260 0.95667104792138157876 0.01069629868451850430 0.00668337801182212858 0.00178552885727708546 0.00954492274346212428
3	0.08669827534086763099 0.19380142792911125849 0.01348697990204880855 0.68279712907854517301 0.01860474780023114311 0.00184549187928733077 0.00276594806990823616
3	0.01620711718579852245 0.02407477097254307266 0.00443053294362142757 0.90449326222414294651 0.04522829434056908210 0.00470039527170286030 0.00086562706162188858
4	0.24132757873818244665 0.02895503176353713543 0.01303178611448763125 0.00388141436822262223 0.37013937591306572683 0.02940295841686451500 0.31326185468563993997
2	0.01002002098069784512 0.00497188866752019433 0.69048509974370431141 0.00876931854610928964 0.00331675113431308686 0.28105715529220903770 0.00137976563544616230
1	0.03375373566661101637 0.69447373571618831178 0.08921133285384054423 0.01026558022927396077 0.10426610901037075552 0.03008852717224394166 0.03794097935147105333
5	0.02435621546654421349 0.00114736245725353112 0.00174013382629681877 0.00118643717453535127 0.00242873480000417629 0.96790689353226977421 0.00123422274309632350
4	0.00001690784282697799 0.00001250229466097846 0.00001668667564324374 0.00006705987102858061 0.99981120335391060472 0.00006357596577989769 0.00001206399614899358
5	0.02517065497090560655 0.02492616533370576454 0.00312562356739251330 0.00294513195069708413 0.01089519847259691823 0.92218504109549848113 0.01075218460920354321
1	0.00001841911857897681 0.99804859559095882027 0.00055303816576420949 0.00090917105142582948 0.00007662495281995026 0.00037793870339860892 0.00001621241705035996
0	0.83676252293515163139 0.00500693762175041194 0.00030180094733203060 0.01595496599121166981 0.05741301272858247845 0.00036112229018031670 0.08419963748579131768
