5	0.02865656708791846502 0.08206968853679422193 0.00503309489750178654 0.03008614671257064943 0.05015567268109323573 0.78404784420542772416 0.01995098587869428841
1	0.00905220959982996377 0.96462012350043246922 0.00415348117550584650 0.00410863404369578734 0.00570350704280297820 0.01126071747447746942 0.00110132716325499072
3	0.00123595277027387681 0.00000644928482519229 0.00001641002014365962 0.99855563039102235301 0.00000350463814561958 0.00000282267888557229 0.00017923021670350253
3	0.00093714472857840290 0.00089839209637945512 0.00031625622881066530 0.99754116735405695682 0.00005550473831215460 0.00006899651417941167 0.00018253833968307536
1	0.03485314608882762039 0.74562031863467159720 0.01853079294153347004 0.05707597647647493638 0.01816823995158549712 0.12272798355017230931 0.00302354235673415756
2	0.00022923063854616177 0.00078613895103125909 0.99620058563474545021 0.00045810775056217949 0.00142799931169306860 0.00074162617784910502 0.00015631153557271719
1	0.00026895311790063587 0.99629285262290678826 0.00209598274461089218 0.00097742108028562821 0.00013527188631139506 0.00019409431424105775 0.00003542423374318775
6	0.02524885303582214205 0.00830459643618519996 0.00157428739422170861 0.00673214827666190983 0.03235577615380032940 0.00090686444343657626 0.92487747425987221206
0	0.99513340919544435170 0.00197586753249464220 0.00009032820024563623 0.00007104944185604729 0.00208498574632797135 0.00005582597743013743 0.00058853390620125046
6	0.03021685917339496721 0.00146752462692149779 0.00332608712384644192 0.00376675345125181311 0.00627489962578109840 0.00326601688735389138 0.95168185911145042333
1	0.00811413699275775890 0.96488482999158364795 0.00833106710421149983 0.00204465524606926678 0.00240053241653448175 0.01201899051638559077 0.00220578773245806931
5	0.00094981623234539393 0.14149777184371448158 0.02701029100909038694 0.00187213843293335819 0.07126393901808886211 0.75319643280394377172 0.00420961065988307171
2	0.01842999860340952673 0.00226204553733424076 0.94869996414579571553 0.00077316529085567334 0.00402840758896261340 0.02570298805414901119 0.00010343077949392772
1	0.01224378758361492278 0.91250893880305594674 0.01831978971222555236 0.05302007051979869962 0.00298044221338385337 0.00072225725889311367 0.00020471390902741118
2	0.00112082856431876222 0.19420349813202156253 0.79001064699824186111 0.00512534553773769629 0.00134774419448589061 0.00562785191008675391 0.00256408466310779903
2	0.00080930914410625072 0.06514541871427201314 0.92651506170837805154 0.00155607142714634826 0.00075781008452916886 0.00495149278949621671 0.00026483613207171268
5	0.01532425432470636666 0.01910687911720450674 0.00086390372386907022 0.00014070660695712959 0.00406197386572256999 0.96033105564269705123 0.00017122671884327027
0	0.89701824365489202240 0.01661253264778925903 0.00231350809051508602 0.00342133911822544790 0.01548114696630918663 0.00726128895680858925 0.05789194056546019540
2	0.00941653101450456650 0.01883532774588041192 0.88997537033214635382 0.00058955757134295796 0.01598213612411970158 0.02717839493148343707 0.03802268228052231580
2	0.00002947567133651901 0.00000510632131121661 0.99967427179254686465 0.00001433267397611852 0.00003293671053049940 0.00021690215001872996 0.00002697468028130205
1	0.00016223285666541856 0.99678394733780384396 0.00108520905505125951 0.00067276812076620435 0.00063670410225570128 0.00050119649262453316 0.00015794203483367330
4	0.12057867806038788383 0.01183043906078283004 0.00053890146089246790 0.00246566238731796891 0.83058247644013927236 0.00720762839347389214 0.02679621419700594850
1	0.00000139708807160187 0.99973759626999236794 0.00003016323878285930 0.00005259447978319150 0.00002920101646518517 0.00007685297558657421 0.00007219493131841320
4	0.00004314053438269217 0.00062373566965284808 0.00034399809292829693 0.00056027259063640882 0.99662108088523293503 0.00025927246790252825 0.00154849975926346227
4	0.00001250568117943823 0.00003967458275908659 0.00001712130358328811 0.00008745753179752596 0.99943710653787543041 0.00002933517846284343 0.00037679918434252284
2	0.00002857161500944822 0.00000756505954173051 0.99923698057425458519 0.00000281837178510157 0.00003524652473864976 0.00068592570602159415 0.00000289214864836514
2	0.00021235050476406408 0.00007666704642055760 0.99236387367152267824 0.00004816794121276464 0.00016064087421911375 0.00707748804270814068 0.00006081191914970867
1	0.05921378749435944611 0.60083010158671668055 0.07773719680668830789 0.15331260069843052896 0.03870487542992372826 0.04214182423476202366 0.02805961374911955519
1	0.00098921980524038105 0.76740690408253220411 0.21465213454057124887 0.00648092447225599722 0.00090990101256365819 0.00739735199580706607 0.00216356409102963498
2	0.00127042241643415539 0.00175612909965120649 0.99652317954183133875 0.00005201061281142459 0.00023922483850996400 0.00011578804014802638 0.00004324545061322587
1	0.00000347168804182392 0.99866233549830640825 0.00097196645692789634 0.00012674867994140948 0.00002537383975542836 0.00018388614505661190 0.00002621769197061910
2	0.00051877430004573007 0.00017975911142003047 0.99827347323360693387 0.00003928121578483687 0.00051148462964725576 0.00039320987072544400 0.00008401763877074767
4	0.01251535302014510249 0.00793328168356834985 0.00704726945464946054 0.01049375446535857556 0.81644738083167200937 0.00427418677458682103 0.14128877377001963778
1	0.00041905807394844533 0.93937249328543936944 0.00052651845379821896 0.00015630420650359527 0.00003292597974720976 0.05947354931609533102 0.00001915068446771748
0	0.83410634046706289002 0.01227066839640271814 0.00193994762387973631 0.00267567994264287980 0.12509975979611878683 0.00037618984174789624 0.02353141393214498028
4	0.00000230870984146513 0.00001337034030685552 0.00002878236279982672 0.00000477575778069132 0.99981834885766651677 0.00008842854435699325 0.00004398542724770797
1	0.01382260825620619180 0.92180500131850651169 0.03860984948847868969 0.01381155689039545442 0.00831981692289552113 0.00218288631997548338 0.00144828080354209195
1	0.00115307816766949123 0.94870263418080236217 0.00697719121146169255 0.00988052868863985821 0.02056949136609782444 0.01047265137409659520 0.00224442501123189777
4	0.01480691198014392508 0.06868014467806290990 0.01175166752478295010 0.01605033167843729694 0.84517351521900363487 0.00374881259641667800 0.03978861632315235097
2	0.00107141054184383680 0.00072686353436839926 0.97536885532239470109 0.00217827813997402506 0.01180077584802320147 0.00693199490099147796 0.00192182171240443361
1	0.00472439625432726808 0.95994709224662799762 0.00478329646432069499 0.02096417518245185033 0.00240929957908142707 0.00648857393609883395 0.00068316633709134174
0	0.99579992999894750838 0.00032079783415096802 0.00004626751867393060 0.00002179535712477463 0.00056710824267857253 0.00002680958020113209 0.00321729146822339078
3	0.00464758295468243720 0.03871024940473559439 0.00178627474467062141 0.90089093112200113733 0.03517096483937945384 0.00218319473972018209 0.01661080219481017237
2	0.00000663915786087723 0.14741502535756847991 0.84967168595076003612 0.00014874616513597884 0.00008570914912299211 0.00248616199115273950 0.00018603222839826071
2	0.00124409294235021308 0.00040418241619661287 0.99691928697263421100 0.00024111714449420588 0.00051460223418831226 0.00059159397161148122 0.00008512431852480353
1	0.15329159896468722013 0.81525241612314580664 0.00267825308047538093 0.00380847301685841629 0.01505252256656057150 0.00415331224479007985 0.00576342400348277880
1	0.03545520878110913765 0.87203435076949253890 0.00375604626063014580 0.06835001472569107728 0.00203653553810019539 0.01741844885298141077 0.00094939507199580939
2	0.00040548522070591537 0.00583002570885137253 0.99186103381882406715 0.00013970459506194995 0.00145108453670987690 0.00026555508121407128 0.00004711103863335834
2	0.00083347685729184850 0.03233392579879523082 0.95592529155133021401 0.00380673439830422856 0.00074771858311337895 0.00594255694170610013 0.00041029586945916138
1	0.00742887209222177058 0.97517918986034368700 0.00479332258008667404 0.00464330547052424578 0.00335770828186862354 0.00403567101691504337 0.00056193069803831973
2	0.00105364648502591146 0.00366447864779569435 0.98379083432776426310 0.00349452483142659613 0.00379596915770637894 0.00167547644299396656 0.00252507010728616945
4	0.00000646843869998750 0.00001763304103164901 0.00000587062896784222 0.00004340239933883162 0.99985742890746043265 0.00001210120480382537 0.00005709537969653365
6	0.08031793013148949556 0.00689659354001173012 0.00690776638946586849 0.00190444005386390127 0.04390394106732421753 0.02057533960989264832 0.83949398920795226253
1	0.02620726351767856815 0.79747461705032751667 0.00645093817823019517 0.13402765042347156155 0.03181064544757488538 0.00339425131638738465 0.00063463406633005920
1	0.00090937852631433724 0.96351851408895683448 0.01367383289217699409 0.00886740514258928941 0.00422983590223060136 0.00822987421614410422 0.00057115923158781372
2	0.00691651262607391633 0.02132539676369815326 0.89827742716277669821 0.01777484380318260573 0.01056903670836784916 0.02541868598352865077 0.01971809695237245613
6	0.00257784650174699677 0.00034129522095508510 0.00020725179213402362 0.00001722786091570689 0.02936775385452693177 0.00012451934341871688 0.96736410542630235643
0	0.91680979713872523540 0.03202029235224507220 0.00082506745290890067 0.01152745492961623069 0.00593149995172548208 0.01333045234002380036 0.01955543583475531297
3	0.01062187705396937590 0.00292655216510266832 0.00049020448867468334 0.98186023508552422445 0.00112586607668848466 0.00139460196660163020 0.00158066316343955481
6	0.01696353277470611515 0.00196748707538027838 0.00017938947527097149 0.00024703680812075522 0.00851107092487132268 0.00010947423596131589 0.97202200870568900015
3	0.00007243600985370910 0.00203520970320374963 0.00001924924304670020 0.99785166926288759726 0.00000420450965561938 0.00001302978109274273 0.00000420149026082898
6	0.05648453202218631924 0.00120358740968542349 0.00034468270446737291 0.00027939016410228972 0.00095499409764828033 0.00102581371661197244 0.93970699988529826641
1	0.00053699779765195587 0.98165856035317233808 0.00150877035711275624 0.00927780484458421741 0.00423360274706497276 0.00235402743748980682 0.00043023646292423645
1	0.00080405642483176670 0.98497113119786339208 0.00276631766735241239 0.00734746108869195353 0.00157040601778212483 0.00089622489034305117 0.00164440271313635237
2	0.00061756440082760269 0.14025967267392475124 0.84969424582225649978 0.00145839642381909379 0.00235246261616542905 0.00260982579062716191 0.00300783227237919580
4	0.00327822965538539755 0.04236684995849183261 0.00024757611062436107 0.00047935821595787321 0.95014993198929453833 0.00105111163104023523 0.00242694243920568839
2	0.02777936108853315544 0.01981188289282468859 0.88547274206028481203 0.00236834604765080291 0.01569002268992155530 0.04310442159866422623 0.00577322362212131113
4	0.32715938046320303112 0.00610800921735169759 0.00109738072896861097 0.00179179796538571443 0.63069390720850526666 0.01487304331162227038 0.01827648110496342057
3	0.00245605389055630029 0.00212470875937090459 0.00042352529738509610 0.99391036544254951490 0.00028733657729333392 0.00011723602261272705 0.00068077401023260717
0	0.99043867357020443087 0.00047500158506960373 0.00001267437081621195 0.00003978497846117324 0.00313197533527195381 0.00007399399395394119 0.00582789616622264063
2	0.00343116422952768462 0.00612135636829631933 0.91605654247142909163 0.00077377611494882487 0.01446553256043464977 0.05668056031979507720 0.00247106793556907314
2	0.04052015726474342272 0.00042555311197483930 0.95749795341764798451 0.00002269118287272068 0.00046584135662411624 0.00017188921329239711 0.00089591445284508135
2	0.00049126158826614142 0.00288010971221664509 0.99277771613307852494 0.00002502973530245051 0.00042695221114209277 0.00336956576188455559 0.00002936485811017084
3	0.05532534435508100479 0.04469135567790300662 0.00575310563278909424 0.83487114776311155406 0.05584810427285732265 0.00157008720631957640 0.00194085509193859152
1	0.00001233879009213908 0.99979567175422323633 0.00012378170604034088 0.00005521703267511280 0.00000487464804711148 0.00000682316767323103 0.00000129290124834130
1	0.00168569298925523884 0.97890624394922876039 0.00488068656701650099 0.01165103565401355394 0.00194559594338551863 0.00054331921872290514 0.00038742567837791569
1	0.00534159742601160968 0.99212676538826183315 0.00098355285498958256 0.00014619106267224055 0.00116999565058258591 0.00019064160467705064 0.00004125601280548587
1	0.00786130877776107517 0.98012000445553837391 0.00303348228758184646 0.00718505981307285529 0.00088339664146622828 0.00040358714122559026 0.00051316088335342841
4	0.00096940172792438608 0.00944251916945208943 0.17850225945408948469 0.00178927336295969970 0.79434650774818249541 0.01355918198842529128 0.00139085654896681926
3	0.01095491731285206174 0.04202942403725082321 0.00881495706420172380 0.93032286870971858672 0.00383051691876698519 0.00026282485840970946 0.00378449109880012310
2	0.01260858425765050070 0.07925233066782665092 0.79807031063891320510 0.02411233403924424937 0.06641388751553790881 0.00441056329484223932 0.01513198958598550338
2	0.00016250559161108365 0.00003961757577908774 0.93864259307078379280 0.00022196160405803204 0.00012879960231686454 0.06079372721586086964 0.00001079533958866068
1	0.00004269743015411045 0.99809979057889230969 0.00087488052055472126 0.00064463924454626141 0.00003442113688047193 0.00025816733114802747 0.00004540375782476878
2	0.00002065704587391489 0.00000175968242758744 0.99989021400871724854 0.00000320732004531906 0.00005299483257797264 0.00002639890122968393 0.00000476820912965693
0	0.92239818775909943049 0.02347841698716608347 0.00493532527838855609 0.01774172321038916186 0.01715766974691702515 0.00879610315891218159 0.00549257385912784325
3	0.00146554679987109934 0.01761384976428506666 0.00210827577363172525 0.97533441010564048135 0.00217834796533534700 0.00034912606722404990 0.00095044352401189370
1	0.01545592069726617855 0.93075103830093908197 0.00530831195518379016 0.02420622395698571183 0.01276006242610387871 0.00831363583083464738 0.00320480683268582972
4	0.00002952269763532017 0.00008970432368610263 0.00015588720937895166 0.00044104740954282106 0.99819094791901386010 0.00003787382552003840 0.00105501661522385297
3	0.00185210170840213457 0.02099843274203047963 0.00022323229145243653 0.97549733703861474243 0.00065475363793913847 0.00018081893350025939 0.00059332364806092305
0	0.92647966355490019019 0.00746852580202621297 0.00118215501864763883 0.00207256048749495563 0.01388504791629666113 0.00313668103878945396 0.04577536618184493283
0	0.99314807170511476553 0.00178401651574437519 0.00020553567313017250 0.00060573754870421983 0.00115875559267283770 0.00002707730241333410 0.00307080566222004726
5	0.00122279741679620743 0.02753964917001400226 0.00593557918384082263 0.00360743658539529289 0.08928323274462342252 0.85244148103310179998 0.01996982386622849631
5	0.01298811434037175881 0.02596305109673277198 0.03057953547349074458 0.01545037271462009441 0.00815993866532620411 0.90469498598302633408 0.00216400172643179062
0	0.99060697497038097126 0.00063077710952316691 0.00005100990329550674 0.00004658790625686303 0.00210680150672069768 0.00021936514873342042 0.00633848345508955871
5	0.01709532056955101811 0.12262545357468253304 0.00080030491950498393 0.00268371323312762214 0.00376331201710379060 0.84962094290816014830 0.00341095277787007269
6	0.05628960817556600410 0.01706488230711389678 0.02382028664494990206 0.01969232010966719820 0.00638099780843243841 0.00806781047361233329 0.86868409448065819767
1	0.01680950284475756992 0.90237070318979661909 0.01901212493906679485 0.02812767600448612057 0.00950045285604057127 0.01068919826840425587 0.01349034189744729474
3	0.00803796980573474873 0.05086659515250895047 0.00508740283363084966 0.91101885202864585356 0.01321151117940717011 0.00726307665598729599 0.00451459234408539602
0	0.92696236248120134071 0.02809119504147148186 0.00260420936362376100 0.01310954852674332122 0.00906481392650789787 0.01089947830306079411 0.00926839235739167731
0	0.94987031291401347044 0.00959397583039704044 0.00009559652623194465 0.00261928071034107359 0.02109434355693488861 0.00385688156624606343 0.01286960889583547117
0	0.87391946412120868892 0.00159542760764127493 0.00183559364919441822 0.00090926626085492625 0.01406528830345260377 0.00654512207853819462 0.10112983797910982120
6	0.06926821958944828772 0.02726560731381155733 0.17853941795377423207 0.00900510110373519551 0.01687675020739998893 0.00424758653441367241 0.69479731729741700530
4	0.00000342911218684622 0.00000500524608012765 0.00003786271377397220 0.00003946355477059845 0.99955532646440092837 0.00000670344768251973 0.00035220946110560994
1	0.00105376002872949268 0.97498851589779911286 0.00654364393857068474 0.00445905651351119481 0.00385582833467200794 0.00849268941355000966 0.00060650587316932777
1	0.00504226897325713019 0.98752467596293758145 0.00020226262987242097 0.00347455343642314720 0.00221903242094368888 0.00125415784092880889 0.00028304873563686278
4	0.34923061641139668820 0.09010708610403785068 0.00045961402530106816 0.00040389764017109968 0.55215549171370315040 0.00068301600286607559 0.00696027810252433654
5	0.00035531583661559368 0.01750303966917843290 0.00043003925934834988 0.00012654441794263178 0.00051443118409621970 0.98099877743390018203 0.00007185219891909593
2	0.00689841996733354425 0.08276781281981832050 0.82273669674587346368 0.02638354345728029238 0.04681075386886649620 0.01165674417998174492 0.00274602896084605395
0	0.97238809397454339933 0.01526710897077493759 0.00046099860707755934 0.00014085638412442305 0.00982788492235273092 0.00065238382712430782 0.00126267331400279487
1	0.00225339496665530759 0.91809850987831120861 0.00181338735213994618 0.05354391608298466471 0.00065813477650842169 0.02005502927066539487 0.00357762767273472806
6	0.00079836292666330972 0.00384606351296740189 0.00577600391531266164 0.00201090827547111949 0.30441096902118158773 0.00109277856688130902 0.68206491378152311889
6	0.00349278648294473575 0.00101615354415879951 0.00180234365848155604 0.00071047744748856307 0.00858986854374760994 0.00077680266212093864 0.98361156766105783955
3	0.31221830831827301900 0.24624219327153376580 0.00910241033197627114 0.39738856437911057595 0.02116149193689004226 0.00858201571046826941 0.00530501605174828542
1	0.00039838352918900776 0.98925868391150839631 0.00248537194694930033 0.00699768335289266147 0.00034335465456705744 0.00043330208150811617 0.00008322052338677562
1	0.04431546513758584382 0.69003317953447351751 0.08389588567496936156 0.09027513042838490598 0.03407471199326984890 0.02432296706092044666 0.03308266017039560025
1	0.00696537562581003942 0.94230699701264786228 0.00413220479089658563 0.00240352825450272818 0.01677471986417303218 0.02581235688986898216 0.00160481756210090415
4	0.02498627471711339573 0.04805893032992836211 0.01137796577669540621 0.03016531303938547320 0.86346106275096923266 0.00559806163936700778 0.01635239174654083347
3	0.00278673822826702505 0.00003465330048498655 0.00002752418272251347 0.99693759561737116393 0.00003382094419773391 0.00014372853168475292 0.00003593919527118873
1	0.00008288857343122093 0.99493877351751580651 0.00029540390333000907 0.00220855672965248077 0.00058146728853654796 0.00156258646517033859 0.00033032352236326244
4	0.00066306883232883319 0.00048156591500970948 0.00094752646413819063 0.00411589397895289078 0.98693507461083540555 0.00178635087781301035 0.00507051932092171444
2	0.00092410780484071921 0.00140848701452311095 0.99571595760680098319 0.00021681660504340616 0.00094788229856262942 0.00056491554436097408 0.00022183312586820011
2	0.11613486176325056587 0.23518338555505541310 0.46927871992315872696 0.03523610596478739948 0.08756258742781447557 0.03402127624171683018 0.02258306312421659579
4	0.00617257378468227206 0.01143050523075537714 0.00418828630828703766 0.00302831064847597147 0.78518173404220614753 0.18789192229880960494 0.00210666768678390796
4	0.01230805280403759333 0.00993190739502339270 0.01199047737986619344 0.06753376371892214070 0.88845779877863595431 0.00631669305215328946 0.00346130687136153928
2	0.00049939152914381120 0.00038817529292877964 0.99835828441144747192 0.00026651771172541902 0.00016205173539864779 0.00030022151054525905 0.00002535780881069785
3	0.00087798733099568376 0.00022504757893023576 0.00040795887875241896 0.99762764494839728524 0.00055009494697057216 0.00015268486971951029 0.00015858144623410997
1	0.03818364885919365431 0.70235266636767246240 0.00019504134500811766 0.17265491398330190531 0.08083646489387499856 0.00508696014463285232 0.00069030440631632172
4	0.00003449210152116572 0.00027988629042021991 0.00002473017696711742 0.00016549142015899175 0.99894499886544951828 0.00003418243197699958 0.00051621871350697793
1	0.00000561325791519944 0.99965495803656889695 0.00030198858857216561 0.00001178071834435806 0.00000241849133233842 0.00002144694824044203 0.00000179395902648483
2	0.00826030749649692142 0.03401285402698766419 0.88013293939341286087 0.00339555356527477918 0.03525034735573759348 0.03859165531621813056 0.00035634284587239730
1	0.00200363393124113184 0.99568934082294657806 0.00016975419359469080 0.00079841834847360117 0.00041641285880099024 0.00078095471880184177 0.00014148512614241995
0	0.96689399049432223077 0.01185761733138869858 0.00025361323081682889 0.00079595750896472239 0.01008836482655379660 0.00358343587227447037 0.00652702073567931404
0	0.74544562165993288883 0.22018598052379736996 0.00228373864990808091 0.01736190790270521894 0.00404763952412855437 0.00300296087629117574 0.00767215086323659329
4	0.00193814033104990242 0.07933647120373202299 0.00066227348448839917 0.00029833890799230313 0.87839158043620635397 0.01268118824393197827 0.02669200739259875582
6	0.00561233533107552505 0.00033458592882932713 0.00018392605995526436 0.00025877037391627708 0.00395765112447280486 0.00012895376790859068 0.98952377741384245358
2	0.00224222433979003044 0.01094039946686142448 0.93411353981769540411 0.00279643991382945607 0.00819790622578075480 0.03556044040134546946 0.00614904983469727502
1	0.00015696918234845434 0.99820388909883162043 0.00082718477437640850 0.00026621400429569582 0.00024188808697069237 0.00023947776207726001 0.00006437709110038748
0	0.96221767768367716389 0.00556856717157313760 0.00010108371592405656 0.03165674319797625452 0.00004872510069854962 0.00003247582096752829 0.00037472730918340738
2	0.00055565327422298690 0.00005278040099097638 0.99843981881340948537 0.00014247227306913080 0.00040260644353595434 0.00013137940456786737 0.00027528939020363179
1	0.00304827031803459828 0.97677336352254107155 0.00471469437280423471 0.01204246788357499556 0.00151286727871824248 0.00162558544076994650 0.00028275118355610324
1	0.00692194815725237327 0.76810353652575769079 0.00219091537782303836 0.21833230524648855608 0.00105971082428199656 0.00207257744999078284 0.00131900641840543005
0	0.84768944831373116422 0.08901810297222974289 0.01050428687541891254 0.00702561684048094628 0.00596169782760440099 0.02316081423694846611 0.01664003293358639127
3	0.00183553187296671004 0.00279708084097384695 0.00008028786400738622 0.99340062453767896677 0.00002221381094214060 0.00164992742016563539 0.00021433365326473699
3	0.00120239410611948415 0.03196436671624187237 0.00019144632354519116 0.96600767116814478808 0.00008870450545287107 0.00028794383212122103 0.00025747334837457201
1	0.00471750958426390976 0.91962498644864087982 0.03132507685566823796 0.00511161670312972570 0.00121347532885039688 0.02555899353242596303 0.01244834154702034214
3	0.00151080232156817693 0.00224279144228947593 0.00004834104748467954 0.99606449529278096033 0.00002186711172199973 0.00002029294550715677 0.00009140983864752525
5	0.00473401031822980566 0.00028809461902989296 0.00050417194004335304 0.00415467679982956840 0.00564899818272940075 0.98409907887652481318 0.00057096926361296409
4	0.02580259696909679643 0.01688346152477373727 0.01161301770867830853 0.00275987544206293071 0.91196383677462777850 0.00989605804152767984 0.02108115353923289623
2	0.00171193559272318210 0.00111552530013985570 0.99028056076567794186 0.00410929581046627114 0.00101093756898833318 0.00155276278065191948 0.00021898218135319120
1	0.00531999812925457866 0.99181432107133926657 0.00165018298271342174 0.00058619288417646720 0.00010996480150179109 0.00023151259374121742 0.00028782753727310041
5	0.00068625700715446226 0.00179539349465465507 0.00008358332340004756 0.00040232892634679590 0.00090173192993943266 0.99583747712558667864 0.00029322819291736771
3	0.00894389243248055500 0.09745835206564901210 0.02906245171750421880 0.81719733224636514901 0.02131669144110136249 0.01351869084724907459 0.01250258924964982137
4	0.01941929797488353010 0.00589574200940923884 0.00047447386688987027 0.00011360567698619099 0.95773983931830153349 0.00014071069285456498 0.01621633046067488815
1	0.00316060645692730399 0.97557041665152577359 0.00037868565630802542 0.00150942133901568916 0.00264890306907664347 0.01542856691086728731 0.00130339991627901079
6	0.00077843293659539663 0.00001388394124202759 0.00666736693383541100 0.00008821895272748169 0.00030943814477213898 0.00091180883344026608 0.99123085025738755238
1	0.00266427576093769634 0.95258492667247340879 0.02037264750556288390 0.00009397206114669438 0.00923180398348363677 0.01478266625890864439 0.00026970775748666692
4	0.09982590740325446299 0.00403692545302717937 0.00102422207065059603 0.00223828656692971924 0.79044692111191883210 0.03454385357441638188 0.06788388381980309250
1	0.00072980068869017126 0.97037410746009400420 0.00697212408551534622 0.00457252870771731636 0.00161601248188700231 0.01404963196922169762 0.00168579460687550190
0	0.98460239336090782380 0.00862177350990478604 0.00012971179425819526 0.00109008710812762383 0.00196469071785896092 0.00122002487184559106 0.00237131863709692412
5	0.00108738541539113030 0.00193596725553139100 0.00004888155549323838 0.00011426766774473022 0.00008020902235291725 0.99657521936916582117 0.00015806971432096557
2	0.00044765306498966589 0.00078260909563277641 0.99694265115312108438 0.00015447544727406718 0.00059941100912926624 0.00093266492140334125 0.00014053530844926047
2	0.00002077005944462580 0.00000854282091215131 0.99965650044297338361 0.00000814749853165227 0.00005749298462421701 0.00024729170728238935 0.00000125448623069876
1	0.01326682359584343759 0.97448643413837177096 0.00384995223830756359 0.00054227514348745461 0.00256139724177530679 0.00472184610106458989 0.00057127154114880723
1	0.00707686860846194494 0.93944325395809957779 0.01419134926674738006 0.01271194085450157510 0.01138313729287943055 0.01233781934186273244 0.00285563067744633563
3	0.02882842093106077752 0.05804477572204110730 0.00116414980084925536 0.90479765930200262147 0.00440278668792075042 0.00137004700811438427 0.00139216054801077124
5	0.00918864318067036216 0.00242626241198889937 0.00783723649382794124 0.02857428524707648215 0.06162678630982615369 0.88735937426995192823 0.00298741208665792091
1	0.02666674933426506355 0.88755027599676561412 0.00918178871176773999 0.00254865809790914442 0.01816983085155112615 0.04300930028169970554 0.01287339672604162141
5	0.00011836629505219449 0.00025803799386667442 0.00004582684034714666 0.00002271729103710728 0.00000627829700572335 0.99953598416907674107 0.00001278911361351967
1	0.00891654325535065108 0.74946337414122743414 0.00881335588589732960 0.09524838890470861685 0.00370893994743264630 0.12902103361847147567 0.00482836424691159873
0	0.97349751718548527268 0.00692485681152286373 0.00061954886921755973 0.00401105996485647247 0.00363603212805657357 0.00180893284338140212 0.00950205219748008305
2	0.00040864898567896072 0.00124007111944132199 0.99135673074219832213 0.00055357935437099425 0.00214954278968727775 0.00276520496530813882 0.00152622204331460129
3	0.00310161098232374435 0.07366586276472988914 0.00103991380385254307 0.91316233200256125002 0.00138627696525023790 0.00642958624496776151 0.00121441723631454559
1	0.03270695247766107483 0.84101578445342817236 0.03702588949040201693 0.04483025149479163279 0.00186867805836259267 0.02920684136340218062 0.01334560266195311540
1	0.01927862614605076880 0.97219061572550025119 0.00093698558338194116 0.00023114606482909909 0.00435287037122622945 0.00052412953804806836 0.00248562657096364908
1	0.00031665669430437686 0.99121442325273101392 0.00080699506228391850 0.00387000617813555367 0.00218257755363041256 0.00144824719788317420 0.00016109406103240653
4	0.44684682996443086944 0.00108156982158430482 0.00218107200228952278 0.00013779067035707507 0.50515599473760364191 0.00012171426989590714 0.04447502853383872995
1	0.10680512103677823610 0.69200540144419153687 0.03900360112609838059 0.02007790494730993941 0.01438882531673796837 0.10147040806352997100 0.02624873806535401102
4	0.00005570662704921947 0.00645858929965569418 0.00499342958050343674 0.00945880013128945485 0.96994831317790064507 0.00195306836762720393 0.00713209281597350364
6	0.00013807283879793174 0.00939735437563149478 0.00088148982517787173 0.00309518973752190675 0.04403935732952254933 0.00086384074570126099 0.94158469514764775443
1	0.15465935725206056417 0.49592582305842519697 0.10941288468895571384 0.16336627185594121414 0.02644316220438429343 0.02566000502761149604 0.02453249591262151794
5	0.00119650955860243612 0.00183852749909718216 0.00026520260090251695 0.00005837588925095331 0.00010549292794788432 0.99634364409735765022 0.00019224742684177958
4	0.02791962627924055723 0.15758689442127885028 0.02866095290674500889 0.04526438356582003497 0.67965340886105851670 0.02367698794297360548 0.03723774602288361379
3	0.00868010869932447394 0.03158268326837038870 0.00542833936409231870 0.94021689339792136053 0.00614358737088120232 0.00408768306454785485 0.00386070483486278086
3	0.00164775546726244823 0.01709497590757267857 0.00010775350916890090 0.98078541388114404143 0.00002417460248684228 0.00006473726805464833 0.00027518936431021997
0	0.98737312693938328323 0.00106475180396747946 0.00032486315829205107 0.00129882803997178687 0.00805222756454254326 0.00125694718261679301 0.00062925531122612550
3	0.00132839492482218790 0.01085509486650043653 0.00126586706396464624 0.98244492221724055714 0.00165224007523546794 0.00119159297650724052 0.00126188787573001580
1	0.00426459286476403143 0.90355243316881839188 0.00564580031067480302 0.01861698271959721582 0.05874701718205928291 0.00242083908109468797 0.00675233467299081631
1	0.00038388114671853731 0.97723270335158141098 0.00527342615121195735 0.01225425559051387427 0.00266191300003297071 0.00212082609735563714 0.00007299466258458675
1	0.01563752437152470323 0.88231212980130913071 0.00478847901722658561 0.07020984980648366236 0.01588173446972248812 0.00530289113471144654 0.00586739139902172496
3	0.01362091132047580505 0.02981839297112254608 0.01723605157562794685 0.85670271510597106879 0.02686168284435265508 0.00704072980364750956 0.04871951637880295172
0	0.87897034055177247769 0.03382591010128514764 0.03058031463035462000 0.04196028970943231629 0.00906667001304069763 0.00193687478885195695 0.00365960020526260319
0	0.90399976573572382588 0.04700364647422456549 0.00009784933363663736 0.01112275399872412855 0.03066412608379209814 0.00173756260933072455 0.00537429576456805759
3	0.00644453559172561679 0.06580344259995045408 0.03244059448144520630 0.82558814055180818059 0.02943268636633840363 0.01661524369116673672 0.02367535671756538368
4	0.06641356741921347617 0.02522376048196280432 0.01033486659629528383 0.00783461770114528798 0.79349500011777085451 0.07965932162828183449 0.01703886605533047952
0	0.86269661089532934106 0.06213586841339380218 0.00723654933269935775 0.02944088014579629084 0.01060316354028478791 0.00866888602569482018 0.01921804164680154803
3	0.00246503147331925869 0.00321157773064667876 0.00024385732193742246 0.99336361540465778486 0.00028707430389582041 0.00014134808714918442 0.00028749567839332754
1	0.00000878039760427275 0.99938533455427780439 0.00024388609031804324 0.00009423953965116818 0.00006247513868577252 0.00015291333791832558 0.00005237094154557901
6	0.01443392427945978593 0.00753180692934234380 0.00165997918699770097 0.00634150126290821195 0.01665357332725325712 0.00435464700182418545 0.94902456801221457550
1	0.00054138532288211169 0.97972385724508004312 0.00239672335782321411 0.00021422955519726614 0.00062896146814256045 0.01621689343129755628 0.00027794961957748311
5	0.00800997454106397271 0.00246415021085337818 0.01439145476069025355 0.00080635959095213519 0.00270015642281091041 0.97000550722259526459 0.00162239725103410174
4	0.00000052831269486673 0.00000148649836095219 0.00000832074953465632 0.00000025695173765057 0.99995857857584380390 0.00000129822584107012 0.00002953068598733440
6	0.00122526391273125438 0.01117338628892727316 0.00044210820087811089 0.00126123998051613589 0.06890213265790724739 0.00271926423315704607 0.91427660472588279106
2	0.00024222854290788533 0.00031675022817420699 0.99644221683997358241 0.00028091362615609229 0.00102160391551742733 0.00050557013304371797 0.00119071671422880010
1	0.00027980760971191748 0.98533302691691670994 0.00103708235644433145 0.00742933591837053459 0.00241442471948407527 0.00266610054339705329 0.00084022193567702603
2	0.00067301070171473009 0.01118909752428470621 0.96106158035171429521 0.00544792629379753889 0.00081247086866679185 0.01993960411700535298 0.00087631014281630397
1	0.00995748555762230279 0.85235546962309083341 0.00716403051748858415 0.04994930395295164166 0.02816302445746686825 0.03628173328743301146 0.01612895260394714772
6	0.00682875300328052073 0.00028387492205181038 0.00001357189904896794 0.00003533213510067780 0.00108871254619678044 0.00030131600266985228 0.99144843949165140096
6	0.04673306728158717338 0.00004638095392746918 0.00026479810064035316 0.00004119396190080067 0.00168413103214766274 0.00013582493223108301 0.95109460373756526952
1	0.00000428119745782485 0.99986768724192764957 0.00009124189261755247 0.00002245422470495105 0.00000371354015080723 0.00000958344172310714 0.00000103846141926248
2	0.00089454731944616818 0.00085507764005090517 0.98642348619147735000 0.00024477908525191516 0.00888753950549412038 0.00214068592283178562 0.00055388433544754348
1	0.00009469426565436423 0.99756424265735821333 0.00038854011681705933 0.00124412041350353570 0.00011679872216312898 0.00058790119884682360 0.00000370262565763256
2	0.00034951265604353851 0.00461430009163016699 0.98653767504438050207 0.00011203099040104420 0.00024889329533750503 0.00797866696078995859 0.00015892096141742330
3	0.14896016252988653061 0.00057018633374523791 0.00003672010349383391 0.84594486886430075856 0.00045493169728070274 0.00372364372466782705 0.00030948674662513139
3	0.00364790732838336015 0.00236705018684714831 0.00212747338494202699 0.98485294563462877360 0.00327899540485182203 0.00252589023206363722 0.00119973782828374908
3	0.01578469759719010324 0.01552404540737722764 0.00369581984174472116 0.96318475015074012102 0.00053181031984974225 0.00046348375117572361 0.00081539293192214976
3	0.01391508723158248889 0.03317954905353792672 0.00711814366624658520 0.94125100158394081618 0.00145474521361077806 0.00126767516459032814 0.00181379808649100916
1	0.00068170813155636015 0.99016547019948220054 0.00058116532206334628 0.00013234939969432183 0.00726437140714026285 0.00106075640997023326 0.00011417913009290305
6	0.03543122532631978044 0.03819019792731979251 0.00520975441653484181 0.06372684121778518507 0.01253608695419283943 0.01774419534499148757 0.82716169881285606102
1	0.02150883235614706873 0.78249945810703647187 0.02238886883697697311 0.12094392503983464326 0.02544100963855485537 0.01985239894824916002 0.00736550707320120755
0	0.57614563771458637831 0.14976442251924143578 0.00247217996275576586 0.26365301785808969992 0.00385979612391191109 0.00207422900574008844 0.00203071681567481210
5	0.00893543724445969995 0.01943628828240994560 0.00640397677997273616 0.05076160684806148293 0.00087742373595939380 0.91183799452651614903 0.00174727258262063188
1	0.05668142935425871803 0.75567664772147746799 0.00042489655728333880 0.18566704510577342058 0.00021271121110849137 0.00119533511853751689 0.00014193493156113395
0	0.86537980847276996244 0.01125227948695491087 0.02232730077601577379 0.04029481152966402774 0.05106569918834119592 0.00494673866056805252 0.00473336188568619556
1	0.22403121119099694836 0.57052511083761903166 0.03298461420688185430 0.03171967721302981769 0.06868537875378365187 0.01268122324321335932 0.05937278455447568548
2	0.00167560868309907284 0.01197453645309965245 0.96725773169564255305 0.00169600855843712590 0.00629319549888072809 0.01040768851074719455 0.00069523060009425003
1	0.00144702227528785052 0.97364855968224850447 0.00625341731678609979 0.01425791314896543600 0.00048334585524903244 0.00280595546193869103 0.00110378625952427842
0	0.83734320890977909091 0.01989413845290421978 0.06533152285442227203 0.01053317036534847165 0.05401844080706046103 0.00375656249744596221 0.00912295611303950635
1	0.00410344374186795945 0.97400127712532935664 0.00527953256740941110 0.00427777526935491439 0.00035785962098289084 0.01042568275420632795 0.00155442892084908411
1	0.03178734059922015687 0.95497664998909947975 0.00333061679014488637 0.00046132226178832947 0.00815224673633004049 0.00046835091537710406 0.00082347270804010127
5	0.02187396674944275948 0.00498105082898917060 0.00000834972049197586 0.00399069081864454264 0.00067381446040762610 0.96805266362680719716 0.00041946379521654357
4	0.00056455909847057638 0.00019823295035101312 0.00053928907136757936 0.00051217970979074612 0.99386566014637534039 0.00204834583667530806 0.00227173318696899168
0	0.81474736843265582742 0.08720943738013149649 0.01997415682719722377 0.02811889316861469409 0.02593502806140105324 0.01221260558478932945 0.01180251054521023503
1	0.07315926396783029029 0.51197817822458213666 0.07127810366197678826 0.17254032672844216156 0.07550615782792692576 0.05505771564076700902 0.04048025394847486191
3	0.04695150202594699368 0.15833224357287817297 0.03567164880478070760 0.72065276228625696486 0.02751411128096695885 0.00300730243765126018 0.00787042959151938032
0	0.99498091241625941095 0.00013440495053258127 0.00002219984276537978 0.00002928205350619432 0.00010294186979844014 0.00455828040659064185 0.00017197846054720978
2	0.00076655956192097892 0.00275161943299351806 0.99223348455131332724 0.00064295864169380107 0.00146693218701677338 0.00172707859578994901 0.00041136702927154699
1	0.00014301658685519008 0.99938424620472254833 0.00005351844123694275 0.00023885849705650541 0.00003926983790118986 0.00008940231008693219 0.00005168812213901281
2	0.00000581753126370282 0.00018065301892015531 0.99724650524342683955 0.00000540974219172411 0.00042062308483656151 0.00212306835789274721 0.00001792302146912676
2	0.00007058763309376699 0.00015983425386200870 0.99648867992232259549 0.00026083997600889774 0.00013146790693140863 0.00276538949749515015 0.00012320081028700119
0	0.93412544626948934567 0.00434553750519590248 0.00745384059557742222 0.01604698023588875533 0.01612737319072089434 0.00134475337023223633 0.02055606883289515588
1	0.00064321200420113401 0.98258303923483769626 0.00112465663127139424 0.00963803719294791840 0.00259450248771609087 0.00317891145044053511 0.00023764099858508277
6	0.09173400404269568820 0.00033081347187977647 0.00052084058521440402 0.00141884143359721185 0.04406306359900548364 0.00025012339927015241 0.86168231346833734641
3	0.00644750105686837938 0.00137355493455462632 0.00516457471059031132 0.98620514335601383582 0.00036402710264932806 0.00020917404812991169 0.00023602479119347363
5	0.00522719771366906335 0.00785949329827598936 0.01710796041903087789 0.00076985138305405614 0.00595711409559460201 0.96165755920995277251 0.00142082388042251884
2	0.00446322366426954616 0.00039968052288107917 0.94839952839144470165 0.00026859105757741489 0.00116470575314359419 0.04524028483953222712 0.00006398577115151945
