6	0.27630427473431329322 0.07627753550707148944 0.01489976792826290704 0.14576330898734057850 0.03594756714778484658 0.12804125978944860820 0.32276628590577832734
1	0.00946959625038599519 0.87491703778274032555 0.00304093619448892512 0.10504613857935410359 0.00208374004098149700 0.00345071575746503257 0.00199183539458374368
2	0.00064137587420027783 0.00250103126082339491 0.99261198621701196565 0.00200940638101610889 0.00050211383977005384 0.00144661374899014423 0.00028747267818830834
3	0.00971629674054102881 0.03518446689416974971 0.00023151908168062295 0.95395998963180050900 0.00002685069988133490 0.00066437059448635203 0.00021650635744063944
0	0.95498532991887030708 0.00027136305138205345 0.00037328240303657710 0.00470672071234979738 0.01891722939587585015 0.00006658560497417954 0.02067948891351118965
0	0.86656783755722666118 0.00294459281588602172 0.00022632202710815718 0.00079247766905712544 0.07393130560668675910 0.00814218123434342321 0.04739528308969175041
4	0.01010088318415054871 0.32402191688426595917 0.00181405817299547419 0.11753809462151464105 0.45754695498678105148 0.00027856982766904630 0.08869952232262261205
2	0.00145525180045845545 0.01409542927941624321 0.97431583297471691107 0.00692759853079516399 0.00105416495816979938 0.00166012092640033227 0.00049160153004517977
3	0.01726345962683144275 0.32250655378797205008 0.00408693412321529601 0.63088846498859429968 0.01364553201302756182 0.00252803383631523826 0.00908102162404392232
5	0.01026082436503321371 0.10794626420041295023 0.31657301755388578268 0.01588811230683249975 0.19778198054737863854 0.33890843066116765891 0.01264137036528951465
0	0.61283007978308268182 0.07302702469637278870 0.00881498257014657650 0.08499567682686920422 0.04237504558816769518 0.14929954645516688161 0.02865764408019395165
3	0.03258500812910469085 0.00135233252540386162 0.02111636475409552072 0.91203857301418778114 0.01247911039586683569 0.00929177762377140018 0.01113683355756991782
2	0.00045072960487535838 0.00562261265601476153 0.98403429539884901267 0.00133353312044467705 0.00117774135892358047 0.00733477123139844849 0.00004631662949508050
1	0.00931943476071377293 0.98450790099991203341 0.00024227157730859230 0.00315198236651439805 0.00040219299129893866 0.00212586089975781798 0.00025035640449379152
5	0.04868648922816302266 0.07743928483815037955 0.24065370301401031727 0.00382530168455889842 0.24261077555618962287 0.35339066883500969141 0.03339377684391810902
1	0.17582289338426182468 0.34534599268440280273 0.19596601181292289118 0.11619445657454141596 0.06104648642700866851 0.04077743917432446324 0.06484671994253821126
4	0.04496946330341434345 0.13210895929535826365 0.02883018553103483539 0.00202288478302223296 0.54613691881611359236 0.12434391759913150655 0.12158767067192503830
2	0.00282935997706978103 0.00139033189137248848 0.97806040414712747122 0.00035776049181185268 0.00112687218746195385 0.01330196800814541051 0.00293330329701112658
3	0.01246227976226048709 0.18294807625865622258 0.01311857728038502875 0.66912425229695826623 0.06110718365703581706 0.00179235730126256552 0.05944727344344092473
1	0.00009538647069345463 0.98514138823720431848 0.00066081826639989951 0.01223412926998193768 0.00010239950098030435 0.00032631685332342375 0.00143956140141579493
1	0.00059032704386845930 0.98393122202767202555 0.00367078443427002084 0.00875909556229646606 0.00013462229720977647 0.00201701897104321261 0.00089692966364121835
1	0.00005396415522120346 0.99723643276174145367 0.00046640772453773331 0.00078847361942343793 0.00003543682874077252 0.00133684962689632628 0.00008243528343831803
3	0.32200144994399015896 0.17476682643789703819 0.00431602742387749566 0.44763526464075636957 0.03731188389321954402 0.00540603561687244896 0.00856251204338658901
1	0.01450826367811616953 0.88571693202561652125 0.02105056613486405021 0.01056426612108024750 0.02668251274271179335 0.02884588787877968158 0.01263157141883260691
1	0.00004744881867665045 0.85727482224392426158 0.00068260856231619667 0.14115487527675088519 0.00019960290088987250 0.00003423479030499033 0.00060640740713615855
4	0.00380581043089059509 0.01066063260815288717 0.00343692643476160766 0.00071337738538786524 0.95632948753020008414 0.02466886565587415869 0.00038489995473191529
3	0.09993280135033064115 0.00782714616774146665 0.00829300436950682410 0.87602027099673074328 0.00071182929500236550 0.00322060807547924809 0.00399433974520851161
5	0.09530098000978116934 0.05855460948594202325 0.00290933930525829601 0.00139910888409318997 0.18009329611455349163 0.39747765718930866408 0.26426500901106353414
1	0.07062917845767410774 0.89603188429132918369 0.00383390690316744468 0.00126980078865973709 0.01323948309477349962 0.01319212342614564312 0.00180362303825021969
6	0.00106882842201038168 0.19896240704264578358 0.04041137827209353994 0.00033128043217189933 0.00436207084375976693 0.01722680492626679424 0.73763723006105175184
3	0.04269126582269935216 0.00460045801827875783 0.00329421609024837083 0.91988896881182002918 0.02464286199452422194 0.00004002244148296343 0.00484220682094648001
3	0.34303909529953185986 0.06733747727471470212 0.03799081177405119053 0.48270134394185565396 0.00974800212404171480 0.03655029785383786395 0.02263297173196696099
1	0.02210871338641735157 0.78235881642707905126 0.01365137099046021332 0.03998077876269491571 0.10959932375506808988 0.01705302215449360295 0.01524797452378623061
0	0.61633152444788741331 0.03648917308531261783 0.04376168745140043836 0.11716147637433610429 0.03358254966141983877 0.02722476073561972201 0.12544882824402395216
1	0.01001459517198558490 0.50405456667518466762 0.01927131957500800852 0.05271623972729011509 0.02276154413319852673 0.36686278991750254086 0.02431894479982999249
4	0.00697470512075522384 0.05622553720127222016 0.00992129079118510802 0.00178170100116226290 0.88834830219229854453 0.03357321700669026188 0.00317524668663602240
1	0.00061550318058403481 0.93783382535613235564 0.05628137935865044211 0.00070073430032857836 0.00020032982353368839 0.00275563332129024523 0.00161259465948023146
6	0.00322195501326661988 0.00011514141762579727 0.00121943241214373266 0.00026393269813475729 0.00008181527163312101 0.00079056679561178992 0.99430715639158406827
3	0.00471572520669791620 0.00061520526263146168 0.00281377678025282506 0.99126679456566690885 0.00003638409047939094 0.00032903895076062716 0.00022307514351075223
3	0.00954259355108667134 0.26619869134692791812 0.00689434397458232439 0.69228126194603145649 0.00933862417273849041 0.00398055705982419770 0.01176392794880851828
0	0.99975296245251621396 0.00006196768850419488 0.00000385065224050249 0.00010781677778340468 0.00004924471515460479 0.00001661521127735680 0.00000754250252366331
1	0.00750634154862454654 0.67811925821491891853 0.18029110164040235142 0.05184157187301436515 0.05232044088383144831 0.02957760573702156864 0.00034368010218697710
2	0.00236186519841106394 0.00836241593015813432 0.95346994646967775378 0.00710029156290441481 0.00398821266188496837 0.02246514291954790007 0.00225212525741621183
4	0.00306679541802911022 0.01283909796371472851 0.00321568389641745805 0.06098973631738727891 0.89765385561305544027 0.00155664270418841549 0.02067818808720717910
1	0.02852976341184152581 0.65757265071316162164 0.14074516688757923721 0.01628932960181440556 0.00307663662347547285 0.14909160873514462620 0.00469484402698332279
1	0.00854760679009165802 0.71049606770989193194 0.03408963516100268348 0.00780029286518974570 0.06126479305344592619 0.15272427470317392895 0.02507732971720439547
5	0.00029541309346911999 0.04863162736113331441 0.00060427548116661234 0.00002427739935703088 0.00362015241396827607 0.94677370173475838833 0.00005055251614704788
4	0.00004158204568157749 0.00018547703034134445 0.00003298992459727960 0.00013333953861268365 0.99909260189030812960 0.00000749665777686672 0.00050651291268254280
2	0.00133553526419679823 0.01539848408656119445 0.97535352289547083693 0.00011980239179778607 0.00590222030598340757 0.00141798927806815436 0.00047244577792138664
0	0.88701674151694542836 0.00500485737772714354 0.00206831575857729369 0.09803478854383783359 0.00146221424998823160 0.00357385941730791476 0.00283922313561616900
1	0.00548343177839872957 0.84027183068046029657 0.11847269485712108583 0.02181475007955740314 0.00406031337427614509 0.00715302907054607331 0.00274395015964142269
2	0.00037843630035259951 0.13368393403062875380 0.63718791452080147941 0.00012823927112358928 0.00016402039459564364 0.22707092140856632856 0.00138653407393115008
1	0.07775618371079871805 0.46879662841029628995 0.01492353020473128830 0.21415080846719866670 0.05056202649535342791 0.05715393314253745805 0.11665688956908450147
1	0.00301820207625427481 0.45098531315561268817 0.24185187362139959344 0.10899291548999162638 0.04678512642970590607 0.11716679761796817971 0.03119977160906700978
1	0.00019275101970460412 0.99655884792574722653 0.00007533125654066789 0.00295059338103201675 0.00006784887515813359 0.00014785272434886170 0.00000677481746683497
0	0.87720904266835986185 0.06962282623500250234 0.01729814756304539139 0.00961444563300411538 0.00844413291724362483 0.00358621149270228106 0.01422519349064216114
4	0.03676454472948072205 0.33503164170836252644 0.15083596127571499701 0.03033910896384762329 0.42767557798124317125 0.01359282910330188686 0.00576033623804915809
4	0.11856929792410762781 0.29189604353688336502 0.19362772501809463743 0.06572099738613911002 0.29920047162564494814 0.01671628551303410218 0.01426917899609615389
4	0.05964471938618785829 0.04326061094020190040 0.00215513500770502398 0.28261532401612238230 0.60482012772947446599 0.00541067568103610966 0.00209340723927256946
3	0.01829940782517537612 0.00082723921008842247 0.00045695814882577677 0.97895326220939327122 0.00011638507785732681 0.00011854582642660793 0.00122820170223323245
5	0.00213120357336561749 0.18340949755848620639 0.03089226785914661599 0.00003743782307826231 0.00250130445463061244 0.78063143181112115698 0.00039685692017151582
4	0.00020282002431435894 0.00053782680449422377 0.00135859016129981250 0.01851668548714930848 0.97880260081276326822 0.00007821751056901874 0.00050325919941041390
1	0.34117665583956624520 0.43025363056990229005 0.10357061637951188449 0.00644740839580727667 0.10715946142375372407 0.00726555554545710129 0.00412667184600081643
6	0.00038029466448340356 0.01110980466005137904 0.00039843162295869627 0.00212714594667743956 0.00006976354183427655 0.00192653549302458323 0.98398802407096985778
6	0.02991488543685318080 0.06032199811212728136 0.00685316295060735704 0.00169964005632920225 0.06515840445387395541 0.00090858221077056269 0.83514332677943869943
5	0.11259235553477822678 0.19942711971163890050 0.05014374354501916625 0.02730006311641715658 0.10839996093777817809 0.29449807283985734996 0.20763868431451112939
6	0.00270525511205105002 0.32410003854354552111 0.19918434713280627757 0.00236061027361955363 0.09018619695826292360 0.01221089965050495621 0.36925265232920956304
0	0.69470951254766499794 0.06627429727066669329 0.00455916438712086151 0.22096861133803086252 0.00199677278521600459 0.00471392635045780970 0.00677771532084279170
5	0.00026339122198972459 0.04444312770620716113 0.00903015375824680472 0.00091864627444218324 0.00425758246530718795 0.94093512993553796164 0.00015196863826917069
4	0.17753419699011427357 0.00314550711544320065 0.01073210345406977982 0.00006754489435832626 0.48368200456782872720 0.29114555555025667388 0.03369308742792902212
3	0.04447979500023167831 0.28221627552474304323 0.01279062570667267688 0.49005888702308253446 0.00917776082887805655 0.15773598164707786085 0.00354067426931396062
2	0.04887720952968868660 0.01244890125881788906 0.91083260956109723949 0.00647564602260656749 0.00856746718867920816 0.00845149210747556459 0.00434667433163495650
3	0.09908820967049991602 0.12307433707059892147 0.00113401771982140297 0.75677264192010562649 0.00344911315127177697 0.01439327050361835503 0.00208840996408429314
1	0.13124326820342110955 0.86066325658617348626 0.00085733532775054727 0.00170492919728028563 0.00020776244097417282 0.00499043470778247778 0.00033301353661805886
1	0.00191164201610646628 0.95123077045722104206 0.00812717962277217758 0.00840162377583535645 0.00674410357515848376 0.01711073024255149039 0.00647395031035444442
4	0.00976112997155004908 0.11938686473249375541 0.03378929640513418653 0.19943176425556732867 0.38018461855146579165 0.05171970598109307954 0.20572662010269671118
6	0.00279700582516814429 0.02172634505870826155 0.06722146655111718716 0.01135983405720217970 0.16888079608862949232 0.05942247620806846015 0.66859207621110638975
1	0.01828734466714834403 0.72841353834742916806 0.08777136671541423130 0.02783177252989291889 0.07371212026749494883 0.03600227149126124238 0.02798158598135968428
3	0.00362818127462574301 0.00704241524533828506 0.00294789924593876276 0.90149607271143272769 0.03156089884380533506 0.00436651862162977175 0.04895801405722933347
1	0.00001470961194679910 0.99937835942186692417 0.00014522083716889773 0.00028866232211295710 0.00002375620098370157 0.00014562311369277351 0.00000366849222716230
1	0.00171778230721675827 0.99341363602060217541 0.00024246906418216041 0.00131485901627276139 0.00005306912800844183 0.00284324395996788434 0.00041494050375074309
2	0.00267824815423112249 0.00322335220126601608 0.98884835150884131671 0.00137921340211475622 0.00042599005027867690 0.00056531258788816230 0.00287953209538005213
2	0.00084173852140913643 0.00407369748088096811 0.97875375975528300376 0.00163415077626209780 0.00853802098177604968 0.00369727975017498846 0.00246135273421524501
1	0.00832026044692381166 0.60420462507099115257 0.00607385076032396654 0.37819220198687003576 0.00087176991365998133 0.00159510535435275318 0.00074218646687752843
1	0.11521785729149291999 0.52415982287425899599 0.05629465006924862930 0.14331384240214811721 0.03323421404390667494 0.08014687197961177512 0.04763274133933227683
0	0.58261937780887829152 0.00781490401039117849 0.00189513160026655845 0.25962326730245538497 0.12145931145608850066 0.00125122677549944204 0.02533678104642074144
4	0.01128938725992320070 0.09050945671615416577 0.00381124642094235900 0.02923356239221976821 0.71375613058839382230 0.00438870250941091923 0.14701151411295529381
2	0.01322668868918405911 0.01575818358748668283 0.86177727004223214635 0.02005048396661560442 0.03589918156814004419 0.03778075383652809704 0.01550743830981288034
3	0.00215558212483028507 0.01022914859416505957 0.00094259751034425274 0.98339773902216764956 0.00025378986516585501 0.00298284427082555264 0.00003829861250015979
3	0.09471973864321647785 0.16033819215654268597 0.02088430441141385374 0.35926881800727678007 0.15676505507743287993 0.18733400767836641543 0.02068988402575031721
1	0.00095205901544187575 0.69305787317381339907 0.28041500648317230215 0.00108367053161059030 0.00219156278265869673 0.02108697581226274403 0.00121285220104044985
1	0.00026787046741178123 0.98676417286847828425 0.01110706496994141347 0.00105940046520584504 0.00015694272400003378 0.00046792557683753369 0.00017662292812670912
2	0.00148076407392706225 0.03644651164529532500 0.95480778948959543762 0.00052387163846178721 0.00029842341524370891 0.00402110619546829605 0.00242153354200793118
1	0.00082291414722287745 0.97466354039732461256 0.01549113447741969421 0.00647287909161050300 0.00196393170582588985 0.00045054258730351665 0.00013505759329168122
5	0.00110522895633759981 0.00602008577323917115 0.01918113729668348769 0.00004963242381002316 0.01323777980318451529 0.95289523051232161155 0.00751090523442345982
5	0.00284993026194294658 0.00071922140338211182 0.00067928688493832116 0.00024538859980952678 0.00325060037656031871 0.99200219574810499790 0.00025337672526177510
4	0.01855892976184898846 0.13688591386203280420 0.00365879448280605635 0.01545665626375225359 0.62572287856624719815 0.03818456554313703899 0.16153226152017591266
3	0.03122800552056397005 0.22839337357112021731 0.00485016764313675984 0.72580008069584789343 0.00036351722421338819 0.00290142836930882154 0.00646342697580883779
1	0.19945708601068079524 0.41477475083121456700 0.03937561767522962386 0.04541450134208613321 0.07440455170415395669 0.12965102946754100688 0.09692246296909411141
3	0.12347953658351304429 0.15528599987210467415 0.16647712795312377687 0.41173892826164815162 0.05737088442752479728 0.08063195008952291076 0.00501557281256249238
1	0.00808262282283166850 0.89116281941196817673 0.00141162858619504352 0.09778807912167193639 0.00082662479532670822 0.00043460002540736468 0.00029362523659826577
3	0.00173563660734997135 0.03423172914218142182 0.12042947912259739651 0.79437766413715904523 0.00475652740376005228 0.02091658710445275585 0.02355237648250018204
1	0.11757072258437678558 0.44272273489482488751 0.00685890060146837014 0.02134980404016963151 0.29535127850382630887 0.11071050819569097645 0.00543605117964311626
1	0.00503938657903955662 0.79020545031804201308 0.03205518653236398563 0.05825544190035024383 0.00595955723454798508 0.10142680692058726744 0.00705817051506827265
3	0.03749348980306466128 0.02555255232047512828 0.00306635685002498801 0.92544891435373566324 0.00467547122942525272 0.00126495455387040309 0.00249826088940406860
2	0.00004386606406111460 0.29309038457822889079 0.59225059684861836029 0.00192664590296720410 0.00037583009601124947 0.11228287060816832810 0.00002980590194535451
2	0.03209686734807681158 0.01380068365950723637 0.89633116982489779989 0.01656763456997726452 0.01629416199640795065 0.01786313408940615882 0.00704634851172686316
2	0.00306507291159687856 0.00039330261349308017 0.98841188678371227905 0.00007145621518494358 0.00220355386590405074 0.00140625403134337908 0.00444847357876459494
0	0.94830008028737644565 0.00842002329973582167 0.00212147252858993713 0.00919297155007465540 0.01517882407060772848 0.01323464386388443180 0.00355198439973094431
4	0.16829105749570585915 0.07833796631290312895 0.01184751533037128879 0.02337118534202029668 0.59457767701803077021 0.04059391919969824319 0.08298067930127039915
5	0.07845562616773586739 0.19028086369072863548 0.04438138606509867135 0.00360144319084670581 0.03778016000746425157 0.55670986513046782918 0.08879065574765812596
1	0.09828505044947741243 0.85207245797895114769 0.00166021563886160255 0.00980119639484560400 0.00173602598382679432 0.03010674188755597946 0.00633831166648153328
6	0.09331260968195422001 0.19362830735159011764 0.01680311289727038151 0.02733274124968685520 0.06878891596327701974 0.00548916208938508322 0.59464515076683654993
5	0.00059645469552427864 0.00438018117843113133 0.00255143966427309483 0.00741103916284809559 0.00996484027078575405 0.97352939074453259671 0.00156665428360515629
4	0.01662970671630129016 0.07458995583385111261 0.01273198577240409503 0.01734598900227211568 0.77400942933354899278 0.00193194442346328256 0.10276098891815882430
2	0.00117833816997593103 0.00062365376301258427 0.96626562880200950190 0.00004386204313418821 0.00230861373374362331 0.02878151157836159393 0.00079839190976283198
3	0.08559148946514734402 0.19983375724226018488 0.00854494840011530560 0.64817250283717731119 0.02775269202407164987 0.01828512332785538902 0.01181948670337269053
3	0.00014514743466748965 0.00145374338837161521 0.00120366862261038661 0.99268711541961518474 0.00111205513056562713 0.00005137004543162376 0.00334689995873713652
3	0.01503813287559079351 0.35145850145230489447 0.00340737703127538729 0.56876500516255745765 0.02566514890964941356 0.02025665704920814880 0.01540917751941354129
6	0.18333123119699948345 0.27680895020683909946 0.00290848218054944345 0.03019718533066093405 0.16935039517858008207 0.01898803950017793896 0.31841571640619298345
1	0.00001523619711201231 0.99989306518848053429 0.00001893240532356163 0.00002223116193505355 0.00002377314254028512 0.00000546062610280002 0.00002130127850716310
2	0.00316828176751221503 0.00221046786785599912 0.87560032186192104930 0.00003701798082111815 0.00001042999138595403 0.11895871086213598289 0.00001476966836805628
2	0.07983386550863239006 0.09647110137916110884 0.43046463648243005196 0.03643309130026702730 0.26000801107598664474 0.09222340364266229384 0.00456589061086079898
1	0.00100716498877703796 0.99762919272550931726 0.00014965561419599647 0.00018727114144039840 0.00001137749778736078 0.00099421863224480908 0.00002111940004577390
2	0.03019839262456595549 0.17981659930726687224 0.44533770523549032205 0.16880756016043127477 0.10634833989455741432 0.04908364991497036339 0.02040775286271756181
1	0.08213536097110323009 0.36758448775549118492 0.09336653962994669043 0.32285672412730787029 0.07489760213110513432 0.01414358345287157481 0.04501570193217415555
5	0.02025331777362503541 0.01217479450476798702 0.01870953991342699449 0.04116948709110974935 0.00119896443617740307 0.90617845213396297499 0.00031544414693000881
3	0.01549616252393172869 0.20170010298322785247 0.03859353024372377122 0.33758371040541729213 0.30909052810173259784 0.02322434783496314659 0.07431161790700349656
0	0.48196649377830896865 0.01069053546140924862 0.02521205527283304146 0.02904361798554794954 0.26213474898251098999 0.01651617535158339187 0.17443637316780641333
2	0.05132144701175500590 0.26840123911147817370 0.27247957272069300849 0.04873699808195803423 0.25659395464632545059 0.07664883430992971980 0.02581795411786045116
1	0.06262973366920981944 0.91307568302162345208 0.00126393291106996334 0.01682782329405737784 0.00180287181952912007 0.00317682391514525651 0.00122313136936520912
5	0.12776084402757112435 0.24100846362183811489 0.02091236737437625337 0.00471760931885590890 0.13487614729505859046 0.46915558961004422134 0.00156897875225620671
1	0.00222507981566722000 0.88599437526286273226 0.00047512822263230122 0.00013015978711819752 0.00003973502960798821 0.11093938785116266854 0.00019613403094814757
6	0.03596898884864312834 0.00083380555607089361 0.00676362573150488412 0.00032513791577001134 0.00066404074753275723 0.00311162806109057831 0.95233277313938757835
0	0.77842233689260675877 0.08860290904853852789 0.02163622246051271833 0.08849051280610556458 0.00279168568541336834 0.01893357543969317533 0.00112275766713004657
1	0.00067158236421686684 0.99666749020981049156 0.00013403858921770439 0.00172288199817614168 0.00036405400050674319 0.00011635828669005998 0.00032359455138259536
1	0.11011158233931647721 0.31721399182003950923 0.07143754746915853548 0.23532539989375095280 0.20389293515376344379 0.04182654498676788984 0.02019199833720390289
0	0.87733148618921541484 0.03828088292994571984 0.01332642052694525507 0.01572500608095590141 0.00713218869348445240 0.04286478755762120063 0.00533922802183199683
4	0.02024467153036432071 0.07733630299993239643 0.00399070605765533548 0.00424940175629421636 0.80605292406511186432 0.07541456125804110733 0.01271143233260125550
6	0.00709894095930503968 0.18259700960548286286 0.10400879520538906797 0.09764246820758536172 0.16768295754111400830 0.00778187715107497759 0.43318795133004850406
1	0.04452065144025674909 0.76459969529690785528 0.00552650672310461746 0.04446287274237892967 0.04840812184118385708 0.03671515181068773365 0.05576700014548116591
4	0.11526471582583752706 0.07930936391333456847 0.00620448132364135110 0.00178895633783875238 0.69715345542038631432 0.05864709318451358233 0.04163193399444813092
3	0.00023722664582588986 0.00085265289116576702 0.00087317196524273454 0.99800039656996142323 0.00000245908102136979 0.00003019881482079989 0.00000389403196321920
0	0.92709615881961149331 0.00140518838023806253 0.00170491012138634717 0.00074496648331575039 0.00682935879850449148 0.00085127283624750704 0.06136814456069632912
6	0.07533471751177374387 0.01381902054435646225 0.00150800001528086426 0.03304603827912360597 0.31479311348265276438 0.11638363813934428370 0.44511547202746792884
3	0.00072228446912880352 0.00008576556673835071 0.00081522877621152397 0.99833134315911986612 0.00000835631729287646 0.00002220864549444484 0.00001481306601500595
0	0.69252187821165367421 0.10788526190786433545 0.00383637266864219175 0.02240266434335614829 0.05090290546899459145 0.07065016801047252493 0.05180074938901663845
0	0.95642976892920417153 0.01363404109852984179 0.00230164302246405441 0.00031463937841811707 0.00264733070484774249 0.00230130605991280945 0.02237127080662328071
6	0.22564625178165151342 0.07801160587628212795 0.00424741318965863451 0.00303099196132200618 0.02352790207308335518 0.00918236806094908584 0.65635346705705333026
1	0.00025048675821783673 0.99326934754112050641 0.00335942801394893123 0.00037081644411657299 0.00002784258956555294 0.00250415439134887494 0.00021792426168356648
1	0.01080507290839724348 0.96364455181175767695 0.00146775168643349164 0.01212589891355238085 0.01028841330359772308 0.00068811186336995489 0.00098019951289145279
1	0.06272688478759948227 0.70130439593968585399 0.01158332503070480350 0.17979234057205814579 0.00320692982142629143 0.04026625330002743530 0.00111987054849802502
2	0.07128244212279119529 0.23647480725708783234 0.30428935761750408595 0.02511090929472642105 0.27514589870858119358 0.01633739173414218079 0.07135919326516725059
3	0.01018247500353156032 0.03953016173256230364 0.00032011956757256431 0.93628668121086067178 0.00340802578247930863 0.00576730177178431166 0.00450523493120986648
0	0.98278972468139247365 0.00087002694343336678 0.00038893353028669238 0.00100749384838938688 0.01207394384854199899 0.00016229668202962197 0.00270758046592657880
0	0.44902413690139780789 0.09432128428052767577 0.01070968933597433656 0.10700748442410468186 0.32598027034464749363 0.01171871586385359390 0.00123841884949464935
0	0.42259645760409764170 0.10724981541256879691 0.26745268804859612111 0.01421804492143994257 0.12788086866869277647 0.03358427229770676037 0.02701785304689797648
1	0.00299872157353704184 0.34749901237550695487 0.14819707463045109219 0.16314188955235223166 0.01858850626597730732 0.31121951277384607426 0.00835528282832928397
1	0.03116315612164129514 0.35339933605865164745 0.04806378315506820709 0.21202544279202981126 0.19085933416009065455 0.12065057641455899373 0.04383837129795928322
1	0.17563065596826710202 0.71037877736577548227 0.00159341928534789136 0.02730678123663191070 0.05998166007667041916 0.00327710012142467871 0.02183160594588249431
2	0.00004909108038830823 0.00003046706320877362 0.98932635424298809301 0.00000465082364925780 0.00054176913170324195 0.00996759823953813524 0.00008006941852578965
5	0.01766842551638371506 0.00962797880797537121 0.00183639809488708142 0.00025488220334949610 0.00209425519213786958 0.96811070428560874745 0.00040735589965764063
6	0.04329131645867701633 0.03319316240351913305 0.12159277748573815714 0.00277784791417755262 0.01110449972380256160 0.03169543093149938817 0.75634496508258608483
5	0.05698735826540295146 0.01202912700265959360 0.02053584094435095819 0.03831893285055456427 0.09690109380386274784 0.76602557046865615842 0.00920207666451302447
2	0.00028969513558116302 0.03410410537300666289 0.67945770253627191249 0.00786269637085965263 0.20501738500127175691 0.03801903329525401637 0.03524938228775459370
1	0.00035854347295337830 0.99325001753983488406 0.00322783588142826639 0.00060350616893434055 0.00013639549211732577 0.00237393211914798709 0.00004976932558367804
2	0.01168158580230470485 0.00476995993991182442 0.95547515275990324568 0.01853437424003001599 0.00524213243926403925 0.00247226007468101701 0.00182453474390509946
4	0.00709625166595765060 0.03325552115262462444 0.01630990153126331971 0.17272993381025894544 0.65887410399660173432 0.05588333789385278166 0.05585094994944069663
5	0.08583770819462162305 0.13090881807174137297 0.22013741618635782049 0.02342762778375618790 0.11491886671571033274 0.38409959749194455547 0.04066996555586815248
1	0.02665651616243356822 0.53271733027946333028 0.00233265146134096352 0.00504140457705306005 0.41287527448348643189 0.01527104386584353900 0.00510577917037903593
2	0.00000913383708128220 0.00015732857179846788 0.99952627431891860610 0.00006537779003709189 0.00007692909794071430 0.00003093499240556713 0.00013402139181981624
4	0.13339739804831474146 0.12471871652750234072 0.12999774404365485592 0.17978992279895325557 0.33205936033088068182 0.05669887545109887628 0.04333798279959529681
5	0.06270095682369060397 0.30630871983191837460 0.19687802810825225097 0.01339207852864225667 0.00772495769673295536 0.39664470096459070181 0.01635055804617275774
3	0.07357866338464980061 0.06738088929782901082 0.04465272825895228587 0.79272661454551884841 0.01339448391704206424 0.00569250366573546395 0.00257411693027290341
1	0.03799709069593643074 0.92955496047476082744 0.00363065222379105410 0.01571816696738893848 0.00136210048368366060 0.01135559807830416323 0.00038143107613469745
1	0.00351338587639153524 0.98861471570309944479 0.00007810380998554820 0.00054780195292998730 0.00007386097126914752 0.00666752941532717126 0.00050460227099712279
1	0.09132495199297047117 0.70103778064936272951 0.02460720289160777882 0.00389978157525007691 0.02503943100537139865 0.03735102239707003419 0.11673982948836730822
3	0.00345297345470690778 0.00090697252779318896 0.00134586325017164283 0.99297044161884417957 0.00013385830748311570 0.00018058083103229456 0.00100931000996919758
6	0.23647837528059992285 0.17138224650195374443 0.04419613813513499634 0.10134215134472665532 0.18106499071990680982 0.00758124465423464216 0.25795485336344320393
1	0.01139509438131220374 0.88785870215421913709 0.01626413542877556268 0.05063619965476896800 0.00729818074798999072 0.01921688364763725690 0.00733080398529661805
0	0.91310217955439232362 0.03183810230806687763 0.00562799449491428218 0.01275172997441836702 0.01773119616652681432 0.00164718275812670558 0.01730161474355480095
0	0.66117413292658022694 0.13814482728011870383 0.12881408765493562729 0.06153455370520828638 0.00304213726445452717 0.00278898904782821011 0.00450127212087440658
3	0.03456372952131127330 0.03004401575821011999 0.00016375290578910057 0.92127072293585821061 0.00858664048491077601 0.00451491923909755778 0.00085621915482276048
3	0.00012561296810227043 0.01721584548270569878 0.00008698941334979294 0.98207852263999106945 0.00010410347017388480 0.00028614493763708657 0.00010278108804016711
3	0.19326526600005150547 0.28228736664882936314 0.00960729655706004347 0.44773381108565052378 0.01855232020726582318 0.04241906323022830855 0.00613487627091437952
1	0.00658732491720162051 0.97108996568689032181 0.00021963818746565606 0.01114390684536984907 0.00577654806374519950 0.00322185394377165870 0.00196076235555488546
3	0.01074072848087651022 0.27182171090800200108 0.00136041516008044566 0.65571341706206975886 0.00102299033653604154 0.03388060532443172568 0.02546013272800376134
2	0.00007702669614816554 0.00005396178000522579 0.99753811745681653100 0.00019600653757087665 0.00077026914789986474 0.00029241698767250242 0.00107220139388486640
2	0.00000947000782050019 0.01021517683886479649 0.98943808609668748577 0.00023006321639856600 0.00000329408979895836 0.00009739074688529848 0.00000651900354418094
1	0.02491956721432253552 0.88837323728287809210 0.00432978566384053729 0.04840314359007414496 0.00065696472927204478 0.00038297317983276814 0.03293432833977952279
3	0.02185842977828734990 0.02783536724468159071 0.00507842787291458431 0.93556247926145685856 0.00496522794290042441 0.00037435285247657251 0.00432571504728276619
5	0.00622816949653847481 0.03376037782868100690 0.00400786893594720552 0.00062734003504612225 0.00241380151404353141 0.95219136924412550727 0.00077107294561842669
3	0.00009079970270456607 0.01399841330580981272 0.00047422254338608114 0.98487653850295331370 0.00034382598990563535 0.00002925816589355456 0.00018694178934753692
3	0.03951970693294599990 0.09492686975583021491 0.06697047607381188816 0.59177931318653476112 0.13839309077490130617 0.04880039987125445178 0.01961014340472164511
2	0.01449831885722395811 0.00676801239168321224 0.94676436361675841979 0.02648586722530450049 0.00252787772319361306 0.00093479922180544439 0.00202076096403004451
1	0.00191368994745997733 0.98139365332337313852 0.01081800411890360830 0.00122579920552303399 0.00072890914204314984 0.00091898017526358209 0.00300096408743403403
6	0.04265102238028643800 0.06440245208416123246 0.01570073479693426255 0.08428719391970328212 0.03714003724394775857 0.00493147264934634330 0.75088708692562089464
0	0.98765839660354892704 0.00017927710735258931 0.00221089853315346472 0.00202848268801460131 0.00338435992590189029 0.00321887430188553050 0.00131971084014300376
3	0.02305191916659727128 0.12860356923020779818 0.08827487943120181091 0.68615184337662027403 0.03030132964805278689 0.02002991722879151823 0.02358654191852863069
1	0.00341960809981508435 0.96894949978498023935 0.01445135823644683876 0.00583454707357905673 0.00015986504554409535 0.00590248617218118270 0.00128263558745432419
2	0.17997134802961731181 0.05701996959673281962 0.32445623789439675955 0.32402358221485194623 0.04278292017207420417 0.05642665956794888638 0.01531928252437815552
6	0.22300504839681331570 0.00013629819511994128 0.00017901364001463770 0.00105035559156983825 0.01135592166468476355 0.00172934072809768067 0.76254402178369973253
6	0.14759465769720189754 0.01439592146532263535 0.00146792470697222188 0.00118213570239911539 0.01638320394584144926 0.00668617841991932856 0.81228997806234348733
5	0.00238826832856492638 0.00257450224318287292 0.00174075410480296054 0.00905349281537691508 0.01370325246951487053 0.96335645838794514706 0.00718327165061260001
1	0.00018278754846363782 0.99483026724520917661 0.00021507794137526706 0.00118897725506562327 0.00005280939528485073 0.00350402264753234662 0.00002605796706894220
5	0.08935363329540171873 0.04261353616117365128 0.22756818260664121722 0.12953185828753488451 0.12594273086435900377 0.24732014820998715621 0.13766991057490243766
1	0.00730067892134480829 0.71292559026451118864 0.00405953242049093138 0.03648672453233071239 0.04410293762756461317 0.10250228456289954548 0.09262225167085767763
1	0.03158593327239325038 0.91061549652273598987 0.00303922808763476679 0.02503281978605140581 0.00514314890614607327 0.02310585223908045993 0.00147752118595860927
2	0.00306429684611720992 0.00392135990428653467 0.98881888038196685820 0.00019220214233825743 0.00302389336123326828 0.00081557175464458973 0.00016379560941259347
4	0.09367572446446649492 0.10305602763029929336 0.18178283458478794454 0.02486446356470229865 0.42843198671135090949 0.14737023738220794700 0.02081872566218529938
1	0.00022498942546000849 0.95959648553236331914 0.02984066020722052695 0.00846516046275915847 0.00005423082249365409 0.00096455793682127680 0.00085391561288198855
3	0.00081367602380506268 0.00099872369756940325 0.00018561651177056781 0.95402615458579531627 0.04046137466514052733 0.00298643033392655957 0.00052802418199318656
6	0.15867968252963218778 0.22468420769729613440 0.08979261161833378135 0.01848614364260229084 0.07068380255000497603 0.06091194979741650084 0.37676160216471399345
0	0.35346368210264944576 0.11248335957932049933 0.24067809916176946539 0.13014218013277120689 0.05329745039921471306 0.01105650091510641288 0.09887872770916830700
3	0.08262463939301600835 0.01047892640984153523 0.00279611367005320978 0.88648661791980387648 0.00449718115889825680 0.00442679172937569983 0.00868972971901096035
2	0.00023803892975473247 0.12050859600920871273 0.55199056470997853729 0.00243918770360184844 0.05588622022246073767 0.00185158787920610790 0.26708580454579000651
0	0.63386945663768001769 0.08091551913568539867 0.04457105710327646103 0.05223627608070181144 0.01623049816405964033 0.15326852777518443216 0.01890866510341219359
1	0.09353834564742657953 0.42009075509256982306 0.01559676111238446697 0.07076492845494526673 0.36494424650142281985 0.01355954602351741589 0.02150541716773373552
1	0.00306721659364078041 0.99478848510159589846 0.00020449602743523415 0.00123074895619030840 0.00054330024006497694 0.00012832466898360248 0.00003742841209028236
0	0.49217616587113194315 0.11303461390432269218 0.05219397961236837274 0.02636609185397210953 0.14014799943498959522 0.07955976316437300688 0.09652138615884223172
5	0.00101975163070201400 0.00506199671286729300 0.00547489803849974740 0.00093243503541283836 0.00093027422774254924 0.98099739655873197108 0.00558324779604388657
3	0.00124008358654358638 0.00294911166030573275 0.00037182781020961042 0.99518917626845049273 0.00018020236278335850 0.00001067847634892993 0.00005891983535937206
1	0.01849038533372721407 0.81902185681460737410 0.00036872722304701495 0.04249547321683613821 0.00126738059702231941 0.11775309781859072400 0.00060307899616885016
1	0.00107787516660907425 0.99674048404597526130 0.00009926538158791580 0.00187939784213431095 0.00007464450542840617 0.00012281454443829900 0.00000551851382808978
5	0.16385337840641975293 0.12255912983361945401 0.02877820244801094010 0.03851268527357359917 0.26008237429059966050 0.35007797216953956410 0.03613625757823685225
1	0.00840189481977604916 0.94480651495851242228 0.00252476026099552773 0.00662853087987076792 0.00209748366659808210 0.02973613312218249469 0.00580468229206420119
2	0.00103650248065681309 0.08231434664558782976 0.67541395721090680127 0.01650434706288449530 0.19574744459788814832 0.02667405532928075057 0.00230934667279599415
4	0.02888042545199648661 0.05899875369959980964 0.01819333342182237467 0.01983564606284044310 0.60830239509237082896 0.24006218110780233599 0.02572726516356776960
3	0.15791087106287904351 0.35240908279347776810 0.00031643911761304627 0.46083660103469581415 0.00305500366033923006 0.01413340445120733063 0.01133859787978720203
4	0.01030061815320901589 0.00169040549678910559 0.08383605256554049756 0.00798968826478073033 0.81648039309603992475 0.02485677996333206935 0.05484606246030913901
2	0.00014086879151266183 0.00114591553201896530 0.99132034735173768514 0.00002276961540423656 0.00006902525513086602 0.00665221592224345820 0.00064885753195100372
1	0.21288711808998478370 0.40638686347144881150 0.03605952601955592779 0.04105468598107561012 0.14121654462630739424 0.05754943426098650672 0.10484582755064110471
4	0.01970161331646696698 0.01436619062087253831 0.00149987338082110022 0.00118454118298440703 0.94733120981208218669 0.00416047889668152721 0.01175609279009151749
5	0.00000888134872075689 0.00017392523911769709 0.00016379905857508305 0.00000730920611922203 0.00027108025550707393 0.99931827690987762303 0.00005672798208226953
1	0.03729205211269824571 0.56158688693907787837 0.06788516479779450885 0.07830310315974579882 0.16998084705478364032 0.03666630207456417906 0.04828564386133609582
0	0.71630219794574934156 0.06352071906454054284 0.04352259227064400604 0.02411360663944503088 0.13537093305296449275 0.00580167422606530855 0.01136827680059119237
1	0.02590152529976028767 0.41664454200762079950 0.00468409453517381561 0.06279630192265488187 0.06754028009547273503 0.30721489304029214740 0.11521836309902522277
1	0.11337667201595236222 0.73668282042507671203 0.00337529666966910127 0.12144987996080258696 0.01166497607924192083 0.01045821112098136926 0.00299214372827554280
1	0.00095583334034527996 0.99520373641762660544 0.00169250641971994617 0.00048552803506033521 0.00058509593464138154 0.00084609153943192533 0.00023120831317421857
4	0.05550583579229323439 0.00528962463112017580 0.00096866901934652017 0.29671194239606807352 0.45163311214856499687 0.17295015589599943562 0.01694066011660766771
0	0.91757012037125096349 0.00937685391709321137 0.01826365473488500771 0.03523822191558889649 0.00441727831557814799 0.00220973534673251943 0.01292413539887135067
1	0.00071432428399235590 0.99901013283353778949 0.00009067260428612620 0.00007599136454384785 0.00001011657741251373 0.00009719264190592986 0.00000156969432308079
2	0.00050073547912507651 0.32233143057388763397 0.62675226082368318270 0.00130898794966602589 0.00003897851750661666 0.04859690448179522504 0.00047070217433708452
0	0.58736719801944781150 0.00800762058480677420 0.00104999696584047539 0.00294830219282311802 0.01911033264145464358 0.37660909400758635357 0.00490745558804111647
1	0.10740732533442280683 0.49279417421488241891 0.06932912793971070242 0.21568487698524882457 0.06879614550873371093 0.03687615182797521207 0.00911219818902629826
