6	0.18701151696281628767 0.11930726799295290896 0.02473177694932330445 0.08198208687318153665 0.03050930368691823560 0.15043535052828410636 0.40602269700652354745
1	0.02117409069896698456 0.88744521540639775825 0.00597323302980177617 0.06002411266495193826 0.00248611307837629057 0.01000483766220895340 0.01289239745929655727
2	0.00535907082530959547 0.02205986254971798941 0.92989683297638370263 0.03179621488644679417 0.00278130587108935947 0.00599205428056435313 0.00211465861048731755
3	0.03540724014955356352 0.12477603686848166842 0.00307460081232878912 0.83099220982253030332 0.00029133995303511024 0.00329090157190658171 0.00216767082216361628
0	0.86347147058696793742 0.00101807660179573816 0.00310889396336613312 0.02110309374222182552 0.05984501129648204382 0.00023375726754686085 0.05121969654161937641
0	0.55057599894004072283 0.01672013152298955016 0.00312410537617966019 0.01049201789817448549 0.17708002421786905867 0.04093565273433335400 0.20107206931041310405
4	0.00022621675993832820 0.00384585354372950347 0.00040056090273867884 0.00143256309527773837 0.97904692362430523200 0.00003424241963607744 0.01501363965437481872
2	0.01770947181378936669 0.07547572351596482099 0.85967191674456888695 0.03335053741839177216 0.00413750315637919763 0.00735012475781787744 0.00230472259308779062
1	0.00585401151132394510 0.83427743718989655353 0.00033504557220721229 0.15671153325230038900 0.00153898195598857652 0.00063824934279104373 0.00064474117549256742
1	0.01161603146788433606 0.56301321463712439286 0.07389426369232875158 0.01997238812870275743 0.13808169791778784896 0.16983296703403050198 0.02358943712214134694
0	0.39683696476686342036 0.19636459592335173130 0.01368701260414282618 0.04112235248442015073 0.09197043730531195838 0.22252350321901678831 0.03749513369689297382
3	0.14368290500367919549 0.00572831097229641040 0.06597565114014082577 0.65053778916383231401 0.06780965675826981787 0.02176783823767896794 0.04449784872410243730
2	0.00419892053075620469 0.01973306842254098775 0.87279525443531236206 0.01560739003138706879 0.00169510389259215199 0.08564509376494298942 0.00032516892246790325
1	0.01065741687636183668 0.97591935196003398723 0.00049344509035866230 0.00666831121151648717 0.00030652486467394005 0.00491357345188346648 0.00104137654517168156
4	0.06092995616959476918 0.24237467489477443339 0.12429200823573535728 0.00659548452943371603 0.28217864308116152872 0.20257765051626305808 0.08105158257303721192
0	0.27085089056617667191 0.20870542139880657317 0.17062249715964375452 0.17286101574843895645 0.04415569712210512532 0.04113695717626638521 0.09166752082856254036
4	0.03246383783345760388 0.13563499990217714464 0.01535581514277238428 0.00158832097392491408 0.66206293368999313831 0.05163933678198041888 0.10125475567569437729
2	0.00279921658676604481 0.00509484185745772995 0.97031434533029947698 0.00051136194808827499 0.00065008657862739472 0.01833285374640904880 0.00229729395235231176
3	0.05506777389996297956 0.28822178340649523554 0.03502614924803476582 0.36025610192484192051 0.10623984494591290351 0.00570272259660198864 0.14948562397815032265
1	0.00008186958018988597 0.99577147209007832451 0.00022315641220031592 0.00327382429639039730 0.00010263546228582294 0.00015550256774776158 0.00039153959111016824
1	0.00260672677187593965 0.95682412631917623802 0.01708495390326179517 0.01093791243548284005 0.00033245228466850693 0.01015735953829367474 0.00205646874724256089
1	0.00051519802516280405 0.99159719353141428932 0.00112864184375865463 0.00135284221212104289 0.00008374042919049596 0.00515779071334323928 0.00016459324500965288
2	0.24349751444284495339 0.04424243115300054152 0.31924575155240669799 0.31453762408434976505 0.06709442445793910303 0.00754639285502490230 0.00383586145443395908
1	0.01041117836357668969 0.84606824942788139143 0.03415740221665956866 0.00676405099118258281 0.02653989733543843030 0.04188765526279795287 0.03417156640246261923
1	0.00046141341695243344 0.69854837555667059767 0.00376241391829380909 0.29408989536826585232 0.00056222383135576509 0.00023621618561640999 0.00233946172284543513
4	0.01432095242246757792 0.07180614638932027172 0.02214912204943885604 0.00459767361831971144 0.81294304143855078415 0.07239865566977193856 0.00178440841213155558
3	0.14783436539574151825 0.04604564921919213766 0.02918781183126389553 0.73437748948913683655 0.00153825719176927181 0.01502958274991753919 0.02598684412297863969
4	0.00725325433941151777 0.01253832853166226939 0.00159195402432187895 0.00044158427952339382 0.70918893694233375857 0.09658338990487465303 0.17240255197787249242
1	0.10850474430398668324 0.83083163106793322950 0.00485099806251160053 0.00350831438130185230 0.01573717837272145884 0.03177520206557581106 0.00479193174596949205
1	0.00281214498980506163 0.63589083811760527265 0.01261738377617102787 0.00043477724305928338 0.00641502430900483655 0.01388789532992991578 0.32794193623442463581
3	0.13021338535629997657 0.02671757493626379654 0.00709686961262024490 0.62948106173351836556 0.17993615728875639315 0.00029867632140219284 0.02625627475113905332
0	0.51285714360023071379 0.04083409891777657619 0.07340213482573074155 0.21855674154674908927 0.03342611034526140473 0.07791664653908046689 0.04300712422517079941
1	0.03561964302156338941 0.45225724279820267437 0.01954629301177720699 0.18064657889854765505 0.21918208327040039629 0.05972998113217602850 0.03301817786733301369
0	0.63193959442715574859 0.01950845580919599240 0.02725742178957807002 0.24376855867519547916 0.03272063838787506174 0.02447023476202799322 0.02033509614897165835
1	0.00286834288762473225 0.84558461221627012616 0.00429346732743123970 0.00788899356848038469 0.00799049681227187274 0.12754649671114859366 0.00382759047677314361
4	0.00880099440841058782 0.07345788157547065989 0.01102035618887971767 0.00251774780688238499 0.87151483903749527027 0.02739424528566958283 0.00529393569719125053
1	0.00094825681722790034 0.97291569341784933656 0.02250312751085269125 0.00050870988835019612 0.00026044867398904625 0.00156148426292261567 0.00130227942880796975
6	0.00660245765267270489 0.00067567228890156163 0.00176118164751716002 0.00047972310150935760 0.00020496944026378777 0.00189714493786253928 0.98837885093127253455
3	0.01904927294961118733 0.00189552586873607603 0.00434884227902630066 0.97150556865600168344 0.00046924768239777842 0.00107338805344689122 0.00165815451077964905
3	0.04466973478208990933 0.22063125569514790980 0.01861513441537450755 0.65161567122112507011 0.01704617976583104252 0.01314048524697168825 0.03428153887346013090
0	0.99581502608669847376 0.00090483340917371386 0.00024784743230252390 0.00154088970890065491 0.00104217721233747598 0.00036747431912280171 0.00008175183146462383
1	0.00356228730055539126 0.84990614648914764029 0.07330262385025823613 0.01454602900990934269 0.01479664392749956668 0.04341426974212773959 0.00047199968050305578
2	0.05936279818345160941 0.17628913295511677850 0.43132704537373905973 0.08379994912987612232 0.01367096608136235576 0.21916523282920652438 0.01638487544724718387
4	0.00510559951564214156 0.04904058383459497517 0.00618592891543784731 0.10999937594616256142 0.75841407929403970023 0.00847837585297657112 0.06277605664114564721
1	0.00401336563097810968 0.95585875825872113065 0.01201065195132071384 0.00376827067301588976 0.00109616722673041905 0.02262367449374315387 0.00062911176549124799
3	0.00357915704653153028 0.24988139568348369246 0.00474437618049600076 0.70762521614441398210 0.00395000926376496211 0.02240783688583810815 0.00781200879547095696
5	0.00088604301878095497 0.08455186877285873759 0.00277800768845036300 0.00004736817977199712 0.00262685142189201084 0.90897234163093054704 0.00013751928731525195
4	0.00030483341673532801 0.00146309446954792904 0.00026649785106492592 0.00220471358750389326 0.99263802672129541893 0.00003785611850287240 0.00308497783535088051
2	0.01085885204611270610 0.22789966253326990331 0.71677933522258041599 0.00087763727008935714 0.03515993732470112931 0.00542681697104329015 0.00299775863220344031
0	0.72772952745644259309 0.01664877475183788522 0.00280050403005140981 0.24279650123096960246 0.00201010585419637323 0.00502688399274903077 0.00298770268375319692
1	0.01859621204463824534 0.83109417079944203355 0.08066472299440810567 0.03764593898793995586 0.01183814378131011272 0.01410272046230281670 0.00605809092995865384
1	0.00197344941735393044 0.55743064001912567829 0.15143712918551049951 0.00057855382595282251 0.00147521603606110951 0.27781761187395026536 0.00928739964204641430
1	0.00933594604791685573 0.90772273822831217593 0.00149010239806540777 0.05044699038837190119 0.01059091923619309532 0.01202057216763603546 0.00839273153350416842
1	0.00410318100131349187 0.76295596085012418186 0.10896137261953507680 0.03068149179805304549 0.00946508119731421897 0.06861246286855011978 0.01522044966511152536
1	0.00211036578070117938 0.99212389883752238884 0.00083215581994185899 0.00353376772233858060 0.00057084108916666222 0.00075978334337650658 0.00006918740695335735
0	0.82756708370968590227 0.04705009253616206782 0.04375106761867731536 0.04796596626904414684 0.01531062345815018683 0.00459722792314132354 0.01375793848513899229
1	0.09233717277260614087 0.48384986474494767750 0.10474284686773091546 0.05309361386266086419 0.22260721592201609953 0.03064603381290977382 0.01272325201712797005
1	0.02448978957738998791 0.87404456770311989011 0.03318055836812592446 0.01277540716411580853 0.04491410361193408363 0.00779590366806533295 0.00279966990724869139
3	0.13804004084293158838 0.04371329577703866182 0.00415779304552838826 0.51519061251912867672 0.26881039343787310747 0.01365645893458070949 0.01643140544291911073
3	0.00062215057615297280 0.00013935061843379701 0.00004339031651518514 0.99914824721985850964 0.00000329920596256770 0.00000626729553023524 0.00003729476754678735
1	0.00910070832654349786 0.50899533029001597928 0.02647315101438552087 0.00015822883040382581 0.00803517627000626192 0.44436464468074049483 0.00287276058790470346
4	0.00000367412529901765 0.00002688618846630106 0.00002761152612245684 0.00014459542807893923 0.99965952670310176398 0.00000824935625081881 0.00012945667268153386
1	0.12037586026634643221 0.80708147872584146132 0.03255038728939606968 0.00486867555019858747 0.03006025983150167891 0.00320541950409376081 0.00185791883262186692
1	0.00221904661617381002 0.84463592144791121985 0.00078716159491304719 0.00973982018400849914 0.00076287293612995193 0.00864306386029175915 0.13321211336057101060
6	0.08103411115175858381 0.05215686869475735787 0.00698462934703239068 0.00172493705697020390 0.02258936786577832312 0.00159668646322582287 0.83391339942047737477
1	0.05301625531175145623 0.48696701450121460120 0.02660759307895486925 0.03034958415418209307 0.09508768854389094971 0.08450660766514937750 0.22346525674485648305
1	0.00618639678876846746 0.63294064583636011623 0.09522208150261995963 0.00496176141088692114 0.11739210918113300586 0.01756950392881350201 0.12572750135141771977
0	0.40105147167427568355 0.25929352217611634224 0.02710669248697707839 0.27988492039142431889 0.00827706170231549444 0.00471410127593628429 0.01967223029295482595
5	0.00092500677307887807 0.08505744460428804610 0.01175165364054295628 0.00075108345035257288 0.00841262748639230035 0.89201461694912853595 0.00108756709621670735
0	0.41340416109097100072 0.02141488415336018428 0.00937074848716466444 0.00082899737046689354 0.39975671303628834696 0.09939381094712147757 0.05583068491462746946
1	0.15323892635957719888 0.42817318299685702687 0.01962259858442832669 0.29880821807033075554 0.01411104517216841756 0.08401173707995945872 0.00203429173667855900
2	0.00144363988247912301 0.00013293216611717066 0.99667906726318011845 0.00020661330457033531 0.00076081318958637399 0.00073514970212900093 0.00004178449193820224
3	0.39922260082314092733 0.09556575958534092863 0.00603792283821685382 0.46135151553412429015 0.01079299805782505360 0.01853684939565357001 0.00849235376569817436
1	0.12104648204183103555 0.87035742301997010006 0.00178443026253338028 0.00123824324722724343 0.00031946782878933467 0.00493263974821623197 0.00032131385143339606
1	0.00733565238917143186 0.92371761867360036025 0.00391507729106906673 0.01228340606766219548 0.01629410248260611607 0.01900533337947160617 0.01744880971641819822
4	0.02710213097568907326 0.13045152658025496728 0.05197559927444612982 0.10857457924362358404 0.52983389227808364019 0.02959764095917239227 0.12246463068873057745
6	0.00024265321094297105 0.00008323060954463226 0.00033015474226128177 0.00007729381216344122 0.00373053700662918323 0.00043061410099289120 0.99510551651746625978
1	0.03386123484682031920 0.66567840096434005570 0.08524009247565043912 0.05131962663140170189 0.06541947777681593468 0.07367583300479028929 0.02480533430018126359
3	0.01684336521967944381 0.03892786041990368290 0.01046722371823263775 0.79597253812051216304 0.05290340339195850894 0.00972189441753736582 0.07516371471217653255
1	0.00045886404124771582 0.99647964595809523924 0.00065678440193312490 0.00141951302499089852 0.00009433242040576469 0.00087617706370703358 0.00001468308962083979
1	0.00467281766380792021 0.97050025338694045907 0.00067834550379022775 0.00543918103910087311 0.00027125445596780839 0.01520842918938806673 0.00322971876100332407
2	0.02115348832261019704 0.00624521773202499700 0.94379304653428253147 0.01008687572150459080 0.00223905481405425833 0.00283671306798404920 0.01364560380753997160
2	0.00006785375656552745 0.00012437125834253068 0.99731845653175965616 0.00007399629330751727 0.00138147317358305096 0.00096950991124856707 0.00006433907519369241
3	0.00111695829976468717 0.01681417484156308775 0.00008503428833429249 0.98186859442236762430 0.00001442338666604063 0.00007503689476247631 0.00002577786654173874
6	0.26423152626381485319 0.04532313206661104515 0.01278446205996592103 0.02701460556654142545 0.06569506570353578212 0.02047505753495126174 0.56447615080457991255
3	0.41463870877100805767 0.01190855117925768668 0.00965164207909020161 0.43287737395232572801 0.09412785886619171039 0.00754908686637346601 0.02924677828575314789
4	0.02391791259149085233 0.12500292277850491574 0.01647410909084869729 0.06545661258714050024 0.51316102144801745144 0.01202755305619809638 0.24395986844779932179
2	0.00077557897949467891 0.00103376322044446589 0.98554689964050068429 0.00294131471379179520 0.00329582063442926529 0.00568199815171064378 0.00072462465962923317
3	0.03329017897912316809 0.20930568411362329706 0.01704125863455785081 0.71110364215128540888 0.00235630307279419051 0.02658584606153948163 0.00031708698707688567
1	0.01274175932705129410 0.71287071820278680168 0.01025007310454178165 0.09769355803308264752 0.09002684167490677958 0.07309106332123535554 0.00332598633639602298
1	0.00558565267102689028 0.85517022607047232796 0.08865217968808350446 0.00424529920659302753 0.00729292087156610102 0.03738133670287576565 0.00167238478938285559
1	0.00045609932300806914 0.99315627093912639545 0.00335612337714682237 0.00220500559421614190 0.00013422528031284934 0.00045352434590301512 0.00023875114028714821
2	0.00413806819280693877 0.08652407543085485764 0.88796006807786787007 0.00270990607837012570 0.00040524036320666837 0.00750369003749213823 0.01075895181940065073
1	0.00586730176624467373 0.97101018632047353396 0.01295024875533354325 0.00312106152451264518 0.00482252012691294397 0.00166162243091013610 0.00056705907561209641
5	0.00331865184143087175 0.01259105566334375002 0.02783835533796944275 0.00073768794961576612 0.06211423670095168187 0.86343738123297797404 0.02996263127371035645
5	0.00927741637953951800 0.00637084652860130281 0.00213895921678239256 0.00261170661279459511 0.01211255417502885359 0.96529850176043685561 0.00219001532681678719
4	0.00061584512016354519 0.00575045022102442255 0.00046720252732031340 0.00070176477428721747 0.97275783680909710949 0.00103721665284428328 0.01866968389526236019
3	0.03211795471379903788 0.11584890341480347242 0.01094680768648165388 0.82637610274108586061 0.00095890994740000272 0.00662363361149871221 0.00712768788493112725
1	0.17123709395828409785 0.31618737130703034044 0.04116427820196695564 0.05551138035837085982 0.15648121216081625762 0.15503908285553938406 0.10437958115799227110
0	0.35743319775609105893 0.28511607523889881399 0.03849360456842779166 0.17877500420366948530 0.05497715423331813595 0.08027369706636607039 0.00493126693322854144
1	0.00237986369332724833 0.98836770459317557780 0.00026676532164491488 0.00827243245911177261 0.00027030779554421895 0.00032653419232861675 0.00011639194486757774
3	0.00242594838202541980 0.07654624434088141971 0.13642820247261192024 0.71985402128858333448 0.00834716652674452608 0.01862345861328433549 0.03777495837586915262
1	0.30420729593834072713 0.39765783256712616822 0.00616145930124448963 0.02683246851252249834 0.16477418258201728674 0.08782987447858858765 0.01253688662016021194
1	0.01045064550254964919 0.79368760127538717786 0.02430702667745902532 0.05635240498011709342 0.00347228606137462521 0.10669478303830524923 0.00503525246480646983
3	0.10635081033525155270 0.31268408742004194512 0.00876982020601371759 0.54003724119501184120 0.02020177489689218772 0.00332199067758672320 0.00863427526920163523
2	0.00002747204707876285 0.00474537898031839305 0.95979500070124612598 0.00016859566430583013 0.00012322010164017379 0.03513900142727358067 0.00000133107813804106
2	0.09283507298803464480 0.09911884057772661627 0.62753428190774984685 0.07010821299517312755 0.04556624579734033093 0.04660787264442759620 0.01822947308954792414
2	0.04517137069948858746 0.01554606386209439819 0.83941877797861785826 0.00213943759164240705 0.03368409854605277504 0.01055876779101805850 0.05348148353108565095
0	0.95976958773595721919 0.01324487648790711666 0.00488570262318373250 0.00285660759437483466 0.01278253351188366957 0.00469546311692968163 0.00176522892976368811
3	0.01955586453163407623 0.01389415385178281725 0.00088284403519194184 0.93768274837269793842 0.01365996381038573140 0.00561916748484991846 0.00870525791345772189
5	0.03914432138071562844 0.30765336656250052982 0.01872736907397743941 0.00637543774006926137 0.08855255817597489088 0.41574496895119111839 0.12380197811557133725
1	0.25645167288699066699 0.65971427029412521570 0.00515205644193693097 0.02946638748640579078 0.00260244908330571970 0.03370540101731093335 0.01290776278992484920
1	0.20090013132811690433 0.46410881235371626019 0.01055729468088929292 0.04659905802723794677 0.07111964285421079612 0.01278480184661233247 0.19393025890921652965
5	0.00055047306090617160 0.00208340716227459720 0.00616080584701618212 0.00323014802241932070 0.01166494020139682321 0.97452757945180645827 0.00178264625418067535
4	0.06312691692830757484 0.15502767147586990482 0.02889349116831320397 0.04526373857677618712 0.42297932925315839814 0.00374372830407217281 0.28096512429350239959
2	0.01540758989399313231 0.00419051842270937950 0.83406767786560465083 0.00193230923647115136 0.01310759135479755942 0.12201950790504485778 0.00927480532137977230
1	0.02125134285504506546 0.88322179223470287379 0.00062478005132462371 0.08594910148175080589 0.00507261244120106418 0.00335161204566158293 0.00052875889031384537
3	0.00193165222382742758 0.00394921810453506637 0.00706468494209654130 0.97249570630065973464 0.00513216484636022825 0.00038488619850507612 0.00904168738401604256
1	0.03242574371602516964 0.72634492291601071567 0.00435152695800818893 0.20202579098469192198 0.00925773323355775016 0.01593116267718044585 0.00966311951452554670
1	0.26958618932411476665 0.30610056624740267228 0.00356452246069808611 0.02102819169759430687 0.14706537275571679446 0.00716156939348613821 0.24549358812098745486
1	0.00000716979949135910 0.99990014778001690132 0.00003551934722709308 0.00001476908574334845 0.00002495580826035255 0.00000579850110938876 0.00001163967815294646
5	0.02848530674084522041 0.01999458477134482062 0.40735156915576864467 0.00063980262163789662 0.00015175696100059363 0.54296832400593142420 0.00040865574347170392
4	0.14308665513496193755 0.06781443752373586542 0.15737370287892310516 0.03788521015223748206 0.50545071478865821746 0.06735044156458042108 0.02103883795690288105
1	0.00051884623628852748 0.99922225730367164598 0.00001911896151936327 0.00008917430447002356 0.00000621418105003713 0.00013951046871973842 0.00000487854428014618
0	0.50534803715080789388 0.15600931726501388042 0.06309385953036227013 0.10607307869851385906 0.06885343267889564023 0.01765536672527889817 0.08296690795112779404
1	0.03537191982567343407 0.76049314663824130189 0.01698966536171370167 0.13262737463118826065 0.03480604682405117473 0.00897671562485432423 0.01073513109427813236
5	0.00330203266348468505 0.00075474835044506800 0.00092147517987070833 0.00257720422338282617 0.00006157198895631766 0.99237034836070270316 0.00001261923315746114
4	0.00357136326907016820 0.05912999667305559454 0.01416667498295919557 0.01851097201941220155 0.88402756696348350207 0.00278139243340065796 0.01781203365861830021
4	0.12024495059416627496 0.01241159678357969462 0.00565867636283131151 0.05791774371122216519 0.55222866886659693897 0.01348095513878656143 0.23805740854281698393
1	0.06795219218984416276 0.37509703508622310730 0.17706045740446044179 0.02869883127338850731 0.24143539084674653372 0.09216550262918205005 0.01759059057015566543
1	0.11536062592683342387 0.57828140182336218444 0.00913503310709573059 0.25456016896326022492 0.01370935497455517613 0.02128178908279840242 0.00767162612209493222
4	0.20024184296996722088 0.17721829037799291529 0.02881353494947153440 0.00548060553300126502 0.31274718386612970766 0.26960983588062714666 0.00588870642281029335
1	0.00727285818479517752 0.89683678372527275702 0.00078108872651226169 0.00021987541437048784 0.00010101802827697923 0.09439519054974153389 0.00039318537103092809
6	0.02419606189568587751 0.00225182556604858067 0.00689880201213365421 0.00102271273435331411 0.00162396166275706228 0.00146716684270004755 0.96253946928632161395
0	0.71544958020408588872 0.19131453020563268796 0.00388173436702775321 0.07320134970523831108 0.00348502868593136058 0.01186033535685687181 0.00080744147522707503
1	0.01926903548960355941 0.96812763943355495400 0.00127062823291202061 0.00430499040668470400 0.00452232248762464775 0.00094016080007631227 0.00156522314954395006
1	0.13358290961192206825 0.41507427263942048290 0.05486527765007829377 0.18465327105552697962 0.13321034846373611127 0.05688904250041779825 0.02172487807889841166
0	0.83695906311551593326 0.05473226022004409885 0.03283864406723976254 0.02867606474792361998 0.01512542292555740624 0.02434908599490520631 0.00731945892881379762
4	0.00042959643054209170 0.00171446661327261454 0.00082995241521556734 0.00007338875794079100 0.99347430109831558198 0.00198469258934845690 0.00149360209536470497
6	0.00860283027787826608 0.28541355899261111606 0.15486599885814431032 0.10702718230867508398 0.10632770470629236692 0.00664957871544554716 0.33111314614095255227
1	0.06692237352721813748 0.45579959274230907873 0.03491789193232332916 0.12666638676627836602 0.24437577589496986552 0.01843833059740421915 0.05287964853949701088
4	0.00027192638974469358 0.00078355610583047766 0.00012289680818336308 0.00002455290525907582 0.99680080425437145308 0.00056731852161014259 0.00142894501499993688
3	0.00159028020064496366 0.00190767456355284853 0.00084212420369113587 0.99549646804853075821 0.00001810854867579814 0.00012172259910446086 0.00002362183579992429
0	0.98091251262565826163 0.00055111829764697517 0.00003004584922116939 0.00035003006160420577 0.00101986697003104520 0.00017478829822872594 0.01696163789760938082
6	0.04958411160651664262 0.02258296814466030297 0.00393883277529585504 0.00683548838359136768 0.21417779470261530395 0.06908661484632894201 0.63379418954099175920
3	0.00182028010528936866 0.00438085747702098016 0.00545986395321556434 0.98792463531770280394 0.00012332395497088974 0.00024579782354514280 0.00004524136825484452
0	0.70552040344534672212 0.16957116259178467432 0.00481395495330006612 0.02247071423462260534 0.04454059605354437901 0.02989190696446588844 0.02319126175693559180
0	0.88750973924348752764 0.03648068163915357820 0.00615817261708868739 0.00381560791143378255 0.00912358397522166319 0.00930281894325171201 0.04760939567036283349
6	0.17082109794044472717 0.10053559713432544398 0.00347901531020803961 0.00213582312360820811 0.01540762398128286102 0.00560668440108462885 0.70201415810904599368
1	0.00232845027606460447 0.96856283617784533213 0.01049644657052195909 0.00140490268125668559 0.00009872639580942140 0.01534325064497972339 0.00176538725352151519
1	0.02413140832341345229 0.93254640274597022653 0.00706883476470186213 0.01177736207712384159 0.02037950772232373364 0.00177757978292789401 0.00231890458353941394
1	0.03294624901102308212 0.84927656777934612542 0.00641223107701050215 0.09548405158677217286 0.00226995424524919272 0.01227021038923608795 0.00134073591136271600
1	0.16010309377693174304 0.30737363267195505490 0.28576054562938402182 0.02369048377062309835 0.12867727878276988274 0.03766556808100884890 0.05672939728732710046
3	0.24144943667595727965 0.01584040280918726229 0.00048613587877097733 0.72104565546960741607 0.00516793545451452608 0.00553724959844939957 0.01047318411351334973
0	0.97442780555850416757 0.00132733366325742141 0.00165530891525382637 0.00106127812912532819 0.01602503078116997159 0.00046724717757456590 0.00503599577511479411
0	0.95202319573435623123 0.02449009070755633205 0.00022952299603746929 0.00588176977746124319 0.01442506723626783317 0.00225234492204963574 0.00069800862627140124
2	0.06411395360047564274 0.00969728409289260379 0.90498698381383868572 0.00068051213167614729 0.00995002545577481669 0.00956743619382302742 0.00100380471151897944
2	0.00155455039172521393 0.42782101536342787007 0.44647686157685578801 0.03883198720508322654 0.01074514866400333619 0.06867582102099677177 0.00589461577790745261
1	0.09035248595073673561 0.41812552550690340603 0.03736154942012864105 0.21551591355421892415 0.11208587025180882790 0.09605394490937549379 0.03050471040682783269
1	0.08358268269146046370 0.74477112383180721356 0.00322378437904062348 0.03465572936676247079 0.09889206032291966708 0.00498444927034927526 0.02989017013766037678
2	0.00663974627885503994 0.00331786476633955585 0.87938962576143686611 0.00052022513078778438 0.00722203331881988812 0.10152090085530265928 0.00138960388845757259
5	0.00919851651026585768 0.19734536202067778921 0.00444603697876550744 0.00248126100755937957 0.00304489196995397660 0.78293199090444121069 0.00055194060833644025
6	0.06963952138562402860 0.03771033191704185189 0.11515546727121933612 0.00671321775735390924 0.02766381463450701822 0.02788574968591727224 0.71523189734833658715
5	0.06972283426023878627 0.00886462827170453674 0.01965343040389851484 0.07622524938334628020 0.11870296699555250852 0.68847645077872154928 0.01835443990653750496
2	0.00173604982920037257 0.12056770042504919016 0.64397268253473693989 0.01868295056008576274 0.10128887108711411014 0.08130800728923957832 0.03244373827457410625
1	0.00028117248939527918 0.98794101021958513620 0.00673007374731529433 0.00104466257069355992 0.00012512056096435699 0.00377390715920624233 0.00010405325283807646
2	0.00066720510853851599 0.00064941147841854005 0.99553982122448747560 0.00060982375883334610 0.00200991284105742725 0.00046422787197298172 0.00005959771669154546
3	0.01739430300944254729 0.13351761563820854772 0.03831732924942840568 0.28862389085017298163 0.23139647416823216908 0.19499804084193067544 0.09575234624258470439
5	0.08711617417485882642 0.28585732979694172817 0.05165723318528204350 0.02730780145374586687 0.20381173305805524998 0.30667053398127991359 0.03757919434983649637
1	0.04931009300567652798 0.66099322879547017795 0.00754714769576461750 0.01562463126609955379 0.23260389877896928135 0.02839678392143802493 0.00552421653658152594
2	0.00000158441781986877 0.00001791448780777458 0.99994150281278793013 0.00000809635193266926 0.00001587034142831127 0.00000985243716780985 0.00000517915105497451
4	0.20285407694968327075 0.12548010055028727128 0.07871359046661056957 0.17951898664661042337 0.31379841753002979399 0.05752403463920068016 0.04211079321757790761
5	0.07537884718346855861 0.35135153994157986013 0.09886842951894037057 0.01503477444304992389 0.00765883182891707610 0.42710602971282363161 0.02460154737122083324
3	0.00483981768959783256 0.01173361718759390049 0.00134034115359196477 0.98144228911954267680 0.00043622983610120422 0.00010949161480346172 0.00009821339876839449
1	0.04807013464837151667 0.89264337442228958164 0.02198389322839253493 0.01283155352269489159 0.00302423066048482453 0.02080722007072332430 0.00063959344704359511
1	0.01448764040331731139 0.92820468367421393729 0.00154121356552453588 0.00181321660676268793 0.00181168962436461167 0.04217769310522224979 0.00996386302059464220
1	0.09453880306174257397 0.74154820899661755274 0.02237528582517829198 0.00271859305125186955 0.03291209586221328920 0.02769762116491724518 0.07820939203807963924
3	0.00527086914749717340 0.00123901610796002906 0.00361188103722695757 0.98484525874202666351 0.00109266815784633061 0.00043961211322605037 0.00350069469421644816
4	0.20648594641992742971 0.12920023799686222721 0.05336377385660658057 0.10287365854237344454 0.31131231945521048443 0.01422420902165028381 0.18253985470736974750
1	0.02156164579364020298 0.86891440386561336062 0.00719902170323529975 0.04704198429774601731 0.00929622713720718724 0.03022276382153434374 0.01576395338102379653
0	0.82079331222313411942 0.09192902531583548031 0.01698142250083472735 0.03627093878317608211 0.00865148521188574722 0.01160740632545357448 0.01376640963968052238
2	0.03299642566417317069 0.02114108514175262396 0.93978489609495052814 0.00233504703618857366 0.00111842410374958360 0.00241321615050924497 0.00021090580867635385
3	0.07438945689040821208 0.16318898844291218619 0.00125737181170032801 0.71265437362074424144 0.02957317474630735687 0.01484998217834229868 0.00408665230958488862
3	0.00049942848697960335 0.00890008089338828988 0.00037912261298760579 0.98872940439242795740 0.00031735555237578716 0.00060795157465150555 0.00056665648718943486
0	0.38257100732058574311 0.24101048986176151767 0.03342756182661552056 0.19576519557149688056 0.03218955494465579326 0.08809803993895048979 0.02693815053593418690
1	0.03131804149443226382 0.86522164182580563185 0.00245341389232954163 0.06514480530002002279 0.00826391203669273391 0.00756023329492422781 0.02003795215579621397
1	0.01036520707905801489 0.47734216385866989896 0.00371243361690407406 0.47180216109423805948 0.00144306833717563012 0.02060559007218295061 0.01472937594177134261
2	0.00241549774249044105 0.00286796668732251531 0.91484089717971805999 0.01248883666711014459 0.01972631818526583355 0.00523982743791315438 0.04242065610017969890
2	0.00024649749708459797 0.22073587111772755009 0.76839135131058544648 0.00775201009716764474 0.00010797051068469889 0.00241014004507678460 0.00035615942167346870
1	0.08662922467202160970 0.82050030824154984721 0.01183473091599505402 0.02243235615739130537 0.00167931984426377637 0.00100154274285181350 0.05592251742592662528
3	0.00048598057800940375 0.00023253799702994721 0.00004811746511537444 0.99913681482616478746 0.00002116586350924838 0.00000596604839531859 0.00006941722177639750
5	0.01907537166870893613 0.02024372212168010915 0.00443773232325911371 0.00122616596568636310 0.00160204720242332647 0.95193011285447914904 0.00148484786376301757
3	0.00023371899816171200 0.00625924953435746338 0.00179249213541206971 0.98964665198711565530 0.00129889775402537819 0.00008385661416865362 0.00068513297675656677
3	0.14130403346735295744 0.16568402528585196576 0.04103819777451419432 0.53340427609086948912 0.05959697076978695551 0.04830370676353159393 0.01066878984809291851
2	0.07643948403909515965 0.03894637679388618379 0.72121311901093865249 0.13624453951838189081 0.01351778795996718199 0.00536186983698294303 0.00827682284074783038
1	0.00163791024610817270 0.92127591381502971224 0.00145021175122997696 0.07413303390515664504 0.00017373413467880932 0.00023618090354782822 0.00109301524424963129
6	0.09587815590402706811 0.11647686832787609856 0.01958023103807240289 0.13383290310793663491 0.07084503873888095549 0.01404694137275559404 0.54933986151045133273
0	0.99474202951135659578 0.00037704683745821890 0.00008532606636935182 0.00077169855721659873 0.00202011138021768611 0.00080936831969612654 0.00119441932768556982
3	0.03997423752061814162 0.16495808772068221160 0.10238858883603392524 0.55716251871925004391 0.07224861722630773753 0.02698636351617079293 0.03628158646093727902
1	0.00648865402576595009 0.97256400227511574652 0.00814244424052719754 0.00577614506870240910 0.00024296422034058996 0.00509852001971862912 0.00168727014982888112
3	0.17806108880694329621 0.09596315062330741663 0.16129341811311739829 0.36410756402462035597 0.07631137866669444880 0.10655296313692091958 0.01771043662839620614
6	0.13408035615012009467 0.00063491109000970471 0.00073036256922635379 0.00314317125729813305 0.01384870415213019547 0.00384518976737544677 0.84371730501384012424
4	0.00742468896902970157 0.00227877199426677933 0.00198434964075538392 0.00015748920512425590 0.85625615828600232238 0.00085997140346653087 0.13103857050135464535
5	0.00652121074467108298 0.01185996165187873548 0.02522981970866993578 0.02698568113508079472 0.04004636405091985263 0.87025251928483826624 0.01910444342394139461
1	0.00001188533250949655 0.99960609745832729178 0.00002989917220632671 0.00000882837131589374 0.00000970525135957775 0.00033163819199936930 0.00000194622228131766
0	0.67791883377991768445 0.03445829110401488898 0.01050354157263061645 0.06078711692152130586 0.01996138032228791936 0.02961700521283076176 0.16675383108679697752
1	0.02253103091629114763 0.40435638012545177533 0.01545526067058749370 0.06571338478129533367 0.06226084693260725000 0.19710159895955606246 0.23258149761421118007
1	0.12791173226359653370 0.70460567098375403994 0.00726886031880177256 0.06085877217105194192 0.01347516057715227727 0.08283324526471573523 0.00304655842092792402
2	0.02530708957354713823 0.02384609817654492064 0.92463852423155479254 0.00224255811385820928 0.01843557520656914986 0.00465146676301890407 0.00087868793490619246
2	0.00826953978568774686 0.00710956361783955573 0.88905484186894312426 0.00137309766895213326 0.06012258387106633045 0.03320037007660683881 0.00087000311090403438
1	0.00098881470336181277 0.96957959864083931301 0.02331440504656012713 0.00253469570070542815 0.00031594516463623676 0.00144422382324043991 0.00182231692065590702
3	0.00101763685289941053 0.00456017310774297063 0.00100597466642889989 0.91079756070106099308 0.07135708178567259918 0.01039397304137444460 0.00086759984482079225
1	0.07180479290689138760 0.43808611994352730790 0.06064449734260809327 0.02674271153594327127 0.06588295634529628408 0.05957601533870987565 0.27726290658702384961
0	0.50912840512804413695 0.16256212129094141372 0.13351467493625984728 0.12860824516973021203 0.02987770690511892466 0.00972634890510626696 0.02658249766479936840
3	0.14883961106045368039 0.08464895566652079484 0.02355162886964933672 0.64958360729824826674 0.01602023148370331634 0.04453698738778251454 0.03281897823364221534
2	0.00160768898632071143 0.30706944080774273287 0.31482577632435815307 0.01225181620563361475 0.08754373203378615353 0.00371359545365271704 0.27298795018850585681
0	0.59904848956008394101 0.13942188252856643760 0.03655237082425048800 0.03425604243622441814 0.01821920891551421368 0.13319026823080887256 0.03931173750455178861
4	0.00130172513760609438 0.01000785096381540985 0.00188220701678035326 0.00214506930249083608 0.98258756269168434638 0.00061714747358850019 0.00145843741403454204
1	0.00817998844427359796 0.98756761540985738002 0.00090196638426335023 0.00156703429712722465 0.00122788277116895705 0.00038925457885818714 0.00016625811445147810
0	0.45274333276362893619 0.12416067865940665083 0.04820891699805587155 0.03740139180950573933 0.14769880816136662927 0.08067239922770647054 0.10911447238032997986
5	0.00299053635475748578 0.01519869599616208676 0.00716012462667396828 0.00365228507272044416 0.00097447974930736972 0.96424040185056791863 0.00578347634981076723
3	0.00594639936824514683 0.00347778507209507617 0.00264893995210841414 0.98579451785661842411 0.00151254990713793852 0.00007342300431340717 0.00054638483948252236
1	0.00633774381473156158 0.96985700950504538653 0.00016916863208693510 0.00515868720443819415 0.00103122208683241847 0.01739318877890793855 0.00005297997795718128
1	0.00097907637701546849 0.99634420074754370678 0.00020202733837415050 0.00213453271792842392 0.00014275065619035352 0.00018748976013718981 0.00000992240281056149
5	0.02468211068146855189 0.00330347198812053428 0.00072696449261942710 0.01224332145247214627 0.01232058948052638762 0.94385487674856205498 0.00286866515623111469
1	0.02898493510786180963 0.85123457357048060157 0.00379733843965047828 0.03123746846137598690 0.00554870525107590152 0.06511742085266834790 0.01407955831688620027
2	0.00153236160468988767 0.13936442159116643746 0.65470413794572146493 0.01979752787537712375 0.05726998220674874712 0.12346437289143021021 0.00386719588486609828
4	0.02745899704790004392 0.05435618340974916751 0.00697205083346922033 0.03514589696130784868 0.49790876824690272207 0.33445663289550930930 0.04370147060516163529
3	0.09158575290253349876 0.10954161139550228077 0.00104938682441695769 0.78204443294082137683 0.00148819421896477446 0.01208802929263109657 0.00220259242513016129
4	0.01058533532878359537 0.00402756007999739100 0.16473620326414600834 0.01101116587451690838 0.72845089164240950375 0.02331533466895073861 0.05787350914119631512
2	0.00017211828742982608 0.00921466746311130382 0.97823282322679594447 0.00027528960301260270 0.00019929678300359895 0.01041358291422781954 0.00149222172241836749
1	0.26482582704096940818 0.41871819039667129703 0.01633466605562925236 0.04996645996943299001 0.11280820496170269884 0.06382299378645057975 0.07352365778914374261
4	0.00015449429468915773 0.00045775121685852246 0.00003898534839433779 0.00000648732109833953 0.99803489569398851078 0.00016669478039738154 0.00114069134457448059
5	0.00002237066841928139 0.00060767097814906916 0.00058772678660537817 0.00004170546010268457 0.00049232544933718915 0.99794448799074053635 0.00030371266664571789
1	0.00764979190413275344 0.92589413810183640585 0.00767490660983540050 0.01089722792768209325 0.03076545514742103429 0.01448580575627345275 0.00263267455281903165
0	0.98731313282807886544 0.00466968566047969939 0.00042490780420302365 0.00330077126342157284 0.00224620276239276056 0.00042043780409654712 0.00162486187732732083
1	0.03775606627302729307 0.66341473497635783385 0.00760313435670046701 0.08259996783048585700 0.01844853345422331134 0.14211621717291153533 0.04806134593629418639
1	0.10764543216070339426 0.56534271579723305301 0.01168431740567663774 0.28687965326366238195 0.00833793314402675803 0.01506011898852538736 0.00504982924017216908
1	0.00165266462929474292 0.99155312826623065448 0.00208329568126370320 0.00065507759662123484 0.00084627558810391676 0.00262163631606933401 0.00058792192241691069
4	0.11175218834424073544 0.01126113596727168834 0.00631650633176257786 0.09687341102846666607 0.61862254633522117953 0.14210379638754080944 0.01307041560549644481
0	0.83796630017033624238 0.02359614173688176150 0.04124063485619623021 0.07729518181686398370 0.00523589287929706639 0.00566823201887014638 0.00899761652155491552
1	0.00704527927081484689 0.99185709880538375227 0.00020559820883955660 0.00027254745614662957 0.00005059974538239818 0.00055401907330024250 0.00001485744013173450
1	0.00146676542671525111 0.48956220457280869018 0.44369483322824460059 0.00262883447566046027 0.00014426636050713932 0.05965041937490349333 0.00285267656115914536
0	0.53361556802185128312 0.01526054836703550147 0.00577876783059079208 0.00694375077223294192 0.07058260186217396592 0.35344754230585284649 0.01437122084026262042
1	0.12554663544289679233 0.52762169875686104614 0.04197513195663708785 0.19519665737778604808 0.04951468869061844552 0.04819811254433525871 0.01194707523086499697
