6	0.11824724862083754728 0.12881081345398368021 0.02702846616015115375 0.16135967460091854564 0.03719039486022807789 0.19733071028377313638 0.33003269202010793171
1	0.01159221013814094349 0.88914426451101724602 0.00770813283228036217 0.06891763704538869661 0.00395775924465718420 0.00789181138789261244 0.01078818484062220827
2	0.00384298580254949619 0.03558918250022846674 0.88749871132513846739 0.05713680407833888336 0.00364050617523538171 0.00614975242873455966 0.00614205768977530916
3	0.03458906030867415354 0.13951708025649517397 0.00395594131052953192 0.81550159780981745783 0.00043671623820453278 0.00363778491288633448 0.00236181916339283033
0	0.82958961633948946623 0.00168478717762331437 0.00419154668653201699 0.03403789030593576403 0.07657388883191297568 0.00060759156477285716 0.05331467909373358016
0	0.37338456006562636968 0.04807393259777827804 0.00496817372284278497 0.02234229241046669159 0.21764994214874455736 0.10115934314027866248 0.23242175591426270098
4	0.00061661933005084494 0.01804734359384014067 0.00082583497831713261 0.00818628062889665241 0.94143984618890796945 0.00012067545603125075 0.03076339982395617442
2	0.02028415097624192837 0.08842549182043171752 0.82568785874090677712 0.04569974799249626463 0.00510145150056883975 0.01143358137486404948 0.00336771759449073626
1	0.01782727822642390242 0.85139378160815759600 0.00057622428476101096 0.12493877929709057417 0.00330445190270881690 0.00077571265039532908 0.00118377203046225840
1	0.00881536571969592994 0.57750771424149216493 0.07137337271692270613 0.02422203297167658392 0.12562391979502107731 0.17465207613924230157 0.01780551841595006887
1	0.19429513385546046123 0.40117489867448424823 0.01693193244469343856 0.05393435995769305102 0.12539242238894526826 0.16586190615042972762 0.04240934652829383977
3	0.11419996460547859884 0.00821739511953585751 0.05375110687720569685 0.70983660516231883442 0.05277085195075320589 0.01774334201358017393 0.04348073427112768979
2	0.00712599524456850909 0.03208367028321122694 0.83418837679830881715 0.02366325630378473058 0.00467910185688114304 0.09679297294788942463 0.00146662656535658117
1	0.00510886059940110233 0.98287860208551269814 0.00060017017322307902 0.00448816152317623243 0.00033249751586850586 0.00547946145648022138 0.00111224664633803724
4	0.04185587174711358216 0.29068492398515222153 0.07250257240034986561 0.00626991035353890742 0.30407474304854997804 0.20847384805077973091 0.07613813041451593377
1	0.19183551514052413212 0.21705921970480668293 0.18203472848886284585 0.21638369381007879766 0.05427837409425865373 0.04244961663148089093 0.09595885212998808700
4	0.02788682590442338391 0.18557969879503530275 0.01539481160540785536 0.00291126684135274271 0.58079555793062809244 0.10095356352727238858 0.08647827539588009982
2	0.00559453721041444987 0.01539518916784786938 0.94623166249196677402 0.00152147160738774247 0.00159875958458101722 0.02577683832956604443 0.00388154160823693268
3	0.04956249199365654612 0.30913651412089532267 0.03141674174708998513 0.42128445380414919486 0.09717931111046651527 0.00538690654874357262 0.08603358067499924933
1	0.00017500756072083177 0.99717918755582246604 0.00022204923510287232 0.00194297132054200889 0.00014546407696952276 0.00013906726590427219 0.00019625298493687466
1	0.00173113218828484022 0.96269203247278822833 0.01820928972986508507 0.00826755084315864211 0.00039607966375294456 0.00588249382425831604 0.00282142127789166341
1	0.00089503244339149185 0.98977436404284158122 0.00231135439870382934 0.00187872815184580381 0.00021600636242548974 0.00456899683788020324 0.00035551776291175798
0	0.63613599589132008294 0.03097723062936402413 0.12485975010788995243 0.16726842038497563570 0.03011684120376629387 0.00337724124267714141 0.00726452054000682572
1	0.00525379483620700641 0.87110501706619936080 0.03538957513704818481 0.00906933261028769130 0.02840906626989575523 0.03337272649335625702 0.01740048758700657797
1	0.00049412626773261820 0.62301186124828367152 0.00368852355216150183 0.36705647561693754977 0.00122070556430676309 0.00048345513455108987 0.00404485261602636516
4	0.01766203131430958695 0.09262427229624357883 0.02642013929269435013 0.00749842230929803882 0.74613856260748778748 0.10337365408297957692 0.00628291809698719537
3	0.11592359487150186159 0.04740898490527780534 0.03431247787170277341 0.74558547921012718884 0.00236042820765081920 0.01916435298293013220 0.03524468195080952826
4	0.01416174280441437339 0.03741885968582696342 0.00171526321298594905 0.00143265919041754347 0.46251123019675449699 0.35060254379785538159 0.13215770111174521273
1	0.04035458854566949249 0.87158814032428233443 0.00496383005216193950 0.00606252567891947623 0.01650070308474236788 0.05412517377229871668 0.00640503854192481323
1	0.00338307437093533694 0.64464139219486682464 0.01415601081027213944 0.00063321066525277706 0.01110728234814390737 0.00929634700736813556 0.31678268260316094773
3	0.06352254422561214031 0.03473360253469016945 0.00989816654411617390 0.68686664916625383981 0.18424625569938493652 0.00071085752818792879 0.02002192430175457269
3	0.25763661680544946986 0.06406750466612416706 0.08144682203055139680 0.37793644180848057212 0.05903077384006507472 0.09960231796336900534 0.06027952288596021002
1	0.02576375859609885549 0.47635511147159792511 0.02131970144709265796 0.17777643202995416227 0.20125985993201972457 0.04915183507255137946 0.04837330145068527432
0	0.49115239448805186884 0.02416324223432480059 0.04731940916957869808 0.32939271173298445561 0.04248014026586216518 0.04246505649487723744 0.02302704561432094774
1	0.00281948130648403388 0.76890849425344620638 0.00422542013457753458 0.00737636190703769550 0.00934558831816665811 0.20307155573654087077 0.00425309834374695481
4	0.00566763096470913885 0.07148808025761839435 0.01577940431692186410 0.00319364137946177590 0.87766520424861460548 0.02132926049393823673 0.00487677833873596030
1	0.00085250803945377529 0.97815113925141439211 0.01646930726663299940 0.00064552860811382148 0.00036901556140256988 0.00117789896018551717 0.00233460231279672284
6	0.00810773447223400202 0.00263378601546696098 0.00472116355902717395 0.00119172713918828271 0.00054818058807521407 0.00301963005128728619 0.97977777817472089250
3	0.01749991375553701378 0.00263963531645553711 0.00394293814438613846 0.97113405832874666324 0.00080231274112497358 0.00157533234644063555 0.00240580936730865232
3	0.02493162527337124471 0.24817474925375468398 0.02005199215021378351 0.65827437421318601984 0.01447832399291095785 0.00935862178091840732 0.02473031333564458534
0	0.98882103076747707160 0.00294227626949317058 0.00062052517134270665 0.00437291251793065806 0.00202998022767638623 0.00098580903956895232 0.00022746600651103599
1	0.00482082706572087294 0.81386726847045121058 0.10087460940730949566 0.01391431603538953281 0.01527971467796736434 0.05041006861520205828 0.00083319572795985094
2	0.04698708376419372806 0.16184529344011178154 0.41985715909218573882 0.10991908622025280129 0.01168275460341085432 0.22784305326347703557 0.02186556961636773252
4	0.00486758126407349501 0.11768258910189682842 0.00628523087904263051 0.14005892611103581968 0.63331000882540966490 0.01673311865138496501 0.08106254516715682978
1	0.00717765539461703329 0.95710811961443387208 0.01257152624090069129 0.00237361207423028011 0.00138368722505756436 0.01875136225124179878 0.00063403719951757667
3	0.00729176789423360405 0.20155420463911893902 0.00761422084036045537 0.72894003200053458791 0.00597443042537243972 0.03623340809843367955 0.01239193610194591622
5	0.00007650378760878271 0.03332945362607117601 0.00008184358971233713 0.00000193117831467913 0.00008935697456563508 0.96641861577268506345 0.00000229507104263177
4	0.00035748526670913882 0.00170918022178808251 0.00029327812461828233 0.00200243688958563022 0.99131100316640685666 0.00007984665742544748 0.00424676967346641464
2	0.01102657451941446709 0.25647786356158547294 0.68352343906886081637 0.00160854862719382119 0.03519472454331364075 0.00723802843384919667 0.00493082124578267476
0	0.73751994429471789960 0.02726633860510357943 0.00708875802804002572 0.20190567939018699839 0.00805971341323510719 0.01373078347992079569 0.00442878278879544739
1	0.01982734755797443613 0.79758005506941609397 0.09916009777700723893 0.04433318888334154828 0.01223710389395663359 0.01857188786412044407 0.00829031895418374902
1	0.00182178105467981229 0.73465384136192402043 0.08968515269315054106 0.00086570495106467831 0.00218392070221817098 0.16277808364601109581 0.00801151559095211567
1	0.01138246212536339619 0.91846827930663010875 0.00238875168097775351 0.04414820483614991659 0.01050893746458847998 0.00797239481368945332 0.00513096977260002127
1	0.00797128511147562717 0.72691420568006714920 0.08951429919877146313 0.06309378083658345737 0.02033458470160939488 0.06683747290451524936 0.02533437156697734838
1	0.00299831757592150311 0.98471667672174378882 0.00138961502349853436 0.00804861729705690261 0.00126034282256517983 0.00136189370486983707 0.00022453685434397090
0	0.73551953235241263052 0.08402596014044909356 0.05859103316166725667 0.06353921609849255692 0.02926953187595189229 0.00658263366142496607 0.02247209270960152591
1	0.04389584685828790134 0.53475161791394965061 0.13472783402782345652 0.06023828877890468475 0.18208383704376907009 0.03453493960107063138 0.00976763577619473543
1	0.01485788770525322579 0.89693019862825384969 0.03307212356082112753 0.00744471609333604342 0.04015862634399099129 0.00515807723666754890 0.00237837043167722856
3	0.03671200887261440865 0.04123558893112837243 0.00402319764928594711 0.62526653699498579986 0.25852651969132844911 0.01256587581578317257 0.02167027204487395609
3	0.00108954863071471729 0.00017457422178165859 0.00007567936197940843 0.99859647623125302740 0.00000343603609220280 0.00000927326683685646 0.00005101225134234549
1	0.01225059261972005591 0.68312435967786311330 0.02532356507793811010 0.00027902249971674924 0.00871169077863040778 0.26562435349789431660 0.00468641584823697391
4	0.00000390129404325325 0.00004060275408632392 0.00002142466011372726 0.00022791795721481168 0.99953306514776685265 0.00001215259190888295 0.00016093559486536166
1	0.14895736956692526287 0.77219176793872368325 0.01856104530670377173 0.00436547455015122085 0.05055018428406601178 0.00239573851072245403 0.00297841984270746582
1	0.00366695836340271645 0.90683440632175427165 0.00139802140353104164 0.00738551865676748045 0.00105088897290703969 0.00719586904039823221 0.07246833724123875886
6	0.13936030301616161853 0.13417355757409890615 0.01367883858366981085 0.00596007421806530376 0.04180009616737592054 0.00552976816686561682 0.65949736227376265507
1	0.05883467573477786650 0.60094986501448444116 0.02822528021456266120 0.03892408097262025496 0.07367410010312573643 0.09708293230507837601 0.10230906565535057007
1	0.01236010739791659416 0.50861870954010079959 0.09853235487709612050 0.00781883643046681932 0.12398042032632856924 0.02604079033608192040 0.22264878109200963996
3	0.30671437590678873875 0.30083845787255891757 0.02167140564057338029 0.33437371984973968120 0.00799623863159239397 0.00967425035018716975 0.01873155174855973756
5	0.00124953088463304173 0.14436040497947369432 0.01077192445502674414 0.00105814543478456526 0.01191726400917426411 0.82791096763822369375 0.00273176259868443145
0	0.51947405444260108531 0.01681391634265755677 0.00656783274179794686 0.00115039401495952245 0.35282965646781694335 0.05999258743334017624 0.04317155855682673626
3	0.10571548636579143621 0.33810380974931958376 0.02399359190322665827 0.40727900097328134654 0.01524431810642523297 0.10668655887959581363 0.00297723402235991865
2	0.00222392856818590503 0.00023124211641417937 0.99548817373528153407 0.00028625690068456798 0.00068462577923060247 0.00099872162260853346 0.00008705127759396986
3	0.31967854192893213616 0.08944733575412332216 0.00894226362814760922 0.53135823245810809290 0.01219677340492308047 0.02853378378977858981 0.00984306903598748326
1	0.10405386813711745009 0.88252668902151565344 0.00244373472160811823 0.00220174379560210279 0.00033803412731539512 0.00800591589727174188 0.00043001429956975165
1	0.00624947507936149827 0.92287489058697258493 0.00515993871500711014 0.01279922890637229249 0.02449555154488566519 0.01216610846537053911 0.01625480670203012165
3	0.01118917315678218637 0.40185577731562660553 0.00335910114994453961 0.54643032981709793727 0.03273859503225226564 0.00163177447780167117 0.00279524905049524175
6	0.00034508461522694746 0.00020022484865150043 0.00085883187231514579 0.00028429080778290641 0.00444472176813131680 0.00121664579290990064 0.99265020029498240994
1	0.02723932057060293732 0.63772423225845087380 0.10239992793152549733 0.05981717319079856571 0.07739537194332192505 0.06738335756078216165 0.02804061654451792118
3	0.01657634200965538152 0.03203129181147935933 0.01251288693993234460 0.84456853728301928275 0.03457084778248428053 0.00815721586996396783 0.05158287830346510588
1	0.00037221673545100134 0.99526680119487687115 0.00100522680671015800 0.00185566871201826465 0.00015317912326617589 0.00132123045715488302 0.00002567697052174811
1	0.00195058947153314822 0.97076330036081703856 0.00083788574662768418 0.00544242800176798856 0.00053726355407301410 0.01738946185667372690 0.00307907100850698555
2	0.03422540063088143347 0.02633569544381307234 0.87253711055727101176 0.03209916897796569885 0.00640145328726180688 0.00729555851615912819 0.02110561258664705314
2	0.00015798761936943048 0.00028416203230034862 0.99512283591595451782 0.00018221842018955079 0.00294280097956428795 0.00112118924542908144 0.00018880578719245711
3	0.00279968108999493776 0.02467447068149680039 0.00018491099977620910 0.97214111021065507945 0.00003423880602211818 0.00012062027316029664 0.00004496793889503339
6	0.16288552097944430930 0.05246255882148860572 0.01763672435815163628 0.03762755715026860209 0.04285663373525522291 0.02480122032431311338 0.66172978463107856584
3	0.37819271186110420269 0.00935905444866125431 0.01296636630633384371 0.45674540224904386365 0.11875231780501174783 0.00821843714217345908 0.01576571018767182475
4	0.02966624433469124134 0.17699889466274379424 0.02497328097061439489 0.07228902764062938857 0.55759052868663050440 0.02126385975312792415 0.11721816395156296753
2	0.00036129325878744471 0.00156328252877159664 0.98565421507961004099 0.00283340037281734234 0.00319690768116997906 0.00477371018495222153 0.00161719089389102274
3	0.02677702005489147191 0.12071144917039174083 0.02132748617243868106 0.80010549320292057018 0.00344607924423870251 0.02708038150482167811 0.00055209065029693770
1	0.02022239256543897565 0.71634390502546441137 0.01274768064926251089 0.07758643913942851744 0.09622216889664478301 0.07095275066247441753 0.00592466306128637023
1	0.00701048466119905296 0.84265513371549860544 0.08254740697501732061 0.00684527774700203952 0.00704121568010979571 0.05205372291842719906 0.00184675830274588716
1	0.00066595969568798913 0.98843399530939035635 0.00453676253885756161 0.00454076768321762768 0.00024747126954565557 0.00076000634933763415 0.00081503715396295492
2	0.00641306253339379330 0.15806874906347945231 0.80177880084580466225 0.00464262410056739266 0.00115197490442519321 0.01023045179559992600 0.01771433675672878100
1	0.00478905240165948282 0.97680392214764655279 0.00738973767905885034 0.00417711508590695724 0.00479650944825234151 0.00146098794086582055 0.00058267529661020173
5	0.00659012403831677005 0.03518141733258347420 0.04044308086120384366 0.00182601142729985457 0.19508182493309134120 0.65186016693334680738 0.06901737447415808024
5	0.01049369499969577020 0.01868516981002881286 0.00370113271372578918 0.00667232559148941973 0.03575249226229911675 0.91680671187330931016 0.00788847274945185008
4	0.00044860618464688328 0.00816133362126685198 0.00025452368176414377 0.00098574426521679751 0.97987843037763022735 0.00143577775673949947 0.00883558411273506483
3	0.03500354891262449225 0.17308718838017692065 0.01537043358721274997 0.75516218492296649512 0.00115969879813871877 0.01099923452062878497 0.00921771087825173051
1	0.15345907165263092398 0.33104335102267579138 0.04487251665228134123 0.07466891200683262175 0.16649851056775230584 0.14528496416883043829 0.08417267392899657752
1	0.26651960790866080497 0.31435783961838598133 0.04097748006873465354 0.24319475068498586090 0.05441588445074989344 0.07460823658905268996 0.00592620067943016356
1	0.00893044781436297744 0.69103558482897409210 0.00090287905688143661 0.29750141446420663716 0.00062316494209569968 0.00060947851103942095 0.00039703038243973807
3	0.00275596358307907607 0.03443071825142007825 0.08315372285003579111 0.82166673329770612000 0.00987495466194461546 0.01064264374448564525 0.03747526361132878098
1	0.26734620785609169991 0.44609789112401043720 0.00626794767212665842 0.05197005624605077062 0.13954517491300269527 0.07672249302062922327 0.01205022916808853005
1	0.00897646205949440869 0.78669934224623006003 0.02779440226673328407 0.06523452315455842421 0.00595000207330847845 0.09739620109986595053 0.00794906709980998383
1	0.21695692708974786966 0.38696103971987089176 0.01164523180218719409 0.34940088595381751935 0.02442662647674571919 0.00387266330005264824 0.00673662565757833769
2	0.00004045529197702060 0.00634249117509741965 0.96316330282278839192 0.00026824830456745785 0.00019853488259326078 0.02998118716365324662 0.00000578035932445643
2	0.06541306675009268823 0.10650910812281212670 0.65162942402729995273 0.07715854955573589469 0.04139950490435463648 0.04052737907074064477 0.01736296756896436172
2	0.10351067502346053550 0.05121195677376551292 0.60826169673582375363 0.00726219572178890983 0.08216790753847715012 0.02833106820542365470 0.11925450000126004702
0	0.92712642008701451335 0.02788330911222327776 0.00684355183695937747 0.01038578458247709294 0.01192685549179516892 0.01156940338074318592 0.00426467550878743135
3	0.02876627364589298338 0.01868362653013158972 0.00201547851580400608 0.89690406948290624101 0.02482112869098094740 0.01021105928933653886 0.01859836384494781975
5	0.03062934469044361827 0.31267396634191563232 0.01571567049868672142 0.00724188518922585459 0.11647892433099003850 0.38974494513575819177 0.12751526381297975665
1	0.19210545096461145720 0.67168729598030207928 0.00529615044333267126 0.03116009053971022583 0.00482736704279046903 0.07099246469261538683 0.02393118033663763078
1	0.13676969736532718080 0.48618516062842070946 0.01911676126341669071 0.07563108385354136431 0.06763101117747367941 0.01917478401024183890 0.19549150170157880702
5	0.00159154104255169993 0.00424433904710626916 0.00753858744502876061 0.00775414704046532930 0.01031295227258718222 0.96563637858435269479 0.00292205456790836735
4	0.05198078233272377530 0.18317815966577102871 0.02975980460456465956 0.08834892560629124814 0.44033654659193333103 0.00712451308212549202 0.19927126811659048866
2	0.01130434568505635749 0.00739095701063480475 0.83930574048241202156 0.00277908727166608933 0.02318792483698295034 0.10399300289146372334 0.01203894182178325695
1	0.04973247831136064917 0.75533359427740420777 0.00096158880515641472 0.18420659881414738757 0.00545367694206981210 0.00369639235555708091 0.00061567049430449937
3	0.00147994537384025506 0.00341404668257635829 0.00617577023507572768 0.97817661386219034725 0.00385815207574184953 0.00068022629854029560 0.00621524547203482908
1	0.02320831394497407940 0.66763385891692950125 0.00615387642917067466 0.25487691454238953215 0.00969282675321466759 0.03023463957212843209 0.00819956984119303393
6	0.22561886369127187590 0.25406308341169686615 0.00756922733930806384 0.02511651317825104937 0.19673570547833182931 0.01793967481788903348 0.27295693208325139123
1	0.00001182281036366712 0.99986447359671137836 0.00005799915875680387 0.00001284461322526545 0.00002723896853812834 0.00000753135412763979 0.00001808949827607641
5	0.06937257022584139565 0.05402961065935984325 0.34893636586814669176 0.00187296815654535700 0.00098441236349212078 0.52309250588251199332 0.00171156684410259520
4	0.13111586411907394378 0.08969919617228272468 0.14682571922869244729 0.06315631693658262102 0.47595416110042781943 0.07108788693246170798 0.02216085551047880520
1	0.00069526017407331604 0.99906494017420865994 0.00002837109455589166 0.00005777159250283166 0.00001199308979073851 0.00013684632262839349 0.00000481755224150840
0	0.46876465133262418261 0.11303279852535627614 0.08613103046493190973 0.13255598174259466959 0.06485913764188094843 0.01519909949799233204 0.11945730079461937267
1	0.04224862453648683958 0.54580254852912846175 0.00595762311817694176 0.38936132003160056625 0.01021308867335583848 0.00335025045148122603 0.00306654465977002078
5	0.00254062821237615796 0.00193219309586966856 0.00283278447357921325 0.00535025143324575382 0.00014133238079125056 0.98716870503730136388 0.00003410536683628989
4	0.01072379615239271375 0.22828473910096586108 0.02616035953110817588 0.07048915904645876307 0.62485753487956130492 0.00475880124044751173 0.03472561004906511012
4	0.10019750207322224156 0.02692699913562954933 0.00921073454161941939 0.11915116381524583355 0.46737400989702848619 0.04021038791337584045 0.23692920262387820451
1	0.07165956747506248281 0.30677208116162651974 0.18990446296754576183 0.04349218850652783463 0.28020823437828745739 0.08657679750126086315 0.02138666800968931983
1	0.06481083076465234127 0.61580975615147659497 0.00886093941768821905 0.26258466841183625284 0.01238931200283595845 0.02749645175496649718 0.00804804149654418828
4	0.13144971884621070579 0.21992762904716925410 0.01405350546878549912 0.01231328920830347846 0.41014708488663714769 0.20385122930114757400 0.00825754324174658889
1	0.00956399408358056882 0.90997631602773154658 0.00098511407324042548 0.00033139934871510775 0.00015110922784708646 0.07838767815566534403 0.00060438908322012067
6	0.03542128545349260832 0.00625444514513103823 0.00997185243361999735 0.00256032940855262627 0.00240361083979809048 0.00439342318399861716 0.93899505353540702046
0	0.52836226744483749673 0.31445472573692662133 0.00841347831382321769 0.10980466954295518833 0.00635322206598516997 0.03137342563761733039 0.00123821125785490574
1	0.02352357293034174068 0.95904549995029642062 0.00285560829155860922 0.00602842766308920881 0.00541228220857267392 0.00128487442426885039 0.00184973453187272882
1	0.10853627291607094441 0.36493636298052933853 0.07261459161447673949 0.22103976544100070734 0.13534385042741847727 0.07353285169984703773 0.02399630492065666157
0	0.80903599287481064994 0.06335753919093457809 0.03744944776443247941 0.03538967653613909331 0.01677945655194035615 0.03107415849250972154 0.00691372858923310074
4	0.00052896427291359476 0.00240730704799222610 0.00053123738497371355 0.00011069810636700113 0.99302776130439474045 0.00124990584633762861 0.00214412603702117226
1	0.00736715246660311386 0.27593418778003925285 0.19062442166109122565 0.16138162322837390494 0.11535262176409374901 0.00764067615437013289 0.24169931694542920453
1	0.06413993514867653845 0.42493758651880469968 0.03417924466280721635 0.14438008762242732219 0.25576192153233573423 0.01904348171629919109 0.05755774279864912107
4	0.00068599702694875175 0.00373364257701157493 0.00019537507929474673 0.00009390404036687257 0.98822483061392807357 0.00176301297731998969 0.00530323768513012508
3	0.00091660293249593982 0.00183733654887054381 0.00118220459198250518 0.99589414175524815231 0.00002109476796779993 0.00011282763555545247 0.00003579176787839541
0	0.97408677184262093540 0.00080433694495279863 0.00008620730653074429 0.00061193637968314256 0.00083294794124047695 0.00028990960008972610 0.02328788998488224085
6	0.04744111466169946556 0.05483934783655600859 0.00699342881850981146 0.01373783842197134029 0.24518870602889836219 0.09310380436586788988 0.53869575986649742561
3	0.00259774592937847722 0.00356903356321938573 0.00420437384352543176 0.98934533941173474769 0.00011048868040533773 0.00012990819221840675 0.00004311037951867517
0	0.71432933755122929309 0.19890159705000498569 0.00542745357571013977 0.00880537891689578585 0.03079217874741639605 0.02191067936871219160 0.01983337479003128775
0	0.71774448606925078664 0.10735311748162502943 0.01347388547042260507 0.01064687137155194245 0.03147791742566625334 0.03246594211856865253 0.08683778006291448248
6	0.10612358363014524898 0.23470825447433091293 0.00699712005002809702 0.00654273178136288800 0.03084110390072212701 0.01230416970236525645 0.60248303646104539588
1	0.00185848136301365011 0.97607640854120836238 0.00826063939648616526 0.00187975525789359633 0.00013039313509110253 0.00960446872623792712 0.00218985358006856985
1	0.01344683235463139080 0.92938313501418035045 0.01094315838520884716 0.02159963149728504408 0.01970338520665153650 0.00272557862050890618 0.00219827892153412214
1	0.01908901457450477498 0.85006966040334352996 0.00874549405789264676 0.10394347433729354824 0.00341539151038884907 0.01284848088638909126 0.00188848423018787848
1	0.16753830662129562401 0.29372433910815776148 0.27098650043683902844 0.03441704533636537333 0.13289405555139729986 0.04337087169363353090 0.05706888125231137504
3	0.04100431826785512490 0.00611951427739440470 0.00027560258136819150 0.94514437666901396362 0.00199946773599994848 0.00161947996366241360 0.00383724050470589341
0	0.95054586771513038812 0.00404702550779632853 0.00514866139935833949 0.00516317488977043569 0.02103447776177698805 0.00203216956772283392 0.01202862315844474735
0	0.95445129421006513759 0.02215762928834750720 0.00055939093700422800 0.00896996898598307821 0.01015610128504043815 0.00296592807906522794 0.00073968721449435516
2	0.09429601130545760268 0.03004015255258157824 0.84332218195311536846 0.00125896725258800709 0.01966219783593024448 0.00968796738564087559 0.00173252171468621353
1	0.00158649824998434419 0.48205791083020932408 0.38109519304403127737 0.04878255259759110146 0.00943801932874924893 0.07119638154880167380 0.00584344440063267866
1	0.05193772737079384305 0.39844932924152226539 0.04394353331560230808 0.23792866184148095399 0.12198335920512870523 0.12226995575502754010 0.02348743327044477969
1	0.07898886340638369696 0.72078208787856623552 0.00522985018276406286 0.04784641134280978592 0.10439865726938764301 0.00619433238165597710 0.03655979753843271313
2	0.01484183647045337652 0.00683188271867589403 0.85280102502261179165 0.00109061063754524283 0.01611131256469049491 0.10527993393763188101 0.00304339864839155844
5	0.01634833937998907485 0.40044823263719331319 0.00397916012083186863 0.00285141520198248623 0.00290857372525333028 0.57281064017997229687 0.00065363875477772665
6	0.08181280524717585156 0.07689796063998043107 0.16164791406995826506 0.01049572666910263824 0.02212522253384760496 0.03136804049574392489 0.61565233034419131197
5	0.06692147583570565161 0.01085662256625072319 0.02310841556887100259 0.09561462723990257762 0.09529405797006960943 0.68614161080184998820 0.02206319001735033633
2	0.00073822379874428153 0.07773625350062790540 0.71926549632625236264 0.01178139912677094239 0.12927663957350563062 0.02881085580059919438 0.03239113187349924872
1	0.00030074617338216882 0.98297731971931179284 0.00959950208575511416 0.00161862043736369764 0.00013372877006366117 0.00512168770382962282 0.00024839511029547544
2	0.00070150085210053670 0.00087014291094088042 0.99544662931410710094 0.00068424523571864620 0.00166982483433870238 0.00049495100173664488 0.00013270585105714023
3	0.00965708223175939899 0.13029087379458115237 0.03245851834264155966 0.35088013304931658931 0.25195551751260658602 0.12621750488191818551 0.09854037018717586027
1	0.06926184514233046929 0.35539154367565672921 0.05155942740660632295 0.04312609691479225155 0.21569218854623120607 0.22061640490139014514 0.04435249341299313253
1	0.03450674430780494711 0.54162615389112978015 0.00753174158379246207 0.01637598917307718505 0.37043685966044670455 0.02343125932609676706 0.00609125205765166482
2	0.00000509136655163551 0.00004894739494094500 0.99985135708070849159 0.00001965603654047299 0.00002720369803019656 0.00002002983491701835 0.00002771458831096084
4	0.15240465946590009416 0.13163479793115268057 0.08998004690251647231 0.20853715878256090521 0.32284577265683483960 0.05733324945366050779 0.03726431480737470159
1	0.06070191719161328187 0.39093962051300834570 0.11746355043161105236 0.02050604760037637656 0.01105456230445511778 0.36524511990835989428 0.03408918205057544920
3	0.01348534426564288249 0.01419499307599718894 0.00329281916049848624 0.96803806143856885313 0.00058527909174399561 0.00015048330706145566 0.00025301966048711004
1	0.02076951941423365103 0.92348444625311865153 0.02120986953051002405 0.01415691043518968982 0.00381123812190176494 0.01598255866160391489 0.00058545758344218915
1	0.00914001060070958847 0.90496403508959388784 0.04863981712937244517 0.00016631242384123235 0.00246911098576286202 0.03388056788335275238 0.00074014588736689545
1	0.06184870935869034997 0.73795360408875565472 0.01858814818815354361 0.00356881091584259746 0.06026937480556795318 0.03918190723442330908 0.07858944540856667438
3	0.00608724933147055183 0.00173489560467503441 0.00346716971898885801 0.98226987977552548958 0.00137663919773604719 0.00089199581530912818 0.00417217055629401194
4	0.18184271690753969763 0.13118374693767129169 0.06211398391956435283 0.13036687407658623106 0.26448209797301219792 0.01632035782563320825 0.21369022235999321491
1	0.02808608862029599723 0.82002805117146304603 0.01052183070502627112 0.06137348710753511710 0.02034601726503231303 0.04105635058947333660 0.01858817454117361531
0	0.81401352264425963501 0.10052334846568534987 0.02031075247925065788 0.03464769186747662655 0.00908790385326244468 0.01103137496049185970 0.01038540572957333263
2	0.01217522165219678786 0.01359628581594919498 0.97048237386593394493 0.00115441531936037798 0.00084916043255495210 0.00150361034921931412 0.00023893256478553737
3	0.04767707937734730339 0.17105812617893839667 0.00134836889757715774 0.73446286328043330904 0.02711346670569281248 0.01305116606248883648 0.00528892949752159808
3	0.00042119813368210181 0.01173077595555646266 0.00072516285497207914 0.98421203704329807138 0.00060862797608759284 0.00126556977160973989 0.00103662826479418327
0	0.31585979241522693650 0.24655494983656778274 0.04676400846215812007 0.26988173847989144205 0.03042636307021271899 0.05862123329524231846 0.03189191444070057363
1	0.02151113559430281250 0.83817183503191172722 0.00390499880640527135 0.08376735091120023069 0.01215790993757042728 0.01183786674594290191 0.02864890297266712779
1	0.00655456138585786170 0.51452231829111205741 0.00369211077026853447 0.44533111484325016427 0.00203472215192577197 0.01680945552011855332 0.01105571703746689553
2	0.00190405110145194139 0.00469791559580069133 0.88429915313440832225 0.01848712354923624096 0.03837482061678777062 0.00836486289886495538 0.04387207310345064837
2	0.00020105877958121783 0.36945708399753673934 0.61667851192155487272 0.01013171922903815386 0.00018437404485103671 0.00292639944805301493 0.00042085257938485085
1	0.06340207822043283925 0.83963529485895405102 0.01196702695233418413 0.04238927260803745933 0.00129076183865762303 0.00231020960576039467 0.03900535591582331152
3	0.00178324452213822785 0.00052702364656689112 0.00011878907072631957 0.99730375890151778950 0.00004171255632683345 0.00001562163290364179 0.00020984966982122758
5	0.01600473173796898921 0.05103714222398772482 0.01068502720417654518 0.00309238572080090162 0.00972816391042631394 0.90545845843183159207 0.00399409077080761094
3	0.00009866639032607141 0.00368623539934417790 0.00217563490204372928 0.99229566683249292858 0.00101800306467617605 0.00009196483415853436 0.00063382857695921263
3	0.10338885310275124085 0.18624058588508499157 0.04394526018262776001 0.54710844051892670858 0.06240699946592975084 0.04676543120310790863 0.01014442964157144696
2	0.05253682439575727003 0.05484089426907707426 0.68029103587291717137 0.17774294564117540385 0.01370289650368484990 0.00973748760301222649 0.01114791571437579419
1	0.00360792531344304420 0.91571756808185045262 0.00414009112891595022 0.07355525118208494639 0.00045657061804704388 0.00035585738860868506 0.00216673628704938150
6	0.08812151919034022507 0.22377157961123603225 0.03512377396228212600 0.20130839547244719356 0.08316779508593859227 0.02316427467128768722 0.34534266200646818179
0	0.99529957828867610115 0.00030432807181065663 0.00015910826312556467 0.00095259295903206127 0.00135703756493130243 0.00058541397940053920 0.00134194087302372429
3	0.03160672698703844569 0.12454306476329476960 0.09016969384968706591 0.62002143777330998020 0.06875183052383290749 0.03271352954659132589 0.03219371655624560929
1	0.00519165295324980521 0.97764846683052719634 0.00664269865967282228 0.00383112176098550838 0.00028456729449588135 0.00499926603557101275 0.00140222646549828544
3	0.15832941328715852136 0.07623077369207682807 0.14538992798399988371 0.41594422514929468848 0.07453788824149720771 0.11060915751923784678 0.01895861412673540899
6	0.16271208056924058027 0.00154038013462898509 0.00126094302531763996 0.00605744743828949463 0.02087389086741346308 0.00470954990582661895 0.80284570805928334725
4	0.01139336662569727550 0.00737554099182747506 0.00101732013125196302 0.00036981200306976120 0.92027753199388684369 0.00078156315315831035 0.05878486510110832175
5	0.00397758069321836258 0.01624017951919097882 0.01859087380111837731 0.02895382507399910099 0.04258149142599815251 0.87480566339904619610 0.01485038608742889760
1	0.00007422954469183497 0.99876359348685206374 0.00009637624788638765 0.00047754339963209676 0.00001348696537427331 0.00056677898712807924 0.00000799136843749831
0	0.70715136468862649366 0.01920239085862832790 0.01569814263818119365 0.04525005223324238268 0.01529316282496959167 0.01857746784761468706 0.17882741890873743440
1	0.01334770903661009270 0.45006113545971465628 0.01139471848665440240 0.11821993467500802044 0.07119997164636443499 0.13613363393190261452 0.19964289676374588622
1	0.08096405438012217737 0.72479818552501917850 0.01152132564889984424 0.07771279899611795161 0.01889060895975184715 0.08177810050593919966 0.00433492598414957336
2	0.02125711945265894645 0.04010306264577158386 0.90644249778870455980 0.00466170747393657766 0.01879552984653282827 0.00738423771151117125 0.00135584508088406924
2	0.00559466018136501805 0.00674220226899035439 0.91127191435668475350 0.00112460295880829051 0.04469766372676613891 0.02936000681238844917 0.00120894969499610555
1	0.00041832554069843182 0.97714162978571827978 0.01596375018816100638 0.00378826382314502311 0.00025241123820069709 0.00119602282427096673 0.00123959659980418411
3	0.00064220821773732536 0.00555001973916474742 0.00135017620540696251 0.92588607068348016682 0.05670136208642982678 0.00918994923269549416 0.00068021383508542121
1	0.05372918632199685796 0.45203818183199195868 0.07013813837064254708 0.03616471868214678892 0.09135081214792725723 0.06701420193616870746 0.22956476070912540388
0	0.47997518199018895935 0.16104327476736990388 0.14816230023695339812 0.13702384943890918989 0.03652404485364851849 0.01217499529403735445 0.02509635341889272092
3	0.05261328666246593150 0.08507165922028712968 0.02851712417654292397 0.73962998665753121319 0.02314556083534916042 0.03860690535124083195 0.03241547709658289950
2	0.00196616560689528031 0.30329515710988258492 0.33775276917385238518 0.01661238326223677536 0.11353685779642971876 0.00340266122608851810 0.22343400582461442339
0	0.47332666358039865440 0.14535763334729470686 0.07606223455501524844 0.05973551159074984990 0.02876898091561087487 0.15641020903244726159 0.06033876697848353926
4	0.00152007971199567805 0.01908667550321174744 0.00161294111852057715 0.00353777215654643273 0.97151803378213030804 0.00054473562568622329 0.00217976210190896696
1	0.00855509459144765741 0.98525919979960119299 0.00142144282979951402 0.00173837045332787300 0.00198168655434522540 0.00055810154514530810 0.00048610422633364102
0	0.39443076370056306956 0.17403390634950000049 0.05607241564451905663 0.05118328503257322387 0.13529506851083911156 0.10013226451895365643 0.08885229624305185370
5	0.00414697735371997740 0.03325907513845730717 0.01786425513828258579 0.00756436947859168759 0.00212564388076237620 0.92075232972479448268 0.01428734928539203246
3	0.00293800420181159361 0.00167906606043326614 0.00306028413721279487 0.99016396463002087636 0.00163306488832800386 0.00011392694775261146 0.00041168913444095248
1	0.00634223416668728592 0.98048570380785615708 0.00013850217686442787 0.00310683475670993445 0.00101965461662993162 0.00885158574348081199 0.00005548473177225679
1	0.00081477758870791275 0.99477104616952216620 0.00039168453919388789 0.00329300981232777271 0.00023040067019868476 0.00047042441693364136 0.00002865680311629056
5	0.01658571330893736026 0.00582651074353213345 0.00092751021451819584 0.00936929678678855536 0.02152425816798397493 0.94107809724432656129 0.00468861353391299054
1	0.02574040306154748090 0.82665645408146581907 0.00508726083475761776 0.02659632878287034041 0.00791155817692171595 0.08746786743373015371 0.02054012762870700143
2	0.00114399564940130581 0.11578954139047112348 0.69350873653798073004 0.02242469858566594615 0.08199625278565866870 0.08055905888042505514 0.00457771617039745213
4	0.02989253539632879403 0.11474554581047706481 0.00965812778918818428 0.06251649235794304316 0.42470087042675869204 0.31955976083068654559 0.03892666738861759457
3	0.10919445511884977307 0.09762975432112100393 0.00144649163895002467 0.77217035632395447653 0.00278497746676364998 0.01270233005124468163 0.00407163507911644136
4	0.01291361497981939263 0.00738346437262949861 0.15698799835790783197 0.02098039650890247063 0.71014651748340018589 0.03743782798336132284 0.05415018031397896003
2	0.00022133740523506019 0.01609492316715324667 0.96817860283809220601 0.00044540505145509242 0.00044288488127610390 0.01242447607339756260 0.00219237058338907654
1	0.09560175917749079433 0.82973411469998559209 0.00152748344597622844 0.05803603925064580726 0.00629455739612059997 0.00593012068991853689 0.00287592533986173564
4	0.00015947680818406804 0.00111151069219329358 0.00003515449899705737 0.00002067699546584708 0.99743564105434512346 0.00031558972100985400 0.00092195022980435496
5	0.00002998825162419551 0.00110239692044111618 0.00076040304763334843 0.00006577034758079107 0.00082553044658645574 0.99689143144677239139 0.00032447953936175520
1	0.01212833348991181927 0.93450138909600577453 0.01006583301525422469 0.00839751742758071060 0.02115060624177161550 0.01108044555102426047 0.00267587517845257810
0	0.98906864928378634971 0.00359892139700886387 0.00063443978111880255 0.00271823347873277003 0.00225008958353434914 0.00021416077487259485 0.00151550570094613327
1	0.03723665673977942514 0.52497402926446368188 0.01554317567782643496 0.17335389228368666692 0.02278710154807898208 0.14253493726151078569 0.08357020722465385854
1	0.06310168775926414120 0.53663985861436791502 0.03042259947427492298 0.31561705546781165799 0.01600413790585029569 0.03128575940163407648 0.00692890137679711034
1	0.00089252188935576727 0.98944851102195463532 0.00363950727720775084 0.00108861093413796062 0.00096592493895064559 0.00267370829481067404 0.00129121564358278154
4	0.16562578383193016229 0.01553274169571056129 0.01005225122950421761 0.14089193742665429010 0.48248982055456851592 0.17082997966980448257 0.01457748559182757420
0	0.73560234234220200911 0.04443730353684501727 0.05291425003512521819 0.13456419930172583421 0.01075027541267292719 0.00734799093374858322 0.01438363843768047587
1	0.00393922821460388362 0.99482151380195171786 0.00023793354353635927 0.00031132320910282518 0.00003729615232615460 0.00063827690556851092 0.00001442817291119492
1	0.00124083934318154642 0.60530180538680333768 0.32581806585071398930 0.00294637750426348863 0.00041783183253078706 0.05995714747383371068 0.00431793260867409812
0	0.43050394839786254586 0.03417704424647963202 0.01014747940331191083 0.01161627281776687198 0.06861875475420621540 0.42237381564486675689 0.02256268473550594386
1	0.10245638057979454538 0.49788317150118827081 0.04927869122511359390 0.24252283415212522177 0.04036118823332775218 0.05282901854479881559 0.01466871576365207271
