6	0.11769082031457743509 0.10696236660040914224 0.02821950831808824056 0.07795677784126668619 0.04407760910899331808 0.18703814707378385584 0.43805477074288140527
1	0.01686210945989807461 0.87017583135331078026 0.00969617269563836925 0.06853294501771220459 0.00456292188520909022 0.01354455367702820170 0.01662546591120305298
2	0.00259342542687958236 0.02628038494307254752 0.92043055095090053896 0.03744591769611232968 0.00308832382234463859 0.00779523230729460559 0.00236616485339591343
3	0.02442821151266191815 0.13146095929058032592 0.00305562136740456175 0.83527798514203244196 0.00032626706197336241 0.00334243793610098858 0.00210851768924616824
0	0.86254713097252633247 0.00138888429600007510 0.00338727832143269217 0.02221155359553362088 0.06222704332260429322 0.00035425570193856607 0.04788385378996427855
0	0.50667256129145343824 0.01690300549015063061 0.00318666985635142341 0.01057518944797171054 0.22347903427774559737 0.03991570762697742303 0.19926783200934988782
4	0.00021882919757939471 0.00742077205562974556 0.00080999402554706660 0.00333095902104286502 0.96771624109151055393 0.00008048424366719146 0.02042272036502522023
2	0.01074852997134071592 0.08270605210106865557 0.84875984047007257960 0.04066213931553030320 0.00507274502511719481 0.00914587970809871247 0.00290481340877240223
1	0.00664724874999738768 0.83203344109659926886 0.00030989184350388698 0.15787207504214711973 0.00167558871002708399 0.00071662282246350701 0.00074513173526207356
1	0.00551922692027250177 0.54248933236882435072 0.08164968410148601419 0.02312265261614027123 0.14799915996142279373 0.16411754712896370334 0.03510239690289065906
0	0.40703039394016105046 0.21412282219964981489 0.01094940332698108101 0.04006079416767048540 0.10675300304989554512 0.18244106310823848816 0.03864252020740344129
3	0.10108592390675161243 0.00877502756192480131 0.07453639214346857722 0.65931720780193070475 0.08104968121285813232 0.02586541320703953512 0.04937035416602658655
2	0.00144710753988761551 0.02194425515516479006 0.87381597104386021790 0.01609533433497062696 0.00206301208609761984 0.08416739649180920990 0.00046692334820946642
1	0.01338308026214198553 0.97003013009697536262 0.00067465189681608967 0.00750653334918099675 0.00053227199909186335 0.00654980364143491808 0.00132352875435888767
4	0.04391446439822650760 0.19358358146491821961 0.12212645901083023225 0.00784035311485853197 0.31636500060277816804 0.24388558488670417090 0.07228455652168434831
1	0.20274923994708424213 0.24244963630514779207 0.17790101891895487851 0.18429844461104119557 0.05427668223053708219 0.04752625964253459623 0.09079871834469990799
4	0.02836880243361818502 0.13269967364625645523 0.01657197995965028689 0.00194036411298165071 0.63463709642495935714 0.06651162196314400199 0.11927046145938993704
2	0.00197845915063672110 0.00739732595261034537 0.95587985187105528606 0.00071809875721297052 0.00110381561289340830 0.02919186202099666519 0.00373058663459458623
3	0.03416058645548364359 0.32256696524631334189 0.03451954869901410761 0.36940330304281032703 0.11819745498081486723 0.00561335261740091365 0.11553878895816289962
1	0.00005690777095968360 0.99492404201434780919 0.00018814525473754469 0.00409256496160492669 0.00012158340041243196 0.00018842246236678336 0.00042833413557120698
1	0.00145424627862327763 0.95891363792728456783 0.01661323517976267747 0.01138015229557500126 0.00033778349399616784 0.00943656784491155726 0.00186437697984684239
1	0.00031654635547976543 0.99065669616162899125 0.00125259147495057946 0.00169817546804765219 0.00011212419223381207 0.00573113635755352884 0.00023272999010298239
3	0.25315694356736917481 0.05077402983545201837 0.29518274654848919436 0.31080645434886194911 0.07419748606664067214 0.00983680275794436391 0.00604553687524260041
1	0.00879323075584438098 0.82366958201672357820 0.03726008679490941389 0.00988849296018108441 0.03529964462314025969 0.04256788772180013225 0.04252107512740027628
1	0.00022016962667735076 0.70939018119757790704 0.00475647204181696426 0.28188252759271792414 0.00077419445897957122 0.00037532947217463656 0.00260112561005489389
4	0.01106190452697713988 0.06992719885718287620 0.02670081513962922065 0.00522286300427594538 0.80762405946503434961 0.07736401419099032950 0.00209914481590956371
3	0.14542208572945661271 0.05756355790304307218 0.03290413157815680334 0.71807248092285014263 0.00210217342884992187 0.01594209605780762609 0.02799347437983574702
4	0.00478876566795326426 0.01264829469821496591 0.00210002500669256246 0.00068782870359374699 0.68293288922987271938 0.10988907187752569583 0.18695312481614703715
1	0.08502868908999774988 0.83373720086265756812 0.00698142056715926607 0.00382113768001485742 0.02518195315701829765 0.03709797358192772759 0.00815162506122454368
1	0.00238920529763885555 0.60233095168766059846 0.01461058259715453632 0.00055513211889613888 0.01010952016833775897 0.02116885870377183121 0.34883574942654022033
3	0.07337791139835750376 0.03626177181209915695 0.00796558601193044814 0.67786347900574150938 0.17898001401418095480 0.00040531207029170368 0.02514592568739877979
0	0.47716913231133595286 0.06333187886788997634 0.08220272414890686385 0.20332907730554997117 0.04473849693351727996 0.08012094507955279388 0.04910774535324703011
1	0.02422063685312918560 0.42124295529950439576 0.02402453496958883647 0.21056481990572714635 0.21344908424003133929 0.07026730003514673750 0.03623066869687200514
0	0.66676916733177582497 0.02510922563402824895 0.02814566750065539483 0.18171618446671553015 0.04199180902488541117 0.03058296843877753718 0.02568497760316205622
1	0.00302341369878051866 0.77396010058413344801 0.00670344369541131004 0.01270877353253054877 0.01208332799981290222 0.18478856184447264854 0.00673237864485834361
4	0.00805665205438364958 0.07699349771025036648 0.01334262859328610128 0.00348813199885074452 0.85802938909738246664 0.03265490248610345564 0.00743479805974356887
1	0.00055342980074323108 0.97568857044240053789 0.01925944537936687823 0.00071774966727198902 0.00034573448188502569 0.00194511186186824845 0.00148995836646395141
6	0.01446356203831457993 0.00115976367462024906 0.00223422818461731579 0.00077259705542975343 0.00045850109170490549 0.00329927481364186920 0.97761207314167097859
3	0.01931415986785796346 0.00226379868010162695 0.00648766948089263273 0.96721647862962856212 0.00069400911338718852 0.00168174924167870197 0.00234213498645317831
3	0.03602579126077151694 0.26525319167834648937 0.01948386005006651558 0.62003591774783317625 0.01608969545752837044 0.01371583630416567390 0.02939570750128828874
0	0.99713433612819990515 0.00072933299233417714 0.00013533242284724116 0.00104454418645441344 0.00067840918121001741 0.00022978516649305736 0.00004825992246106689
1	0.00243372791549763962 0.82206410823967590584 0.09130916564450108908 0.01782254046612798820 0.01946969836089723627 0.04611030740342984130 0.00079045196987095564
2	0.03552952955811444075 0.16587547548477718506 0.46766775943043903396 0.08715444529523345973 0.02083860668256388299 0.20031224216236481750 0.02262194138650757899
4	0.00280107541931472279 0.05190355967953367428 0.00915235482644285656 0.11881819543924816707 0.72764796733049597055 0.01266490068813139018 0.07701194661683233300
1	0.00298418749922043985 0.96023764656083376856 0.01002608103986750952 0.00423063427790195106 0.00118851133996817531 0.02063754590551853882 0.00069539337668983469
3	0.00221951515197374265 0.27704631127681822456 0.00621901377011262191 0.66428204592077733093 0.00649546201257723745 0.03147263483576353410 0.01226501703197808123
5	0.00051080067861233413 0.09436007655393009730 0.00390557640479137101 0.00008790266223957003 0.00358989083704954002 0.89727301661088687545 0.00027273625249072742
4	0.00014619102673357406 0.00128238889026507279 0.00029924605287860403 0.00254933574481070683 0.99275726410938913702 0.00006043374290725042 0.00290514043301783823
2	0.00687994124808313703 0.20229279302779476502 0.73542157554260234598 0.00130564561093998114 0.04148314996972035651 0.00865475890081619965 0.00396213570004293105
0	0.89142585743121993680 0.00915343160760453099 0.00128300695862940736 0.09365619792819443457 0.00102065479500767337 0.00206658106547431960 0.00139427021386936338
1	0.01151353953211078397 0.85591324521752942811 0.06290491610093555674 0.04031206645792552445 0.00990745079276860070 0.01406279969009692661 0.00538598220863282986
1	0.00120429663302215671 0.58292399999137090028 0.14027873949529950925 0.00082388177002325408 0.00220250756912480569 0.26177286928876442040 0.01079370525239522691
1	0.00610946223096460721 0.91192052422460267991 0.00142071087756596038 0.05077463276214665144 0.00968926174603400130 0.01125473253442133177 0.00883067562426498136
1	0.00252088697610111613 0.75603257521285172071 0.10628918082733339323 0.03533469488703262079 0.01002701509221625049 0.07064352676677920773 0.01915212023768648325
1	0.00124476065447129869 0.99308292287710420165 0.00071033285040607676 0.00363871210271188425 0.00045260835026121891 0.00080662348984847560 0.00006403967519573662
0	0.80870745369955210347 0.05989785275032633027 0.04541713263378939491 0.04803373795887594389 0.01670332261889834885 0.00557053572785254532 0.01566996461070548421
1	0.06264776940930494309 0.42682047686536422892 0.10264734720856449890 0.05046219804040247281 0.30499064323219043926 0.03686785410473143038 0.01556371113944225205
1	0.01251603167693523741 0.89603485104065960787 0.02638497348037376414 0.01241408909965841662 0.04138705953019369832 0.00816038338694402392 0.00310261178523440302
3	0.07366067630775849362 0.04755644271056450045 0.00475747153041597079 0.51487033715534058498 0.31872965296931643486 0.01765874958355811986 0.02276666974304616953
3	0.00039692009291202311 0.00017290228211947159 0.00005193748524367810 0.99931213004729746441 0.00000466872782474884 0.00000976259480194787 0.00005167876980015322
1	0.00535314836137580890 0.54074208104844490030 0.02554575354631134776 0.00028205029884411146 0.00798339149371138888 0.41670469193316944656 0.00338888331814345264
4	0.00000130655770592876 0.00002713810459969436 0.00003267157579868825 0.00019960934247184028 0.99953769047058083075 0.00001033941315052394 0.00019124453569310018
1	0.14241376957829249283 0.77013527711011486865 0.03087922037631485317 0.00711043105311733210 0.04264593704075068242 0.00423458404690984364 0.00258078079450001869
1	0.00124799534329579956 0.84150123808285748339 0.00074800425803079804 0.00885189227044150088 0.00112770528073211562 0.00954194085858536128 0.13698122390605696475
6	0.09469553377385084292 0.04621086252154405632 0.00773084209731662170 0.00247976767824974664 0.02507357649580584102 0.00223967378758262387 0.82156974364565027447
1	0.03857374921175567295 0.41329828621248987375 0.03517348383649840371 0.03411701841253909906 0.10529713480996026609 0.10568601286580987797 0.26785431465094644565
1	0.00330744360465860983 0.61182453031760952733 0.07065319250746472657 0.00597653874903957081 0.12667695920533006415 0.01941709011444713376 0.16214424550145065118
0	0.41468490805754748552 0.25075530190045552947 0.02858363089018323838 0.26319806447426968843 0.00956648683262684672 0.00626707769160692908 0.02694453015330998055
5	0.00045974673315323671 0.09284668995166940608 0.01078794997455328336 0.00108690560450584229 0.01066274849447613679 0.88251235463819066585 0.00164360460345130185
0	0.44634637607006216742 0.01545265754301214552 0.00844832296401777649 0.00099724418932351346 0.37246384063630322281 0.08592061212168311535 0.07037094647559807847
1	0.12263133852876510754 0.41103176616401659871 0.02562833428980145281 0.31439720112187480305 0.02203402586641181951 0.10113586874858809805 0.00314146528054200886
2	0.00076890678793108645 0.00015627782587990266 0.99677096656689745391 0.00030444914447086267 0.00097665276465601337 0.00095802682306523517 0.00006472008709966319
3	0.41305576268649973892 0.09934648289934927545 0.00705280837459996198 0.43878921071922422081 0.01138259611509383554 0.02151220540684762803 0.00886093379838514932
1	0.10585284718199736154 0.88570564534651219368 0.00149692748312741622 0.00141579482794297108 0.00036314470139442846 0.00481235907785814310 0.00035328138116785444
1	0.00464201222457154283 0.92053224781866782589 0.00403444291381060104 0.01612709127500884174 0.01683551005901429837 0.02163376049349664820 0.01619493521543061490
4	0.01995809477122141920 0.14394005904971471366 0.05344711859944855509 0.11799433800538930428 0.47181404980135438487 0.04178432870551986034 0.15106201106735178685
6	0.00019225606854415944 0.00012159748009422826 0.00051845214406485366 0.00013093579410945725 0.00520232236158223952 0.00081523309082916749 0.99301920306077529066
1	0.01907285732376811510 0.69605841383267452738 0.07417640095966798741 0.05436114856270541501 0.06407973977229618201 0.06833978783348917951 0.02391165171539864562
3	0.00989217618905039592 0.04525748530305451905 0.01231283007808057876 0.78487437381077440612 0.05754162352699594002 0.01288446602013364715 0.07723704507191052338
1	0.00040331113756635024 0.99517421634709857248 0.00078863387472616309 0.00235107163625760058 0.00013929027252395553 0.00111983989728303072 0.00002363683454359084
1	0.00300755902598856800 0.97508957046209310260 0.00063105900751400169 0.00490777843348409043 0.00029794530631447144 0.01367130084677921527 0.00239478691782669300
2	0.01156363598730954928 0.00599819080094087572 0.95120906604091670644 0.01196181551390665572 0.00242408074458324999 0.00328468689673012092 0.01355852401561235578
2	0.00001550344697509060 0.00010366425006605794 0.99719020413511461065 0.00007519855276295651 0.00148978873480495725 0.00103627813221631045 0.00008936274805956669
3	0.00076088045801568974 0.02008766271589295868 0.00009905986234842590 0.97888458884628326562 0.00002455004772549883 0.00010052819982164829 0.00004272986991258657
6	0.14988169889279853719 0.05135724302014225279 0.01722700558608901422 0.02879003249462366854 0.09541154659821296513 0.03088977730507456998 0.62644269610305891582
3	0.35222990570424617118 0.02151396064786068388 0.01322415540427400449 0.42230448105667606207 0.13546144366750309529 0.01142287084808995233 0.04384318267135021985
4	0.02127418354211371015 0.11831922249273432723 0.01804108252570866058 0.06743675748840539941 0.52985569138547294887 0.01363771677714319987 0.23143534578842148153
2	0.00033844001947546336 0.00160426785678537262 0.98336690178396513051 0.00316680114002800082 0.00383378407977552670 0.00678811375312752315 0.00090169136684322966
3	0.02901504889930795611 0.21561493337312076513 0.02312791524725142656 0.69734258355345257741 0.00313821691737585637 0.03136073807094127280 0.00040056393855000756
1	0.00790684706633962460 0.65132027773329492781 0.01292402131539790479 0.11944596780923062707 0.10926398480100775468 0.09427548419702937166 0.00486341707769914148
1	0.00330575136485336887 0.85971590779253059811 0.08197272209066709669 0.00490645213264966681 0.00881360625592670505 0.03925766563549681898 0.00202789472787574983
1	0.00028504283440384918 0.99316418465211930844 0.00328129782758604209 0.00229073189524281202 0.00017300781676235028 0.00054538352819050292 0.00026035144569496024
2	0.00232241848766659041 0.09358037800067951772 0.88118767945696918620 0.00351456829159254094 0.00051172627292863401 0.00877841804824901553 0.01010481144191487275
1	0.00478929408730830938 0.97008225739625342232 0.01282953679364339135 0.00452050279130980243 0.00521579336682470064 0.00198493666965107425 0.00057767889500929897
5	0.00246940997133426486 0.01185310230282231488 0.02685625377841477368 0.00101324802327210865 0.06483497493106626930 0.85784176122188704472 0.03513124977120320874
5	0.00544106972770106671 0.00624924718917353912 0.00214328494836156904 0.00333686447050088146 0.01407641848264209322 0.96640697728028879254 0.00234613790133180811
4	0.00033988188717843873 0.00516300197981922875 0.00055673373170029531 0.00066702333970492151 0.97309904726895268823 0.00157745550529090088 0.01859685628735305990
3	0.03048939768810453657 0.11781462419885815884 0.01322901075308358966 0.82185062824280041838 0.00137956156080132255 0.00750964797273688967 0.00772712958361471743
1	0.13716820390736000901 0.30728113146069929718 0.04440613531507354994 0.06328280627485900756 0.16586650211948467115 0.17522412292606853734 0.10677109799645499721
0	0.32206648238534724138 0.29702599789235328842 0.04130090558342117829 0.19870324130669980711 0.06351490779826131361 0.07142510552549898029 0.00596335950841785783
1	0.00265211767086096515 0.98510240486168709761 0.00032951202017987986 0.01081495465475323416 0.00044712609400038392 0.00046166616552795376 0.00019221853299031556
3	0.00080489971545161102 0.08172189755676367851 0.10876125335898043089 0.73958406062764003863 0.01077245203756916313 0.02196310368361696630 0.03639233301997836512
1	0.26676219864235078960 0.43722682163203080430 0.00641937859846944230 0.03475524365210779648 0.15532948095112592002 0.08464802529856398083 0.01485885122535122657
1	0.00962133405006646361 0.77216142269100462858 0.02622145565946292986 0.05812527382551777033 0.00479247529658941799 0.12206706767765396204 0.00701097079970445462
3	0.10277726811134750562 0.33002710969395199214 0.00801386330079607336 0.52416292415077958555 0.02051755564146676494 0.00392381362751379609 0.01057746547414431700
2	0.00000871564560058387 0.00573464853914943361 0.96070665766377116856 0.00019568101867218225 0.00018615456709260744 0.03316507061828769670 0.00000307194742819036
2	0.06280966414067697123 0.10565074009940624011 0.62491345315257529336 0.07954847437147809230 0.05869287059216812819 0.04689611471806821169 0.02148868292562678556
2	0.02564051863014258498 0.01381874347877194015 0.84701039704152869536 0.00208325333459988922 0.03526321413642537206 0.01617358071114262733 0.06001029266738919926
0	0.97824126192492488752 0.00698273275010556464 0.00235501745231533714 0.00162217680629713813 0.00662090462846047934 0.00295498435891295872 0.00122292207898346819
3	0.01300424806218303427 0.01495205475227302967 0.00107589365331934098 0.93947573126112371433 0.01454565574162437237 0.00752216553946281983 0.00942425099001303022
5	0.02478305648387531604 0.31037746182320913313 0.02033249026905666404 0.00887574323930640299 0.08770101384633693931 0.42712412515574565974 0.12080610918246950658
1	0.27681518333557092459 0.64872877984653287697 0.00423458639875141322 0.02341455721699685355 0.00251199995011930572 0.03417358459414270716 0.01012130865788581947
1	0.14852446978530348121 0.51903620148059104178 0.01268438919964462799 0.06165095634502579247 0.07364450580351417086 0.01460031621884559302 0.16985916116707530654
5	0.00035173385200854647 0.00208792405079748352 0.00884354272285185934 0.00415894086225368758 0.01328377720871382409 0.96924463440524200042 0.00202944689813315147
4	0.04636536009613727999 0.16935621952484561370 0.02647394748826836092 0.04634851090031977261 0.42624807598918512674 0.00501022295878868554 0.28019766304245474764
2	0.00797577081981791502 0.00464016056161703581 0.85541812817549123249 0.00222409957100562234 0.01080039318015505075 0.10805539871554890874 0.01088604897636368321
1	0.03803666455188812329 0.84329553217661856745 0.00083072682050666473 0.10526057607791633464 0.00724451884702920299 0.00433607034717708832 0.00099591117886459581
3	0.00095055724785900078 0.00464014125316828101 0.00790478106893449141 0.97051276716063372696 0.00505008757162538069 0.00055846633079557006 0.01038319936698362499
1	0.03922961537623000094 0.70284912232017482392 0.00538137882472942454 0.21322349662107772938 0.01385948134507032116 0.01504970576682058449 0.01040719974589654311
1	0.24849042874634114098 0.30376963220219171946 0.00421339029298182718 0.03228655201285145909 0.16923595061064861111 0.01022752316901891743 0.23177652296596654158
1	0.00000524134294054854 0.99986116330249485973 0.00004198697648092481 0.00002638694625453005 0.00003821839698596863 0.00000873278480864574 0.00001827025003393107
5	0.02343172569462670038 0.02000400655315767717 0.42113082270026758192 0.00082260612198132828 0.00023149761890208263 0.53392258767742195591 0.00045675363364223553
4	0.09746336928500848318 0.06991930461444263722 0.15815885196979198590 0.04449389040743071538 0.53391506578088876456 0.07328847715841201038 0.02276104078402520908
1	0.00060625599392328297 0.99909786549082291174 0.00001623057516068857 0.00010428141099465491 0.00000773121914780704 0.00016120592832446587 0.00000642938162601467
0	0.42035875957559737381 0.16171370696934511679 0.07138461444747197515 0.12772685636320663116 0.10293748016734816098 0.02418878156619313352 0.09168980091083774042
1	0.04016839956785228649 0.65514182601378367909 0.02436963675701989476 0.19705757778513605105 0.05176037545159224013 0.01422798742308634991 0.01727419700152975010
5	0.00203214709347815554 0.00084363413673606421 0.00131427661197649885 0.00341841404247854959 0.00010829710098299467 0.99226332025210994825 0.00001991076223823850
4	0.00234202927861573490 0.08943978878457430060 0.01463655107502818443 0.02186464111484761469 0.84922187774599944277 0.00404125462460704684 0.01845385737632861817
4	0.09473352930540039629 0.01399362907181086503 0.00728597661252993346 0.05926893249002880559 0.58034764535935601248 0.01975449846510849913 0.22461578869576542816
1	0.05422437455872714668 0.37945220892937558954 0.19171334804776427041 0.03210481393763073982 0.22784625370565217417 0.09547517355729352728 0.01918382726355634046
1	0.12408204293377989025 0.60647351612087119221 0.00974117909288007948 0.20726681618846534705 0.01732409202206025567 0.02559291847929273667 0.00951943516265040326
4	0.15224727137695526213 0.18532641736653118758 0.03356421417193768131 0.00928664603531411184 0.30866344221962410677 0.30415825404326951586 0.00675375478636815966
1	0.00695322712338701087 0.89732367961595960182 0.00070424091270693983 0.00028884434507002465 0.00012420183099381627 0.09419027340777097468 0.00041553276411195923
6	0.02301742577011541349 0.00273315415485292975 0.00957174451785261157 0.00177655981699553658 0.00216123481803823887 0.00273662076748771655 0.95800326015465786522
0	0.71789229817016153579 0.18853100656870849794 0.00396164931375639004 0.07531401230387541057 0.00417276836188177486 0.00920815601614232218 0.00092010926547411167
1	0.01855274101369521964 0.96605113556223376481 0.00169156915856991759 0.00526658839794296504 0.00522371849743911206 0.00133704593771265126 0.00187720143240631561
1	0.09533029284772613632 0.40919415008627602059 0.06135543481581396535 0.20052252076964713345 0.14968553529250971934 0.05670471625829076601 0.02720734992973652608
0	0.86694898900928241137 0.04595749686428149405 0.02226851292989869349 0.02477670431091307315 0.01294752436599577033 0.02079681106257906878 0.00630396145704973775
4	0.00038487888268058310 0.00202947177605157297 0.00100922880392336650 0.00013793232561596405 0.99114234619782781710 0.00302563814655329574 0.00227050386734697473
6	0.00396147779979918666 0.25649889941008219285 0.15976054776437645377 0.11613101478096525543 0.12327656802188022289 0.00918991236393604770 0.33118157985896090612
1	0.05535407488539934723 0.44741893100240875958 0.03804559447968466207 0.13084716876241100914 0.23800899197198946422 0.02876780315824138332 0.06155743573986493383
4	0.00020631733709981323 0.00079729188914982006 0.00018788827752382615 0.00004386518215799210 0.99549686389153235755 0.00082402172711646673 0.00244375169541879165
3	0.00112213260578200710 0.00286568476016964366 0.00131183959943165424 0.99436829047072849974 0.00003487950889364287 0.00025207903283579674 0.00004509402215888750
0	0.99242011661791018629 0.00015103072680881132 0.00001279595087082605 0.00019051607553183518 0.00058129415817766410 0.00006997789911441805 0.00657426857158616498
6	0.03634475902490597043 0.02608824216542944552 0.00480404775100451518 0.00806367575790336959 0.28905214398563788825 0.09064233750789146837 0.54500479380722754996
3	0.00154809976466395612 0.00362993727619942592 0.00664419470082576024 0.98756114824056440149 0.00016195273314947980 0.00037626381427137190 0.00007840347032594097
0	0.66617448513667132381 0.18465562923650458149 0.00511641029079248476 0.02909470439821438409 0.04841834999867343503 0.03796890382817710852 0.02857151711096656346
0	0.90488675115224659340 0.03409813396737121360 0.00511092235997926726 0.00343452091940527060 0.00821563108528347574 0.00956797404411528080 0.03468606647159895584
6	0.16912417716945299384 0.15053687772326543315 0.00497894286819799969 0.00351257203015891382 0.02507860844984404272 0.01015559054892867935 0.63661323121015200854
1	0.00158906685711744287 0.96658786246817307575 0.01060472805345547519 0.00187836707694484907 0.00012737437075087393 0.01714334478291376293 0.00206925639064454688
1	0.02478900335923938519 0.91036747385418315126 0.01113987355553017200 0.01848162217597125803 0.02957696311165275427 0.00255447199539568818 0.00309059194802754119
1	0.02424924888900291745 0.84185018041519910081 0.00597647397277923081 0.11196456565225228197 0.00271425764766439334 0.01181437756855376227 0.00143089585454836041
1	0.15095072049000735070 0.30256609323514871424 0.27252771988423329930 0.02426094694369544669 0.15409680191593921883 0.03963471214435124873 0.05596300538662440233
3	0.22375392269856464456 0.01655000134403557255 0.00051484181892492704 0.73399009044727636653 0.00566045395485534602 0.00779306327072802705 0.01173762646561527824
0	0.97244796687072576624 0.00158587713779268207 0.00154479590242778469 0.00151914410189537717 0.01719092648027603296 0.00055786560525893601 0.00515342390162327850
0	0.95767592990965810795 0.01701495889951156262 0.00022737998360380121 0.00666524977431299202 0.01534777508457061193 0.00194790280325107140 0.00112080354509197858
2	0.03467180282423593107 0.01368428294045375380 0.92217238748573571172 0.00094933211239363617 0.01638149251167659096 0.01063040730891392192 0.00151029481659040589
2	0.00088191158110810975 0.31936637286838037708 0.52938749191209621969 0.04864546071985387243 0.01441367602395880916 0.07954529492993385464 0.00775979196466920415
1	0.06594841158672402892 0.42721417375876857836 0.03912258485685654597 0.20543982455357495676 0.12816139999375589231 0.09757881880349690562 0.03653478644682268961
1	0.05014930274558478118 0.74528481698938264799 0.00375461061928646176 0.04022532169408638697 0.12433003958647316500 0.00525185081835950578 0.03100405754682724821
2	0.00292979203762669610 0.00297239893114110802 0.88404150617500643072 0.00065977697634664095 0.01012812293475961328 0.09741967725154516977 0.00184872569357462813
5	0.00793303203238387294 0.19814458747311627929 0.00486616605508462686 0.00384147904063612475 0.00418336077883321895 0.78014527100275166127 0.00088610361719387019
6	0.04411444769110926811 0.04885802094595222134 0.11547001733033404602 0.00958925432687968669 0.03434584670009351720 0.03624669494310119727 0.71137571806253008244
5	0.05120106919780268578 0.00891970989691011872 0.02147598839594922274 0.09127689136303540618 0.09704165245870263745 0.70989230815211668002 0.02019238053548318493
2	0.00092662350495541527 0.09784171796394444676 0.64525916383844983404 0.01829537688948627144 0.11399733883949753066 0.08507485302769264568 0.03860492593597454614
1	0.00019052637435526757 0.98572829443623100065 0.00830525406924229048 0.00104883619179165855 0.00013638426568203212 0.00444819499169126116 0.00014250967100381116
2	0.00032856701817490747 0.00074044836573012966 0.99505649025725728674 0.00084067149979206546 0.00234601132467901615 0.00058639769965459934 0.00010141383471330631
3	0.00996262438179694627 0.12994221226080610032 0.03896345107501332505 0.27302532310424942885 0.25557442686888304229 0.18017906606204373010 0.11235289624720759538
1	0.06685232605254551319 0.30271423211265163777 0.05665051906686133232 0.03382389318599202110 0.21398127397550079087 0.28097049867660056632 0.04500725692984820780
1	0.02425101355033342648 0.68379866010769219109 0.00826218691270737791 0.01497936914805424180 0.23064701927830214001 0.03098979016615574858 0.00707196083675463993
2	0.00000046161609514329 0.00002932544835188873 0.99989503045518324242 0.00001194693364893686 0.00002716274708110389 0.00002238800335618320 0.00001368479628321909
4	0.16079438125624540001 0.13808548557025926429 0.08001040456024775815 0.19657444276518967752 0.31658803316552669438 0.05938666446897971490 0.04856058821355122013
5	0.05390808789519602878 0.39553284558872198184 0.07790663424297396278 0.01624995891722405550 0.00873005351752245348 0.42331477780742327033 0.02435764203093834790
3	0.00312581874253885618 0.01523387695643489866 0.00142885962165023410 0.97923913735340017972 0.00063738504486707682 0.00018654183471400156 0.00014838044639469970
1	0.02481774493614369997 0.91650379079591803855 0.01976453314902345409 0.01492823173426235418 0.00336238601751314087 0.01990554848006394900 0.00071776488707551501
1	0.00899208977031161656 0.94072665883319883662 0.00131548144784037358 0.00218452388178676411 0.00158179667507045104 0.03749763826718049281 0.00770181112461195555
1	0.08096283384824159990 0.70239786972350715111 0.02876070669268438254 0.00354522427012484613 0.05423049860192364485 0.03578622101276164591 0.09431664585075610896
3	0.00417502585006710586 0.00142334885344568441 0.00410091591730496474 0.98400491840633019791 0.00134047357788674801 0.00064860108060177109 0.00430671631436392935
4	0.16634537049353559368 0.15460631732048765730 0.06001485996064075124 0.12834390851415944379 0.28136631407740314570 0.01833969872323486933 0.19098353091053865693
1	0.01497939943402751620 0.87617375549379061805 0.00742818539032872281 0.04375781063036756485 0.00979237710771410468 0.03311350146389994975 0.01475497047987256449
0	0.81476968513325820354 0.09060265338041842420 0.01795777872862483471 0.03890800659107918058 0.01189831633804873043 0.01184331263602140562 0.01402024719254920532
2	0.01758848373280350735 0.02284227264125409870 0.95195511648705966046 0.00300043500023849507 0.00137039194226700736 0.00291214317115884910 0.00033115702521763777
3	0.07824987556838029767 0.18921532539257721051 0.00173608538297701279 0.67636328407567858356 0.03124951683082937207 0.01707414807388247732 0.00611176467567536418
3	0.00022992903539465975 0.00973217601879066557 0.00052483755436472492 0.98729665872689076345 0.00048213413827226322 0.00091045432887306950 0.00082381019741383258
0	0.32233503938569396663 0.23265607370649332708 0.04104920028783191899 0.21781411830107114125 0.04258981619525867290 0.11068697572807596752 0.03286877639557489461
1	0.02321174849153562897 0.85779238092437082308 0.00273196734735560226 0.07726648291770198129 0.01071204324166905378 0.00925439314732032225 0.01903098393004691233
1	0.00708894678497524154 0.50576559236486795523 0.00384814164387726771 0.44753368122507719562 0.00167389649788543342 0.02204371895996331057 0.01204602252335370757
2	0.00102810093464031859 0.00313340416435450202 0.89345828995967602193 0.01437479294725097986 0.02657197433936525285 0.00772230570161258796 0.05371113195309990679
2	0.00010910260872210751 0.29648631153714116726 0.68747909124042394513 0.01163669316686108922 0.00018635616686358465 0.00361424106357726435 0.00048820421641036646
1	0.06357051990668677321 0.83826333770185390559 0.01320816613294298163 0.03012246547192173884 0.00209460479872065506 0.00122346386427711119 0.05151744212359696956
3	0.00037897296734201242 0.00034654589675702711 0.00008682314598962682 0.99901677623872287004 0.00003740428843742124 0.00001478805724800657 0.00011868940550287431
5	0.01122669113434178294 0.02168628455523463616 0.00471585559850901288 0.00134128079405068505 0.00207609404912142666 0.95735329865944984729 0.00160049520929282565
3	0.00018404593598348381 0.00824339577994368661 0.00355980397384711737 0.98479478744262216594 0.00196925038461646679 0.00016982036261921452 0.00107889612036823142
3	0.11401446873676752969 0.17305711344914886940 0.05329413371809352262 0.51275060618560075465 0.07674513270312455226 0.05520433791348751396 0.01493420729377758702
2	0.04763932036898437666 0.04233429402209515358 0.73518941929981573846 0.14406763768119323910 0.01521645004203134137 0.00634552867798229055 0.00920734990789733726
1	0.00093940394425151130 0.90482532956875605379 0.00165263812140815014 0.09058093194436526996 0.00022345321493563459 0.00034456527730803116 0.00143367792897495009
6	0.17178593346070031300 0.08163147078166099746 0.01925474702952006956 0.13524698194186809963 0.06773141415641180385 0.01817577417479523949 0.50617367845504346313
0	0.99611974674680425768 0.00028713966611629467 0.00004930492816717693 0.00061592297618814429 0.00144292331033429909 0.00062262570841770462 0.00086233666397196975
3	0.01926241484711449514 0.16910588025729414441 0.10021163026388837936 0.56588355860051631208 0.07699026545439466296 0.03047068994548478987 0.03807556063130754925
1	0.00482852604084752814 0.97627544165590696146 0.00659023954697270965 0.00607801686928939600 0.00026752967347095302 0.00455734075480825063 0.00140290545870409952
3	0.13557633663749182884 0.10857392682118048588 0.17936769037513830560 0.36792841171073503714 0.08226264648445134886 0.10609494168507588308 0.02019604628592738121
6	0.12298658254816864643 0.00064568673922271139 0.00087032835676411312 0.00342393986185635015 0.01705263731371854663 0.00461766744259539067 0.85040315773767438667
4	0.00500820168233687309 0.00364434421935635631 0.00227514946076220331 0.00028794305801903541 0.82852010283633614751 0.00130522397508003288 0.15895903476810957500
5	0.00298649882396273504 0.01186719016783315504 0.02772214270514947523 0.03510845515071482625 0.04548155161553570774 0.85385511068697927950 0.02297905084982467330
1	0.00001043527837513288 0.99958430627530203694 0.00003307904930114522 0.00001626544802963713 0.00001215559228751865 0.00034092561022573925 0.00000283274647812387
0	0.66160932471394728882 0.03363786666192896541 0.00868802805419929304 0.05010521732377055948 0.02420754265987540288 0.03717844794561692839 0.18457357264066184821
1	0.01325336883511259861 0.42513962581683989450 0.01997577211812962689 0.07881317193028293533 0.06473145913525522877 0.20333757468036614546 0.19474902748401359820
1	0.09575341011266302882 0.71186116348571448764 0.00957795540409081547 0.06571658248668438285 0.01800492400270647941 0.09522234924942059309 0.00386361525871985537
2	0.01765308526233560701 0.02188865732295298960 0.92836992092177106350 0.00279781962033596879 0.02260525067463096255 0.00559546711542995619 0.00108979908254373684
2	0.00429166794377430511 0.00766825943077935682 0.87802659257350967881 0.00171614473034561229 0.06971782035596289784 0.03734517295268636322 0.00123434201294214609
1	0.00062310413847812640 0.96864453711232845201 0.02259883475731968086 0.00375418570750943661 0.00043580584242792851 0.00197437986481637396 0.00196915257712016074
3	0.00061722311561940866 0.00464280022503991020 0.00131474123806472128 0.91764284683873986737 0.06263539053753379438 0.01172620946352461585 0.00142078858147767274
1	0.06014321259994900165 0.37748726393788489819 0.05078655951497958870 0.02808780074415939687 0.07953167564928118050 0.06630733013358819372 0.33765615742015764322
0	0.50067319676368493564 0.14217802917122662754 0.13649904028819043189 0.14165372330334149997 0.03539155051645372085 0.01137014286373874694 0.03223431709336430084
3	0.10747207151467047526 0.10304877502958166569 0.02353165192725700447 0.66961276290014604129 0.01617670358736297831 0.04950609166465617939 0.03065194337632578744
6	0.00070732220177703597 0.24077096991544419402 0.31257378874907887356 0.01597292465285323620 0.09577481858563641204 0.00534148605441954905 0.32885868984079030808
0	0.51792445926740837692 0.18744215909923647723 0.03979353612065578139 0.03993899554700212212 0.02623877765407841428 0.14876784363239928255 0.03989422867921949695
4	0.00083483228245669094 0.01262384369972439045 0.00237912844484223498 0.00361681489555464421 0.97790638635110882504 0.00087811667447527844 0.00176087765183735243
1	0.00722276298896629230 0.98700508664573383122 0.00091931394239962074 0.00265792210467305588 0.00152643374718801220 0.00046635261252450758 0.00020212795851407768
0	0.39412828943333133580 0.14347383395036492071 0.04822246804194202374 0.04289891802048428904 0.16834852884131776274 0.08711692671486478967 0.11581103499769479503
5	0.00224004506565219806 0.01582172760815162352 0.00762098644070958054 0.00373239729550471112 0.00126126538345846303 0.96377115601561225144 0.00555242219091106170
3	0.00344982628676998105 0.00297694288561844468 0.00382350185075532251 0.98682042699503369487 0.00188582014592581708 0.00011136389353349354 0.00093211794236322011
1	0.00991458415060556854 0.96839843761898491969 0.00017570807162917428 0.00495153235408044359 0.00118967123333345542 0.01529329608150233923 0.00007677048986512816
1	0.00080520833427149207 0.99576068644162318844 0.00024910242036886815 0.00277857275031119684 0.00016606839933632655 0.00022719971380228177 0.00001316194028745580
5	0.01416964445588004759 0.00201196646514675316 0.00080407116320167836 0.01031953768009459538 0.01270853932172113371 0.95721638853213053544 0.00276985238182481846
1	0.02028182091440738216 0.86733302181858173974 0.00352111836922816036 0.03153401520211498305 0.00567364819650322851 0.06101193011660514809 0.01064444538255933555
2	0.00078422380909409382 0.12886889023927131093 0.66830288261099990432 0.01870471847667364018 0.06209983683707164664 0.11651464633782629421 0.00472480168906283700
4	0.01995478872072851267 0.04975604548834611229 0.00854534921760682388 0.04224328106985292264 0.51034177585174533842 0.31702104316247192717 0.05213771648924855895
3	0.07175287709219296817 0.10118540717146158603 0.00162650244407738765 0.80605301291929032370 0.00249585451230731033 0.01336013232487284590 0.00352621353579784906
4	0.00566990226415374672 0.00296973418243283308 0.16601036112032666048 0.01390811852824687042 0.71173603292802101183 0.03030165889973537516 0.06940419207708291294
2	0.00008787589215130011 0.00740087427556664155 0.97864216334157094757 0.00036007514125080891 0.00030685646453784514 0.01123821046591031401 0.00196394441901249226
1	0.22701562973405362000 0.46132885370501119926 0.01508306247806345639 0.04699279918367360587 0.11961165766902952245 0.06061473217207764830 0.06935326505809090436
4	0.00010105811768923120 0.00060130730221193303 0.00005053836645843809 0.00001387524677386180 0.99739070728163370383 0.00022815177705866303 0.00161436190817386047
5	0.00000942242892314220 0.00057446212582803970 0.00074417870586565300 0.00006579938517920255 0.00067474166798685818 0.99755573132400165992 0.00037566436221470132
1	0.00477270075880042565 0.93173566478272051850 0.00749998215940475901 0.01133104790430721626 0.02730490384822872527 0.01417328367523727414 0.00318241687130018172
0	0.98778350273772652645 0.00515964562762221465 0.00029968487675453463 0.00311992419908162710 0.00189763740046785742 0.00035911648276842754 0.00138048867557885938
1	0.03268843019047282944 0.68110244129240415933 0.00787851969069042722 0.07886513443653371536 0.02079345508771989967 0.13969761533436270140 0.03897440396781624850
1	0.06155170365379718928 0.59538385607197652494 0.01141744221381148054 0.29931420812305031820 0.00964601984821344613 0.01734155558297165861 0.00534521450617979430
1	0.00078521927012244457 0.99301680127110691920 0.00174927536913327907 0.00093589830105722603 0.00079493025717280584 0.00222930815338488958 0.00048856737802237130
4	0.10257306805965116236 0.01471167477783975365 0.00907655951691900553 0.11702771979661256985 0.55969957977092421597 0.18017762738322182225 0.01673377069483116333
0	0.80241847043942859941 0.02826940646576566948 0.05420868460429047880 0.08680425225148812041 0.00812405247061277931 0.00845574437077616613 0.01171938939763837902
1	0.00654758115046373546 0.99243432864113323433 0.00018303836082916167 0.00028583885464539044 0.00004948060282394578 0.00048341484166600533 0.00001631754843748356
2	0.00040567132394987178 0.46287905447813093573 0.47573114896937102047 0.00292824987923437103 0.00019022124969428006 0.05494973669724153437 0.00291591740237735807
0	0.47988624377711808222 0.01973438639675135706 0.00541177908547068893 0.00804162695545479998 0.07360432828625525226 0.39922268780401160004 0.01409894769493821517
1	0.08928046987705934301 0.53093957212494280462 0.04454510192110150424 0.21994542910867656560 0.05590394109389342642 0.04599404906085039629 0.01339143681347647850
