6	0.19803886763269307192 0.10394001841348451953 0.03576140217836216995 0.07809710469987424242 0.03465457095400378135 0.14295537955733655933 0.40655265656424571796
1	0.01954156323823957528 0.86534263403170075257 0.00743889688113250590 0.08330537087949968500 0.00308767971430099061 0.01039245059814315753 0.01089140465698269257
2	0.00387140516009324472 0.01509562441578541324 0.95075368632862145013 0.02085692208321813026 0.00243875909062358977 0.00536246062136105234 0.00162114230029715661
3	0.03743637826054208029 0.10589860089922165098 0.00210474275519292008 0.84953554114508356143 0.00024927399477640215 0.00301800839072632497 0.00175745455445750951
0	0.88520318653439122869 0.00089830977236426436 0.00158627872473696510 0.01616914239686957633 0.05131376160718231771 0.00021893300146205716 0.04461038796299356124
0	0.60796286973144575416 0.01217742244727645744 0.00181252717719657553 0.00757115405837676704 0.15858972585963979074 0.03249416624010038196 0.17939213448596424971
4	0.00133377571776378909 0.01509888118933470046 0.00051358402270965402 0.00947043353607449415 0.95043933941958680389 0.00010287836979498035 0.02304110774473515366
2	0.01301154983049934363 0.06089868383126178369 0.88724341896398528640 0.02671276062038860019 0.00383943978564043990 0.00633124043331922699 0.00196290653490595497
1	0.00771681269057983375 0.80632462391097692311 0.00058268514948280720 0.17971128568612365628 0.00311179525953538330 0.00092429051474126277 0.00162850678856060228
1	0.01281230903502019597 0.42304790524014179720 0.08133776941981235575 0.02567031962877380433 0.19486456585029510169 0.23819525312662448435 0.02407187769933177152
0	0.42197342366570889105 0.17784300466705932342 0.01736518126053055930 0.04930238879539436403 0.07936247334509323459 0.21507823545003923460 0.03907529281617425077
3	0.13118545631274258767 0.00501069244600884246 0.05788283045909547314 0.68607320122394777062 0.05594645341397261329 0.02316271713023847559 0.04073864901399434219
2	0.00310760765651287843 0.01269660915979502376 0.91803641875370844971 0.01079546782303877732 0.00191229313484685593 0.05321313002780316687 0.00023847344429474325
1	0.01058862683303373776 0.97568401204426291606 0.00060079931112393798 0.00705592487743995651 0.00040261681646645131 0.00475588132186971317 0.00091213879580353727
4	0.05536538845308404400 0.18249029036160527295 0.17778374576097691340 0.00602659340670401791 0.25996910800249889428 0.25189657182030666949 0.06646830219482376123
0	0.25180444427310655353 0.21241222024435107985 0.19394748554503510318 0.16324349012197358899 0.04965049220932417351 0.03885858254464687883 0.09008328506156267068
4	0.03227165813287852236 0.11582271366886720543 0.01452079506799758973 0.00173746750306036325 0.67052755358776205963 0.06240446508900023004 0.10271534695043399443
2	0.00340745635489259112 0.00436730649359259177 0.96899882851916085968 0.00056256741496193800 0.00084136462715467080 0.01907068237813210748 0.00275179421210531476
3	0.04316196565209282771 0.29106185665115003047 0.03424135454195399025 0.40024130086309056553 0.09961000991697985252 0.00526339552378644101 0.12642011685094639573
1	0.00007706229829766592 0.99527626480217223914 0.00025286925442672114 0.00355261363888639608 0.00010558774767310978 0.00017116852296791734 0.00056443373557952658
1	0.00198025087039637414 0.96491024383346779558 0.01274675651615326047 0.01038245354250074554 0.00030448488568443041 0.00783152981507252363 0.00184428053672519490
1	0.00037710892581354521 0.99176704653917691079 0.00129518388284071187 0.00147971317400492973 0.00010585483288904589 0.00478548599188980978 0.00018960665338392340
0	0.76085540165958320813 0.03365334747262256621 0.00154965283422175081 0.18965818222558344930 0.00968249014931731218 0.00108264953084487433 0.00351827612782672910
1	0.01314492121908142526 0.82645034576830611606 0.04050797851034223379 0.00948270217408010187 0.03234526051245865952 0.04471612994552295189 0.03335266187020861223
1	0.00042714639924235824 0.66885467219223804225 0.00317873530854624262 0.32421246015451127276 0.00075904858517752418 0.00020080665381821909 0.00236713070646662376
4	0.01132727677947152622 0.04649686903863801957 0.01882402092007855882 0.00322123363058992663 0.85907633782346171092 0.05957538049007641417 0.00147888131768367020
3	0.16380061144424809538 0.03757473017732142900 0.02642100887665491116 0.73697566372657496991 0.00156528883284138653 0.01275195328684467465 0.02091074365551427727
5	0.01932763274838643699 0.01078529315866426364 0.00050099091586851578 0.00075244221441036086 0.01267265766482379187 0.90242719112495617395 0.05353379217289058051
1	0.12236210727764407213 0.82034540838222802517 0.00424383067788131670 0.00399900234238781752 0.01839527202565847952 0.02653023515847746996 0.00412414413572287798
1	0.00250099439105155212 0.49140003309380969609 0.02128229451906708466 0.00043743828830068395 0.00741382777595275214 0.01660466920497949070 0.46036074272683796815
3	0.13359074793165234829 0.02066014261821360817 0.00633194552235899401 0.68356211873117622702 0.13441531196911138402 0.00020849552515665970 0.02123123770233109608
0	0.48820751862562555834 0.04462445245897622703 0.07816294753051801492 0.25763481808345978230 0.02553923519495528843 0.06620082847585842534 0.03963019963060675915
1	0.03508216692522042601 0.47469071704655940724 0.02033542418106601066 0.15949645506012910534 0.22467924870100686174 0.05383739961339166491 0.03187858847262657613
0	0.64078584162533713808 0.01991729163123533500 0.02878999888312372760 0.21973203982574801563 0.03633380499540465186 0.02223492180896686696 0.03220610123018438631
5	0.00414829918413476065 0.08365954966814735660 0.00512274553910040814 0.00926574842009821910 0.00559156605780207136 0.88552625992912104014 0.00668583120159613534
4	0.00815768510158027503 0.06037191180083163744 0.00946164411888640589 0.00239097997047574761 0.88480894793647602015 0.03016092149283652185 0.00464790957891294230
1	0.00099324938490508142 0.95804333483486869838 0.03593664338664771807 0.00066982088923384238 0.00035071887059476536 0.00223586740852304167 0.00177036522522769140
6	0.00634768210104441535 0.00051440361712207076 0.00149963598269020702 0.00050377097207744605 0.00018465656533402959 0.00162485700248172485 0.98932499375925020413
3	0.01751343026160201433 0.00177600489950899298 0.00482709000750300432 0.97323947082689588051 0.00034461902220413719 0.00100217152333150730 0.00129721345895378185
3	0.03719819212057132174 0.22775267623657519112 0.01580969802109931030 0.65518151697742199602 0.01933652108331480532 0.01291920823709735017 0.03180218732392013636
0	0.99728963630560574227 0.00063335704721611381 0.00011717005683117046 0.00100966386996825743 0.00064756885038231606 0.00023585350474590095 0.00006675036525030920
1	0.00427173955860090087 0.82627768928493161571 0.08139671227259460962 0.02171969887256215009 0.02160439174686686753 0.04424034128492574519 0.00048942697951805504
2	0.03703211531370764753 0.10733127973375550246 0.62340342213693789031 0.05597192419848665695 0.01326771490950456878 0.15014815557373101251 0.01284538813387654972
4	0.00457701889761619619 0.03980013573990250769 0.00739799694370862904 0.10183027669868378873 0.78874288436012529591 0.00570817519710847474 0.05194351216285564288
1	0.00537182846725683515 0.94164159869926655766 0.01744261694014766911 0.00423968265424636611 0.00117879112178597280 0.02906218523130357431 0.00106329688599337744
3	0.00625087719242363969 0.30844155851728605189 0.03018618448257898851 0.50242157316417312973 0.02307714128601491901 0.09886768225035533209 0.03075498310716717407
5	0.00076860065632198865 0.07692828391387633580 0.00217424923378790489 0.00005409633155074494 0.00357996348788998994 0.91636929617359552669 0.00012551020297751588
4	0.00028095434972347780 0.00126362865904045625 0.00023794965919827514 0.00164323511931630905 0.99349798608558015367 0.00003624712056914559 0.00303999900657253401
2	0.00822745966616114134 0.14815979024915090778 0.80685250622265847209 0.00075594390508154489 0.02772917144951169213 0.00572004525593955773 0.00255508325149721160
0	0.74656627766772676313 0.01478652481901476280 0.00286836256432148207 0.22455963201220535685 0.00231844282513082259 0.00529403131645906494 0.00360672879514169252
1	0.01609610315336107086 0.82749993940327482012 0.08875520240630947744 0.03730477105811186994 0.01132398237471294276 0.01334919861485623846 0.00567080298937253958
1	0.00133940026914333363 0.39025151353040676838 0.30789733784426942531 0.00050371237147915605 0.00097110084501261763 0.29328365202607142859 0.00575328311361697833
1	0.01271196646797291378 0.88231551315491296705 0.00201970349541349828 0.05741050542302979232 0.01304610112123413650 0.01610478765505627199 0.01639142268238088021
1	0.00500137345928564937 0.72143405201038102170 0.11186829041562741660 0.04124767414290706619 0.01729399422319357477 0.08352470537285776320 0.01962991037574774930
1	0.00173096217960309038 0.99171177260032761236 0.00065127126477128436 0.00463117056225448125 0.00058315603628537622 0.00062973392207318457 0.00006193343468458331
0	0.86376138448967909600 0.04532059269901902304 0.02653264421149239410 0.03519531882926687366 0.01271180572380795765 0.00340851618066977894 0.01306973786606473523
1	0.08583619492867428091 0.47647149416169648495 0.08938596769150529420 0.05244859011103678026 0.25311352276131304784 0.03089549506323283068 0.01184873528254113371
1	0.03135997156061846175 0.84206598945917898735 0.03710730301006705950 0.01603659308265509634 0.06060492150066150441 0.00797284729773117470 0.00485237408908828060
3	0.11248064145848359063 0.04093716890712063849 0.00346048565569182258 0.47124995614295284163 0.34651047434670229075 0.01308258731707717844 0.01227868617197157286
3	0.00149347307171417707 0.00018831946788597196 0.00011897817209355001 0.99797011316518047241 0.00001759553743962862 0.00002707910092884379 0.00018444148475755298
5	0.00701398453131663914 0.36787043181608419795 0.04604926004509853066 0.00012768967197823849 0.00712455416830335645 0.56986511645606152676 0.00194896331115698490
4	0.00002536421464777422 0.00011389537978126074 0.00012098886240057393 0.00117190984210656271 0.99834147061407707557 0.00003147062116066791 0.00019490046582592720
4	0.14595468041028245021 0.16618718586901157219 0.07634568828048972355 0.00507334414856834906 0.59535903874045248418 0.00475866446004121792 0.00632139809115425319
1	0.00235502003911119669 0.60339855061580127682 0.00088271550960171928 0.01015071338109994892 0.00072258767105732550 0.00958829242118936116 0.37290212036213887803
6	0.07396680613619224798 0.05744640308306805249 0.01025620226277757473 0.00177860658067700850 0.03354479148143798412 0.00159477055583422686 0.82141241990001290230
1	0.05809132028072801213 0.43285733948307125729 0.03813816591264244937 0.02884995920646300088 0.10033045190405411040 0.12454508743477378518 0.21718767577826744719
1	0.00656717626749949053 0.49384489543833354208 0.13533401662923932873 0.00482887702750755578 0.14456964865603569304 0.02092299659979979243 0.19393238938158344209
0	0.45157595600110683742 0.20078796395096482064 0.02089801517765335279 0.29864604251506665644 0.00630664808840331135 0.00565246903776314789 0.01613290522904176766
5	0.00086754825145910245 0.08318378954497136768 0.01922911338071937870 0.00082175023025292447 0.00751484224945264852 0.88765134043474891445 0.00073161590839543051
4	0.36529580574254794101 0.01201594989534985301 0.01484342864217492314 0.00053167708827721826 0.40384939605074238189 0.15111840515525468143 0.05234533742565300463
1	0.12939943249641491785 0.39495815023403235688 0.01922183579002574236 0.34266047662942572538 0.01461430554528042429 0.09652152828033759568 0.00262427102448308186
2	0.00449143381494467812 0.00062749905800663509 0.99082791494684663292 0.00103550657411945863 0.00139023280345393634 0.00131114197130402467 0.00031627083132420366
3	0.38332419862336847283 0.09484027275361470166 0.00480825129881454032 0.47454757704361638648 0.01116816807982585515 0.02310734894372865056 0.00820418325703130107
1	0.11336182551893597692 0.87767409741818092073 0.00152447730027718180 0.00138335676234239415 0.00036750285968411737 0.00533162736445322392 0.00035711277612617877
1	0.00688215571137354518 0.92000669266632228993 0.00773458723258357503 0.01307281499396971934 0.01550941037026890186 0.02085520603589275865 0.01593913298958980762
4	0.02283846962965204938 0.13587406851821168252 0.05292113070093172611 0.12321577969913945216 0.49607201812204970715 0.03205423915455665740 0.13702429417545911039
6	0.00047489229221794600 0.00089503006429285999 0.00324765987738916736 0.00068735622472242922 0.00960191194135966500 0.00362610352325666834 0.98146704607676105159
1	0.03322649686273720232 0.64213610542553034577 0.10422724041295940156 0.05329180454407762835 0.07641413835905942753 0.06211560351548751219 0.02858861088014876678
3	0.01354045947534020938 0.03379418553363941480 0.00880361081969174668 0.80546262536220603057 0.05342466325273414335 0.00951369125391620350 0.07546076430247265765
1	0.00033538326165265351 0.99668063090888769917 0.00070973280665318828 0.00130815185783923001 0.00010764637994518522 0.00084222692928067613 0.00001622785574082506
1	0.00418867615283238445 0.97460489993556820298 0.00060590996431012802 0.00501177690353363323 0.00025258497633188809 0.01279560971081740266 0.00254054235660566147
2	0.01381593626792460699 0.00431277865384176087 0.96187995572518647514 0.00721735165162490887 0.00161312005682840462 0.00207860639703685195 0.00908225124755734914
2	0.00015676338287547896 0.00040018379567782774 0.99562026946008908013 0.00030693805862580146 0.00189856112372275144 0.00126208951419065911 0.00035519466481965801
3	0.00250905623874460131 0.02816832360047343692 0.00060755906012804515 0.96807975785943833902 0.00010991755941889837 0.00038983390579251881 0.00013555177600426915
6	0.22795679630706383589 0.21500446067279105344 0.03519820678867825736 0.09671617943297168563 0.05381015252487793277 0.05581018131873847349 0.31550402295487894877
0	0.45747283323588916470 0.00813817950976606502 0.00711440220536718043 0.38242086827708854369 0.10600658967228322738 0.00568945284266911180 0.03315767425693644938
4	0.01993956169307987275 0.11530243116578227369 0.01233646460611458745 0.05561532915345661354 0.58055816463278187012 0.00975481177239628620 0.20649323697638849451
2	0.00164126844370000857 0.00239746030234287352 0.97202464323530968215 0.00847018760471790998 0.00461363198285592684 0.00777785016174599442 0.00307495826932754250
3	0.02717752212817256888 0.11225242781510723356 0.00909621976649881321 0.83310490039978435384 0.00178833422076740429 0.01634377682275783145 0.00023681884691206716
1	0.01875772608997492916 0.65578779593086722333 0.01151542300502398850 0.11571430203487673150 0.10196116123992678137 0.08881279354465611287 0.00745079815467405721
1	0.00678624004626060279 0.78649214296692759874 0.14641619696954683016 0.00570480326552584311 0.00864442217671389755 0.04384465858823486523 0.00211153598679041012
1	0.00051381233525902409 0.99004434559835208240 0.00593784639293315486 0.00245999069004363639 0.00018499692579117684 0.00056698976183583265 0.00029201829578463621
2	0.00503107806008996038 0.09615963756164905285 0.87293512610698054122 0.00321530922402762410 0.00067709203901763343 0.01063755498805548164 0.01134420202018048170
1	0.00355756747540349628 0.97338868001092071491 0.01374396678824796152 0.00348053806670193091 0.00420516542361584235 0.00120656280871317390 0.00041751942639758899
5	0.00268880136941834595 0.01049407164930679301 0.02372814298869495991 0.00045621889248105996 0.04537693357902712610 0.89522402591525729321 0.02203180560581485467
5	0.00740105018732119865 0.00474936243206846957 0.00216581250582695501 0.00188024232805111130 0.01101649590418035500 0.97118174584198424526 0.00160529080056795491
4	0.00366752300063231647 0.02044121102017951164 0.00072286480563756017 0.00358516684317586147 0.93580171444455984009 0.00367701593293661127 0.03210450395287849784
3	0.03819149783738032961 0.13526338564125905961 0.00995767520339225359 0.80070554032896135155 0.00096219122281107833 0.00582225244146841389 0.00909745732472740619
1	0.17865897305971131792 0.33407539718424683617 0.04392205150829372323 0.05579003007807850634 0.13378186621738316631 0.15160830173973979806 0.10216338021254642299
0	0.30901196122046481474 0.28446851210260126752 0.05685904042361414334 0.19284657812666147758 0.06437467625032561314 0.08674904624843406131 0.00569018562789868048
1	0.00264016380468699591 0.98548607598562110166 0.00046021485784261901 0.01069057449527333233 0.00031043747831714370 0.00025824442345338578 0.00015428895480416188
3	0.00231408105065306112 0.06811418915130004748 0.12450656349571308235 0.74219803191646538387 0.00838734004036070790 0.01907850760111863553 0.03540128674438866585
1	0.25286982398621149493 0.39266754465909853300 0.00716070286517702260 0.02683062210494007588 0.20579924856243386744 0.10390460493917161311 0.01076745288296717187
1	0.01065155489432817286 0.78962360287766153455 0.02835961875590466141 0.05512349137128315368 0.00469284275734729688 0.10565743755952947125 0.00589145178394503890
3	0.08451630123410337758 0.29624873733281403831 0.00790655314081765287 0.58087933353911269663 0.01787881447570564830 0.00323283286496343393 0.00933742741248288176
2	0.00003421832895613674 0.01106961158220244948 0.95645392584141641912 0.00050399063649601492 0.00014044829839015443 0.03179281550595761813 0.00000498980658151384
2	0.08649190001735539146 0.07759408193891656480 0.67154791422065518436 0.05888603696340356103 0.04131471067930375662 0.04674987856968250421 0.01741547761068320058
2	0.02701763163849171118 0.00798612369832262144 0.89968218781248188165 0.00115624676746749070 0.02210241764590378105 0.00838458806590497777 0.03367080437142717930
0	0.95804490582816059785 0.01248036062798489089 0.00355009888608821041 0.00322570802974196831 0.01391943417743191427 0.00666643317997898683 0.00211305927061330914
3	0.04113694489828504525 0.02251946437847415772 0.00399367533222231598 0.74075078679768224799 0.11495025481524090427 0.02764460285335912371 0.04900427092473667173
5	0.04456776709553070259 0.30181455574887794402 0.02619307915013045426 0.00700634812558681430 0.07778133124026474776 0.43095202683354866258 0.11168489180606101796
1	0.22523610866410620490 0.68381258628960761570 0.00569086925722907082 0.02842330373554064621 0.00352253686910915936 0.03847051001083625493 0.01484408517357085205
1	0.17817834142456745461 0.38219241459333197497 0.01331310321696111895 0.04259876060674958748 0.09045964339421935785 0.01121968958329728691 0.28203804718087333026
5	0.00057621314516656942 0.00249016517455716117 0.00447882919557921963 0.00367518790381648553 0.01123449219995622389 0.97563390346477651960 0.00191120891614834161
4	0.04791303607591561320 0.13453952187007289787 0.02894985471499314511 0.03986198632543768577 0.50565490993698491984 0.00404491719420243048 0.23903577388239335977
2	0.01205315197355900925 0.00396079325282467330 0.85937491398201082404 0.00128353321223536980 0.01271385762258939699 0.10442794361792474833 0.00618580633885563308
3	0.01684234219728796000 0.08944825027736025280 0.00072865381991442824 0.88573728845009824795 0.00348507679168426126 0.00260840767748439463 0.00114998078617041533
3	0.00169348381699010466 0.00421220181357919408 0.00526211471132193454 0.97279219871144395615 0.00575034823487338177 0.00034860028514732585 0.00994105242664374521
1	0.03258273672296930351 0.65587353918292434773 0.00489929288108512887 0.25370124369664359687 0.01710121263810293613 0.02131593464465815144 0.01452604023361663173
1	0.26428804866438265764 0.27046741923174855149 0.00326515464381025829 0.02124006755491147577 0.16238497630723694454 0.01075158391807547187 0.26760274967983449512
1	0.00000997662695436550 0.99988101246143756828 0.00003513294565690505 0.00001843586447846663 0.00002797482434896879 0.00000698780323437513 0.00002047947389002298
2	0.02175025847881217542 0.01328088426990088784 0.53986240516304440096 0.00042275611562327440 0.00009978501569892683 0.42435437665870456847 0.00022953429821566179
4	0.12765026474560028924 0.07352150330505716203 0.20582581810659977828 0.03873627030515022773 0.45232740659488529511 0.08703982507503373045 0.01489891186767339226
1	0.00063047594303218622 0.99897869535387040507 0.00003574129688790763 0.00010854999745467287 0.00000945961635274933 0.00022778001531736748 0.00000929777708467595
0	0.32492521044454175660 0.15718596314368732392 0.24053447879859607417 0.11557110402013395789 0.08104200661883022294 0.02695112324284786032 0.05379011373136288743
3	0.01809370533272831524 0.07916991009497985343 0.01196604266826771859 0.86404295309539558279 0.01270129150093547363 0.00391032543638401234 0.01011577187130922352
5	0.00582672791222595306 0.00296194117329938184 0.00382472394964328668 0.00598102132951080969 0.00019877754795418493 0.98114447833841955671 0.00006232974894689671
1	0.01332818281104256215 0.82107244088384756520 0.01040785488808267274 0.08651212618401982191 0.04818394219986595062 0.00675692457717679863 0.01373852845596418987
4	0.15221006898480513025 0.01319407523194684496 0.00865581489681950707 0.05759530200578302783 0.49993393023869647784 0.01409425394958625441 0.25431655469236280620
1	0.08131226878133032687 0.32442786467635043035 0.22375292921620251740 0.03082782948732749190 0.23937769066127473350 0.08052875047827624810 0.01977266669923805759
1	0.10793842794682616260 0.65617209199467585456 0.00825233591872280223 0.19423586974606626976 0.01063624311018747381 0.01648967755622596232 0.00627535372729559962
5	0.16972968425852705265 0.18186738740683738857 0.02896752468250942195 0.00541539542464803108 0.27439256374636589175 0.33498867258599956953 0.00463877189511258982
1	0.00650346368172635084 0.88240836934858457585 0.00106661416323731648 0.00022352877324504692 0.00010933944530198104 0.10925303827160316728 0.00043564631630191661
6	0.02482157430157796996 0.00161761938616101228 0.00754741358023592115 0.00078183382906026879 0.00160312274794865311 0.00200816733635717252 0.96162026881865914074
0	0.72866043423086956921 0.16700391319855037442 0.00686987929137277027 0.07798936243475963759 0.00432047517037811336 0.01413389536218353885 0.00102204031188580916
1	0.01185820265729127694 0.97808728648609988277 0.00100987625333977759 0.00424072781523452715 0.00287025158405040514 0.00071997674160093712 0.00121367846238285048
1	0.12726243750955812395 0.38671305728919502798 0.05893313803247741262 0.19204075532833039808 0.15863088775079620119 0.05385197124365963955 0.02256775284598283235
0	0.83811525026943622940 0.05873472766150216601 0.02413896385330634511 0.02609257431059520266 0.01331595940267415318 0.03226056486415523200 0.00734195963833064822
4	0.00258143473426860953 0.00568940804926973496 0.00106577611100786116 0.00039731720499996617 0.98203991420773395493 0.00595763865106074125 0.00226851104165902559
6	0.00810563337764269413 0.27452176755584462020 0.12796001370523313323 0.10823736248520852976 0.12903561804508678623 0.00639764877762288679 0.34574195605336177639
1	0.08069774909443135080 0.47476666452811749908 0.02849741072187934529 0.12466736494804557533 0.19762923819104963319 0.02833321351285141357 0.06540835900362498845
4	0.00265328553437017833 0.00279265346483195979 0.00036363802584168291 0.00015746045373618683 0.98835655258259613731 0.00287430850720632371 0.00280210143141764118
3	0.00110167839248858810 0.00218422678287669798 0.00090787233399963903 0.99567552911444545671 0.00001598670987717850 0.00009536778659465834 0.00001933887971760102
0	0.97837738204250279672 0.00062485429269007768 0.00016111722891997267 0.00037827267280793331 0.00165828994462538623 0.00031125083562854916 0.01848883298282529702
6	0.05294038469634394783 0.02309285151621853424 0.00392961214997892237 0.00964227146419856240 0.21150762152505656055 0.08236848194190390937 0.61651877670629950945
3	0.00014161435321736993 0.00005465092936922140 0.00028611489384921640 0.99949479963480303280 0.00000527153896615965 0.00001102643136970917 0.00000652221842672354
0	0.69410264892910578105 0.16677566066208229789 0.00410021604350793278 0.02106248399648776026 0.04357486819726898858 0.03705241236781012942 0.03333170980373744569
0	0.89567022776762983405 0.02743876127250086117 0.00445056921984836231 0.00269676705543762593 0.00907276254049249782 0.00773643386614904401 0.05293447827794174609
6	0.18258642300929156521 0.09920404143328775959 0.00381485018444001692 0.00241660771027396755 0.01638528503727437746 0.00705070510075427124 0.68854208752467804810
1	0.00222444218187656771 0.96790255332943053723 0.01079920376056773580 0.00144183244714861879 0.00011567477366453794 0.01600582816122630980 0.00151046534608544752
1	0.02415003698524954834 0.93313245457219329282 0.00430426126233003810 0.01313872809583850262 0.02141714095447714780 0.00164944142417587907 0.00220793670573558951
1	0.04299613132560053952 0.82370362791354234666 0.00704238162769520951 0.10484694641171361795 0.00265361359733391842 0.01731911209696286244 0.00143818702715132834
2	0.15783862624956512821 0.27796089781200133961 0.29269924353315884824 0.02503759774526875814 0.14720106528372978172 0.03220109560996765180 0.06706147376630823553
3	0.17392116228731238636 0.02110609267965115471 0.00110025288862339375 0.77847209182053223042 0.00724471416337100008 0.00831431483142688367 0.00984137132908261339
0	0.97300408032613150411 0.00144216783862690192 0.00157008484539635103 0.00119001066909906936 0.01674810299329358015 0.00051664304870673527 0.00552891027874590976
0	0.91591289206698034420 0.03645816807456369463 0.00146581819806186750 0.00930615251112535714 0.03271564567067338641 0.00340255703352490861 0.00073876644507011484
2	0.09324152486583020538 0.01689367514064362211 0.86194212965202610111 0.00188785765555667096 0.01288661900313560656 0.00934062780434473383 0.00380756587846300563
1	0.00218732813236199386 0.46311260352159117071 0.34288901550667422180 0.06014858805778652145 0.01366088006454274466 0.10999196691881447940 0.00800961779822897957
1	0.07936087572416762603 0.38285122788607922617 0.04602741554263786727 0.21345354816470649140 0.14182098818117855332 0.09847544250475488703 0.03801050199647510591
1	0.10609116509539995299 0.69782172198230774107 0.00287248912393056220 0.03840186725628075282 0.11205903519044926875 0.00570812547748441711 0.03704559587414720662
2	0.00298146197050123789 0.00170149621679365750 0.90580108770678202657 0.00026146365625014849 0.00516183897556444279 0.08315376466307669578 0.00093888681103281176
5	0.01017340628507138432 0.13339802761880034665 0.00309345596781131649 0.00155700511686955589 0.00280966724960713451 0.84829388129773197758 0.00067455646410824867
6	0.06656763796991221893 0.04544366268401844183 0.10717432962352659020 0.00635266130088344046 0.02507998721403228298 0.03090212037988589178 0.71847960082774098289
5	0.06332654678445069629 0.00937943403397104719 0.01856664794113413453 0.06367620200452872581 0.12422461991484988475 0.70528744114876018578 0.01553910817230511054
2	0.00138130863956076799 0.07222505051914594743 0.70433362141170896553 0.01323283027129290058 0.11425441220489201966 0.06220644524972118034 0.03236633170367848866
1	0.00036506087383959639 0.98412446066697911728 0.00927524398198566538 0.00134451330253383141 0.00020508789236199564 0.00455516366223132803 0.00013046962006851219
2	0.00187741131203205997 0.00201161776256541473 0.98946693620087255994 0.00287649350135025638 0.00264426853867131368 0.00076307326843993669 0.00036019941606786637
4	0.01612832292476002252 0.10869855075512339926 0.04541413097955105532 0.26068708764914821918 0.30881673488170685582 0.16643773070599010566 0.09381744210372117143
5	0.08009758235684193151 0.23494739183335747179 0.14072633093094288892 0.02514763843202097449 0.17031905666034025115 0.31301366854863882372 0.03574833123785758210
1	0.04459659775696020456 0.63387552886283715647 0.00727742616720120344 0.01303883265311199524 0.27562022476735081877 0.02025644153060192701 0.00533494826193649501
2	0.00000279067189986085 0.00003350328197527595 0.99989105947157341792 0.00002112070746694043 0.00002106925062659369 0.00001049562354599859 0.00001996099291104073
4	0.19389871915158768401 0.12210515941657665295 0.09229186400373227961 0.17836589521298834571 0.31013107529641403826 0.06034002230457451155 0.04286726461412612710
5	0.07108665930430910218 0.33173968488621591311 0.16551127945383492523 0.01514470626154751365 0.00792612387895839585 0.38673171753516744076 0.02185982867996722964
3	0.00962578979553733310 0.01604832936354524606 0.00642861719775542247 0.96459110748687515446 0.00223107170346576204 0.00061374994631371285 0.00046133450650739856
1	0.05086502706684301739 0.89511689656755444311 0.01388083201307297593 0.01496946450129356919 0.00336484351320166493 0.02111804575701070955 0.00068489058102367715
1	0.01092317010124486606 0.94540084461315243569 0.00091926977866713078 0.00175740907793403133 0.00121837462439120837 0.03383233042592714152 0.00594860137868346173
1	0.10043145980096204739 0.71406233076951552974 0.02219253772537505345 0.00304393062942372953 0.03399767103144300806 0.03247411126328385300 0.09379795877999676235
3	0.00516502214315470078 0.00136689629135519565 0.00258630401589412260 0.98665443730569113434 0.00088715278535446342 0.00041303688776997513 0.00292715057078121342
4	0.22182406262412951437 0.13061928692000435159 0.04892154507246479489 0.09942713271324238322 0.28603198335932428220 0.01250784913270152655 0.20066814017813314197
1	0.02441607462477383625 0.83390255127523449374 0.01978167093526907172 0.05513694451684013342 0.01238712385657829949 0.03652936572035943297 0.01784626907094487985
0	0.86970204412412044359 0.05750186925866157539 0.01241123066527827917 0.02731867087544570874 0.01066595455181989886 0.00706395821318906401 0.01533627231148498860
2	0.10261370678158156233 0.07020337944007276620 0.81070441692041594894 0.01043451670543364511 0.00173532021840708847 0.00297900909444782621 0.00132965083964205221
3	0.06637240497065011180 0.12994186009428398965 0.00092151243140628850 0.76172741424379519781 0.02564734388810928009 0.01225476080881439042 0.00313470356294044900
3	0.00040092603496560275 0.00864700749745831408 0.00031124069394505594 0.98943816160087594280 0.00027702735541255676 0.00053173477224475346 0.00039390204509756507
0	0.34668403623941168590 0.25127393175383633261 0.02643585696789927872 0.23361362808257812862 0.03098288140553888056 0.08825159373611737856 0.02275807181461843992
1	0.03002869110329975735 0.87298147130501002611 0.00193794655230295322 0.05911477571686567234 0.01124422857099925156 0.00819725226467481020 0.01649563448684733535
3	0.01112876992916993733 0.41063316921942616400 0.00358967730181642851 0.52726770974105141576 0.00166552915164890547 0.02687881108884565898 0.01883633356804141276
2	0.00139864940050308455 0.00166879752763740151 0.95266740089477741638 0.00710031580337960096 0.01247861733691060446 0.00362159009962931570 0.02106462893716271045
2	0.00010882632494720603 0.09355783037677131708 0.90116108960517404824 0.00373240194601819715 0.00005584042554831209 0.00125178212888186471 0.00013222919266047992
1	0.06957701088589246519 0.83634811129637198768 0.00949452483443911227 0.02601808801222849077 0.00178845948296156793 0.00089685520609920411 0.05587695028200685698
3	0.00106232084037899952 0.00040161550924096832 0.00025752530674740307 0.99778749930387844458 0.00013441982922317498 0.00002773537081592365 0.00032888383971459563
5	0.02301456247704472893 0.02101563146575407062 0.00654860054199776428 0.00144429887041961063 0.00230126057698867847 0.94416652265544676048 0.00150912341234840891
3	0.00015641684887279417 0.00601323886515016566 0.00137513679689133602 0.99100673155809004822 0.00090028539680804748 0.00005800361731621991 0.00049018691687209191
3	0.12306995128503110670 0.15185715604814570279 0.06504380039469689900 0.51432065509801705439 0.08098213310984000990 0.05044487903431527087 0.01428142502995421483
2	0.05783385353126037354 0.03167237676839081140 0.78106470705161190615 0.10729662490125797814 0.01122173435042074854 0.00397227419034358164 0.00693842920671463789
1	0.00256374641566122245 0.93934657285894929135 0.00651500735141103196 0.04569989454786468897 0.00087192563962117824 0.00095399608608199009 0.00404885710041004345
6	0.08990766380644876765 0.10326520468913065465 0.01818897791544798331 0.11165459447426270834 0.06244706118570425568 0.01156927860133145913 0.60296721932767438634
0	0.99359578870974274434 0.00032277142311110054 0.00050154903722024696 0.00081204027949875605 0.00248951289024852826 0.00131367446058510556 0.00096466319959358855
3	0.03816498517329729862 0.15210879942299929124 0.10748723638698920446 0.57282101825590148181 0.06664054170114787345 0.02655563133838030609 0.03622178772128431534
1	0.00670525716547236677 0.96336577753519925249 0.01352705846105678976 0.00711552885151812455 0.00032221308401714644 0.00682747353683063433 0.00213669136590515776
3	0.22330852101639886431 0.07616226816085883145 0.18452538824509301385 0.33921024401578991903 0.06749525079230321578 0.09222602680331644376 0.01707230096623981244
6	0.12008877634396912526 0.00054536883386281947 0.00052677700437276699 0.00255511897978725859 0.01416377298195727052 0.00342238134419924718 0.85869780451185173664
4	0.06546956950573711020 0.00997858837063310064 0.00370145855126610733 0.00114663850026404477 0.62946530071508899340 0.00396923207787314679 0.28626921227913754153
5	0.00586272994686958850 0.00869362163337610884 0.01359606911745293509 0.02291859368096313063 0.03592969252051175788 0.89693005363472078084 0.01606923946610577802
1	0.00001942834106755836 0.99939852019447050768 0.00004031459565106234 0.00002197009306487404 0.00001444963904628757 0.00050118654419910845 0.00000413059250063031
0	0.55148625761177083593 0.03488931045034092404 0.09412989667738634603 0.06320223970052041285 0.03740084961862382568 0.06183514344995219569 0.15705630249140517529
1	0.01970783347397822918 0.46462279046984417130 0.01169933253816752595 0.06731926960599059206 0.06042295897447043374 0.18304896629814595976 0.19317884863940321116
1	0.12856314812228444855 0.70030831135785387431 0.01106073904033416481 0.06577199167267371027 0.01385209338891870041 0.07689054013940674337 0.00355317627852840641
2	0.02005362467544686417 0.01765257159627768579 0.93989756263829105087 0.00173055684018597359 0.01601828379174503186 0.00385184279558132810 0.00079555766247227909
2	0.02067806002549686661 0.02088978930066678896 0.81786031730825992092 0.00565867917883167669 0.08517625220474410452 0.04522173464562243006 0.00451516733637829723
1	0.00084470567452483677 0.96429694617744299290 0.02795006462289277571 0.00340305446319223281 0.00025031925128489408 0.00156756697208364562 0.00168734283857883147
3	0.00104309397753059654 0.00400147657978209680 0.00101760034400887327 0.89962905374063129038 0.08484282259051649511 0.00850220295806359064 0.00096374980946648187
1	0.08550100269264153396 0.37760647643755362868 0.09908829665376277240 0.02625322643478795667 0.06598472512343964147 0.05946424531234727889 0.28610202734546752446
0	0.52219310020216613832 0.15270568722316743560 0.12028042338028460678 0.11878613533371128186 0.03722076178194815704 0.00960255083931787524 0.03921134123940449301
3	0.16273554058594025262 0.05321066699903615610 0.01591538344871419944 0.69857019849997592509 0.01398356234873376382 0.02824573370963183797 0.02733891440796761343
2	0.00125451754641200887 0.25349756321485944488 0.31608612459497059666 0.00974797977525132357 0.11661994324519035782 0.00413151925149354230 0.29866235237182231499
0	0.60726731961437863117 0.12752320867217567524 0.03692793746751578399 0.03424662008484490733 0.01679754292141395072 0.14481975226206941776 0.03241761897760180727
4	0.01060821865839952499 0.04381095082585176326 0.00409684759446401949 0.01379846364680939637 0.92207683724787703472 0.00234928748930677850 0.00325939453729182614
1	0.00600871253325029747 0.99077371611383613370 0.00051472373273792223 0.00133747791972447334 0.00098520778333092106 0.00026359957364592270 0.00011656234347405265
0	0.45686088975937705348 0.11951143777135898871 0.05301654507718185638 0.03601333421415197494 0.14261753270828883555 0.08210361076645039669 0.10987664970319067914
5	0.00304530803200977205 0.01341902337771706290 0.00724335042275535326 0.00315090340599035639 0.00136143151598700917 0.96358608423405722743 0.00819389901148381665
3	0.00470262229883545123 0.00402540149873450558 0.00268246207749850028 0.98681038768256379434 0.00130715815958146360 0.00005976281958104162 0.00041220546320511919
1	0.00771157275940881869 0.96235940700433386663 0.00022919887770453260 0.00643642944625753572 0.00090755196678328595 0.02225117328682165233 0.00010466665869028755
1	0.00129759354075927556 0.99494504961966545586 0.00027430579569344762 0.00300900190718487136 0.00018948039065329268 0.00027159953734329445 0.00001296920869986074
5	0.04082106453816528036 0.01082598278421884920 0.00363560386306136483 0.01828166101415338446 0.03747331031882132624 0.87840711944655969212 0.01055525803502040637
1	0.02157424001834848046 0.86802714993782092989 0.00384453319087802630 0.02540672919994441808 0.00505031295747452973 0.06328121072122026847 0.01281582397431322434
2	0.00161393228608404317 0.08892955182773278067 0.74689163741803554775 0.01550913309644638000 0.07043873217768661932 0.07341182970062161417 0.00320518349339386473
4	0.02972302591009481909 0.05965549982452417882 0.00900901303127556001 0.03391535601109977455 0.52880600490727402985 0.29855757809065719410 0.04033352222507454593
3	0.10150142303232286001 0.12409338482308057694 0.00079539414316296417 0.75580419020660760676 0.00230208455277689525 0.01208798510249119683 0.00341553813955794558
4	0.01162233536620122486 0.00396096637853940014 0.15897793279837368896 0.01086962947402235653 0.72968398723599714462 0.02468948084683451893 0.06019566790003149509
2	0.00021488466399726723 0.00553694251277852753 0.98242383230101892888 0.00021117092020480970 0.00018751396212656138 0.01003441173564825067 0.00139124390422643148
1	0.07528255516060321229 0.80290316872824463168 0.00926689716721527078 0.01945892311598520705 0.04628915340605339879 0.02434322889885226146 0.02245607352304613072
4	0.00105420132950786874 0.00164537319887162045 0.00009717922640140743 0.00004825574933944391 0.99478700826127353096 0.00056098425537846961 0.00180699797922799130
5	0.00002150456082858737 0.00055580243145093085 0.00076492494236336838 0.00003894779157045230 0.00053392971179073935 0.99783431807125555491 0.00025057249074027184
1	0.00990305416430361379 0.91001701085396313751 0.01069482325277124057 0.01300602625041389661 0.03747742620706280559 0.01340122477527554319 0.00550043449620966993
0	0.97679949663324006082 0.00763192217895222388 0.00210269040945405914 0.00422092454077830758 0.00623298153070897705 0.00085697317274710484 0.00215501153411935906
1	0.04014973828386290272 0.60029105607088106833 0.00747050557087920904 0.08011452447496689167 0.03025937438319873524 0.17221186447183006729 0.06950293674438128011
1	0.09448868370766147495 0.58907074837187878291 0.00825472410543219570 0.27944005653499798258 0.00995786354257091784 0.01369645390769434409 0.00509146982976421084
1	0.00146271426197710076 0.99109718666790225239 0.00286879284643110338 0.00073177971670091400 0.00098091340180205661 0.00226732947314975094 0.00059128363203697772
4	0.10438238256614981725 0.00963926482560207958 0.00367163334128043977 0.12465195733514247700 0.59939400436901479896 0.14250815629714502775 0.01575260126566550845
0	0.86749606199002227136 0.01813978426554903323 0.03444965572029504847 0.05954964811037837674 0.00558977578338447703 0.00477994927934851776 0.00999512485102242720
1	0.00540363669310297765 0.99350441855231819144 0.00022391074993473778 0.00029445299728756243 0.00005450695334429950 0.00050684752192683958 0.00001222653208655639
1	0.00131832733455619893 0.47010232089755737972 0.45402673946662980287 0.00327330919417521005 0.00016521444306104771 0.06904150709336456804 0.00207258157065616467
0	0.51051058977831942354 0.01548683446237260689 0.00407813096240417471 0.00673006221215929987 0.05938472915128853447 0.39116352800401815726 0.01264612542943775557
1	0.12149123741192617565 0.51367549976365267650 0.05489303707688034800 0.19541877128790019480 0.05695011030635679927 0.04566558758952684455 0.01190575656375699592
