1	0.04463443717854532339 0.53957765224562093120 0.11317420169911054928 0.12121353980357603419 0.08318398265606194442 0.08821787702138988996 0.00999830939569542818
2	0.02024448390428672945 0.00081962083756583826 0.80000011488126121506 0.00045675127244273203 0.05495453937206749156 0.01710097214518449191 0.10642351758719187371
2	0.00409032158636326876 0.24812361327732765370 0.55118486900605168088 0.03167609537014619281 0.08080577877230345207 0.04300288817644403599 0.04111643381136390052
4	0.00644017080270124168 0.00058786756553353119 0.00673497240676636244 0.00378054215386969695 0.97110383471340044892 0.00987751356799912439 0.00147509878972961958
4	0.00068443996725283350 0.00808421335464583682 0.00140079552465086185 0.00338938615640600738 0.97882281386976821569 0.00389337512705275821 0.00372497600022345587
2	0.00707794795231425199 0.02500550571966692753 0.75170775761906472034 0.01870008194313003969 0.11223091824115995208 0.03754639764996373780 0.04773139087470087971
1	0.09093144179244694314 0.63774652035099499425 0.03563000941431526680 0.05131227378031907871 0.08435663417963767952 0.01827139518816324124 0.08175172529412305655
0	0.48186434499364999562 0.37643569755097056051 0.03450707877570060450 0.03620260952359250634 0.00249564120138518093 0.06697461778327090665 0.00152001017143002059
2	0.00023701043775359269 0.00211590489734932597 0.99551777748281400360 0.00012345513653324092 0.00167972759551668674 0.00023116582226499104 0.00009495862776802399
0	0.97159197652948936508 0.00116396678107592573 0.00374225206345512543 0.00501030337458515784 0.00477537157220175607 0.00563349304645693015 0.00808263663273583836
3	0.08354275165473257214 0.09192964344640745800 0.00786480210835715891 0.63455479296964412139 0.09079532929976190381 0.02120931027394345678 0.07010337024715378174
0	0.32291984531547479609 0.25811005235486006448 0.09351502755322611826 0.06683938186978707896 0.07554671735613098515 0.12305357366420405230 0.06001540188631681455
1	0.01727612286059400717 0.84960623185030759164 0.03358220236957306509 0.06663035733435318519 0.00186431086923461928 0.02475477098100211520 0.00628600373493553091
1	0.11264389916858831564 0.73260175392337856248 0.15250319085826660737 0.00010968622167683988 0.00115753645294636338 0.00021715767581816558 0.00076677569932547213
1	0.00005378249192124217 0.99761868892426674993 0.00161702614943486675 0.00021777234881732916 0.00006596279025561782 0.00026614511694076823 0.00016062217836243213
5	0.00855917166112364278 0.03942287743411363593 0.00466354000695348367 0.00606328059846249299 0.00276647966988242955 0.93277365084963759223 0.00575099977982634035
2	0.00004931928705100627 0.00002093838391961726 0.99845194103391998741 0.00003997064669930043 0.00093136256458480580 0.00023797593085846173 0.00026849215296707472
5	0.00009915680519011713 0.00003096294629066451 0.27164054727587993998 0.00001417229806588825 0.00016302875863364680 0.72774934656534950861 0.00030278535059074586
3	0.00020375214680637811 0.05244738205598020037 0.00154999652233868911 0.94105658507435585580 0.00063473176030440009 0.00184481357125564961 0.00226273886896021740
1	0.19885099583852663963 0.24373710133948531253 0.08504651285708107744 0.08631057218326480818 0.12798378567370088943 0.16692516848462693457 0.09114586362331458802
2	0.00000261091509992339 0.00005573918085745787 0.99981249798603033518 0.00001738301401737864 0.00000305167653135432 0.00010686731188357545 0.00000184991558124400
3	0.00181669716073583603 0.18437117825579049657 0.00068014599290458098 0.80974162429038487598 0.00038550642677244321 0.00217928165685743122 0.00082556621655398537
2	0.00381674464116166234 0.00516470839711160711 0.82079697194003764515 0.01901879456322043763 0.14452256055267251322 0.00605040700991518222 0.00062981289588215513
1	0.00027228187750933042 0.99190179518795440483 0.00403853593526691708 0.00108373721540974926 0.00068366740788824521 0.00189873208520353301 0.00012125029076837409
3	0.04110068430240189363 0.00580000724352891343 0.01465533634765519601 0.93540214969859469818 0.00031825444177155008 0.00049056162857650653 0.00223300633747110060
2	0.02155850556976618426 0.38990079233116836654 0.55394211773941615107 0.00503071304844444640 0.02198477830461951360 0.00618169341405013471 0.00140139959253546796
1	0.00213998010425501053 0.97087973975077790367 0.00143417830774340599 0.02475630313739165048 0.00034564295741284714 0.00035867555014526705 0.00008548019227336456
1	0.21331647037655221411 0.50102767197087294537 0.10740142101107581774 0.08657550903024967270 0.06679081097798300615 0.01188275987203621722 0.01300535676123004865
1	0.06299288745317932481 0.31466896114216502678 0.18106115400156513884 0.05634017381450968920 0.26075418691224372392 0.10305006425557142191 0.02113257242076580292
2	0.01368840589438959088 0.00100021537601034357 0.96739164290347290365 0.00049345569508209351 0.00768799174833011394 0.00926822023167673745 0.00047006815103828754
2	0.00129549325043799022 0.00006559602537354224 0.99616654088723677329 0.00022508244691713905 0.00155690522634008136 0.00030883797956984615 0.00038154418412456113
1	0.05117066698333704727 0.81228635975222029941 0.01069083034148932826 0.11007772607779937879 0.00668571041925945624 0.00702545544687982210 0.00206325097901453999
1	0.00055726339968808396 0.99764487055107364810 0.00086016560452583215 0.00025934585793390997 0.00022570000387342728 0.00026052959576991047 0.00019212498713607376
1	0.00000796825160618719 0.99980131916436065787 0.00005151284332382619 0.00001322432097365687 0.00001509204565606754 0.00009479452814366273 0.00001608884593829528
0	0.41319360323329656914 0.03462799997551328085 0.05582192932510203487 0.40358937777460385243 0.01662730480657954174 0.03915094222563638565 0.03698884265926825898
4	0.06515779469314063321 0.00576547707939801136 0.00759095607092678641 0.00507685381593579038 0.89403831250608556402 0.01071150156240421002 0.01165910427210890138
3	0.32598150681798004902 0.00355304481275032320 0.00592334618857381489 0.65958235181288160653 0.00397744229001506695 0.00058804236182552168 0.00039426571597350713
3	0.03179218212928563991 0.00243155359197254600 0.00238363229563057569 0.73206197148416818354 0.22633700945433102292 0.00368707012966279892 0.00130658091494971289
1	0.12632333992323147021 0.76087333159403158778 0.07235179681107163641 0.02233780159996023515 0.00109423600390917567 0.00156222905736964034 0.01545726501042574835
2	0.00001837145059604565 0.00000897180565690515 0.99959190412884113552 0.00009356724259037304 0.00007136032288093075 0.00020701474125389187 0.00000881030818026639
3	0.26717514370409178870 0.08353196454645030189 0.04227614912659988927 0.54552388803425821973 0.02634924442528135610 0.00995507205811204006 0.02518853810520632272
1	0.09090872898077761999 0.75889111000312825528 0.01481205943369024412 0.08760822592684627819 0.00602634285902036750 0.02836811476073300420 0.01338541803580451696
5	0.00005723359986293897 0.00178244399479794333 0.00131949574574916659 0.00002541113759306952 0.00320130700796824067 0.99345906818860441057 0.00015504032542509776
2	0.00000121260600476356 0.00027119399136090919 0.99694404608802078549 0.00003283490909884741 0.00034695703158704641 0.00240222903017741837 0.00000152634375050251
2	0.00010182616706334827 0.00002565702930020870 0.99957042459850264926 0.00002663947247462096 0.00022584740069778400 0.00003128116507145377 0.00001832416688878287
3	0.03240949168262279023 0.09659370410678573549 0.00215520917287771773 0.86553837109764886204 0.00096184795905851332 0.00223613668275422913 0.00010523929825228451
1	0.00840922624783246343 0.97089221942397863074 0.00743016707875097070 0.00408604415563494291 0.00706602585709200943 0.00101947294679418776 0.00109684428991745292
1	0.35828085841943924095 0.58720475568049856907 0.01233294559294342320 0.00694025143390855550 0.00231018781230107884 0.03153789836406658414 0.00139310269684222239
1	0.00087261716502121253 0.93073819630487908405 0.02975217136398469048 0.01139865521867757837 0.01978430014685590363 0.00205832111487708322 0.00539573868570423706
1	0.01115974433964018846 0.96597919679417754146 0.00185180911672975590 0.00733376122595242371 0.00623302725410466562 0.00647854850666876054 0.00096391276272713323
3	0.00368884614265952392 0.00018846559200807919 0.00033356713870418247 0.99401778681708741203 0.00084868953250214038 0.00034452191537614427 0.00057812286166359966
5	0.00207563222586578874 0.00695648011443519582 0.01351473171371415927 0.00435667692379023124 0.00497799532493575000 0.95552737506879736884 0.01259110862846115307
0	0.99787024433756665864 0.00022880206672766865 0.00004011958042633814 0.00161972407139467935 0.00006447397560059580 0.00011524508840912217 0.00006139087987502610
5	0.00067891218816386941 0.00358038021706698524 0.00590768468317736089 0.00026261396380356780 0.00166250957409840657 0.98775756398298364402 0.00015033539070585268
5	0.00142583633144845352 0.01474914076373340030 0.07638623089853022186 0.00589210810457794013 0.01670276721683262161 0.88252678263281369997 0.00231713405206403558
1	0.00189503738929869682 0.98889712707941901382 0.00389258980902433766 0.00087473923285542171 0.00378763290437433712 0.00035148236878932413 0.00030139121623917769
0	0.46619296705224833044 0.02769988908141333278 0.02016793559201024780 0.09335103978782083312 0.03987072750941222932 0.05402942618127624247 0.29868801479581902347
0	0.43341310198390686770 0.15915407398966249786 0.09502234981900212207 0.17200517788707389566 0.07623599340992989748 0.03386221341519065481 0.03030708949523399851
2	0.00011432797222654477 0.00009346636061327462 0.99941420955759541211 0.00004563432671121702 0.00011443386538192312 0.00019621016431819685 0.00002171775315246901
4	0.00002496320888062126 0.00084262964241615121 0.00046376765494284927 0.00011900139747500585 0.99838870519403788428 0.00010404495368294815 0.00005688794856461842
6	0.00023222319611360896 0.01258895862255335688 0.00073778450369843377 0.00057042738136508359 0.00035475955555121490 0.00013187888193818913 0.98538396785878068496
1	0.00325082675104550276 0.99268557522411615679 0.00120313081580613766 0.00045908561527148868 0.00047659029174915119 0.00184172449102421834 0.00008306681098589618
3	0.00266418637234079256 0.13628224530002444603 0.00541033891251789870 0.85210788739590692664 0.00142366699186748514 0.00037289763853279220 0.00173877738881004834
4	0.13443889373095252449 0.19971584229892552775 0.03294441840341206379 0.14365074319708120987 0.34593187093034427626 0.12888045002820652796 0.01443778141107781784
1	0.00030787748280451964 0.99673336256257605292 0.00021813275825619558 0.00002698558457961591 0.00001218034654682579 0.00256278555207572816 0.00013867571316309048
1	0.04599211395374589589 0.93059940111991712453 0.00422799650241955424 0.00095501981496089910 0.00804843301070688397 0.00787650485135092150 0.00230053074689849169
0	0.24646221600812701080 0.15120614158784548287 0.09826368898932186235 0.19006523308384035142 0.05759988885063171277 0.02016209043434789849 0.23624074104588577150
3	0.02891280337030988773 0.05573034979839207315 0.09106885882326366810 0.50046218842997181042 0.07969403777628755736 0.08236447706822404291 0.16176728473355089788
5	0.00016355885648484903 0.01805345377266847837 0.00332948412976339118 0.00013131229996540307 0.04329113211655309656 0.93473104463933431862 0.00030001418522943436
4	0.00699265433729557261 0.03921362460468131445 0.00256847367626302945 0.00522736646789065135 0.93316920717758478077 0.00045356695511497927 0.01237510678116948530
3	0.00165632658839765055 0.00014399956292743740 0.00053333126529084914 0.99665967173859970618 0.00011313091434987408 0.00053716968209230982 0.00035637024834174008
1	0.00028451681912416548 0.99581830362645396004 0.00233713995995756029 0.00028783300739139054 0.00013194973410310742 0.00038384385889181155 0.00075641299407720394
1	0.00059839679076993538 0.99652349960845199028 0.00156656579002384367 0.00057748135083618738 0.00003219204119621350 0.00067638610295411307 0.00002547831576917639
3	0.00129261932352950251 0.01946720354736952013 0.00241378271695921872 0.97380493739770679351 0.00202637011156543831 0.00057568502333247749 0.00041940187953682338
1	0.15433273188266558029 0.40868171528922520030 0.07860348551877863188 0.24424536953634889969 0.03137572372561768519 0.04370835878787936168 0.03905261525948432177
0	0.83704724589351064967 0.00369545767744714751 0.00890503308687009762 0.01058061436601921528 0.00754641415259663540 0.00074436565351480182 0.13148086917004142560
3	0.01768530392728873135 0.17987153690447921228 0.00857645550434195034 0.70867433723347517116 0.00271608385760544998 0.00586645459978016055 0.07660982797302919034
1	0.13924395722639193451 0.43179163339239251540 0.07622417089378598354 0.24464988682420110711 0.02627923488977850289 0.04178761463716070684 0.04002350213628936421
0	0.84192091548354708319 0.13526758022269544379 0.00225241816067030557 0.00510373214807150703 0.00736015878733188925 0.00264655361987487349 0.00544864157780885171
4	0.10077223153150428880 0.04831858489689711683 0.06854587794117217303 0.24802585553519554407 0.43981914355381190873 0.02414028307515452693 0.07037802346626464978
0	0.81484274573721227064 0.08278586841131478635 0.02048633770115592528 0.06042692708822809677 0.01168411430996046420 0.00152743196589778850 0.00824657478623089593
2	0.00000894729192605719 0.00000261348546366325 0.99982581842400797267 0.00003815745342652793 0.00003518990846320855 0.00006837277628618608 0.00002090066042550383
2	0.00699996504625382838 0.05466447104112696909 0.90991849682528280763 0.00621153723884652464 0.01304651403742828480 0.00469734518190970379 0.00446167062915147315
3	0.15900082405145490871 0.00216464963614133431 0.01265760700286218052 0.73102472196983425690 0.04168334229585401313 0.01359659140378395754 0.03987226364006924567
6	0.05166451510809266789 0.10221241585215037895 0.02291725697203716647 0.00233287584280818597 0.20430826129228438215 0.16980520719509914485 0.44675946773752789332
0	0.60823669574002137139 0.23368906718705617642 0.00653567765306049472 0.00432705097718773853 0.03780254694114001945 0.01109375277237624295 0.09831520872915794351
5	0.00013840026711133371 0.00007282416289481648 0.00007187450282578936 0.00017880260291751481 0.00002889661762207000 0.99950453232203106957 0.00000466952459812528
1	0.16709313521932839253 0.67286623661723765633 0.02838481047913073499 0.01705784230812243743 0.02134809988666894892 0.05067792039398118925 0.04257195509553032831
1	0.00124744753357550892 0.99422306706431173851 0.00146790478942118155 0.00164421693575508192 0.00049687037483234675 0.00083479699751631050 0.00008569630458779624
1	0.00308418120447941568 0.93745336574701987331 0.01054278792463825970 0.02300602091602403296 0.00960323769025625378 0.01511455143695526922 0.00119585508062722843
1	0.00657634588358857550 0.69819626162373960021 0.06798110359128997637 0.01372451739523577845 0.07914912252673267368 0.12800529445982417043 0.00636735451958867719
2	0.00001592951458424238 0.00007427467394542619 0.99943154624757257753 0.00010405870831235996 0.00013058698803423602 0.00021496337034884099 0.00002864049720221725
3	0.01532241364644465996 0.03181069296010057695 0.37306368666523248567 0.53238236636800440049 0.00437391947891738273 0.02785832238594278948 0.01518859849535749394
1	0.02876171924538646271 0.95098558071938144032 0.00038581118233433503 0.01542613153856938271 0.00280566492100317198 0.00058910356397532944 0.00104598882934990199
1	0.00257119079665386711 0.61576226797181976558 0.24434590905753583723 0.05646085543980096377 0.01729442916071156910 0.05116298921564895602 0.01240235835782960844
6	0.07948005329257154528 0.24398368338396680954 0.05918966631313633125 0.15266654689393990840 0.08181850881222320349 0.04576756401057377466 0.33709397729358853146
6	0.33913909728851815428 0.10589038080763588101 0.01545360613481173810 0.03162308757731318448 0.06545040153129323690 0.05342087178837447853 0.38902255487205344986
0	0.45271965382381540444 0.07641529583951295335 0.05315737551970952518 0.30085128962580592882 0.04848340562267140080 0.02264856530386292338 0.04572441426462198200
4	0.00004047724506617180 0.00015556232422417091 0.00018639028797369129 0.00063010077619269364 0.99876918105594314490 0.00013338884953397801 0.00008489946106803273
3	0.30287001089506732088 0.07715471561785880450 0.04755054827246095461 0.50953980483899063980 0.02174845441403193066 0.02344273283166643448 0.01769373312992397404
2	0.00000645308179427045 0.00000573806734637858 0.99939893137441238036 0.00000130655865663030 0.00031291674174372823 0.00025010226111633096 0.00002455191493133307
0	0.59018213363617966216 0.00107969735851255722 0.00073844269821861320 0.00128431241160446917 0.32070892899895070416 0.00164350178012180321 0.08436298311641228509
1	0.05563877407171121531 0.89810035504381147131 0.00364125689154138395 0.00304333612149141567 0.00095554270642129633 0.03608463957024168195 0.00253609559478196363
0	0.98876423545738723053 0.00303041949524359170 0.00006433196356561414 0.00152273225551166321 0.00185757063981018640 0.00205202839999993423 0.00270868178848173184
1	0.02430251558205947723 0.37082223698031008263 0.17322494771457982998 0.19639624514116024723 0.06203249668252441146 0.15346216504591511653 0.01975939285345094248
4	0.00151805716759414772 0.01411852303674304525 0.01218583665546876284 0.01090248473995950908 0.95854656819021921699 0.00140427684886811240 0.00132425336114674235
1	0.03879186207233760453 0.49997672253679309451 0.06655024182002244881 0.28455719056049783022 0.05041993040991038511 0.02105093677367664978 0.03865311582676245888
5	0.00001937655682404944 0.00000128252955300096 0.00009163929156469893 0.00001973235556865491 0.00008561640964149598 0.99977954090999965331 0.00000281194684770327
1	0.00164231924026703884 0.99614170614068986431 0.00069989643861145887 0.00048481906166644977 0.00029988468404287697 0.00070951763522099430 0.00002185679950124441
1	0.04766513883853417538 0.67912744025904991929 0.04973504656591983680 0.05053689629815436013 0.12986694133030132758 0.01990885365849376018 0.02315968304954619389
0	0.61848526766941092081 0.07979509063295654736 0.01255562986053665279 0.04910761274176906471 0.19069309152253091644 0.04442571920362912291 0.00493758836916676543
0	0.72330746460705652723 0.04189542286881570848 0.00748447666505047075 0.02890230858794029523 0.11362731078091439785 0.05815104635997281335 0.02663197013024984697
0	0.94973654990002076559 0.04242409590552680132 0.00204927388034843814 0.00270311534234173945 0.00095782670129827569 0.00033634807298868420 0.00179279019747536836
4	0.00499876817095977737 0.00245975356386444327 0.00708683250945961289 0.00630713430213041947 0.95612158836836302900 0.01009319013854521538 0.01293273294667863019
1	0.01897299490480579970 0.67676973456793176886 0.02788003650994427471 0.13495316841299034860 0.08018600110742370168 0.01949342361008291752 0.04174464088682094953
4	0.01862178695079185278 0.10222564374550666133 0.07206025836373353144 0.29551186003515311773 0.36349345330384563724 0.00747443244118002267 0.14061256515978926007
2	0.00000603048749452322 0.00004517427254785804 0.99987691667287781350 0.00003265813563898876 0.00000369527363291021 0.00001624760187594126 0.00001927755593349766
3	0.02465021850237773815 0.20836456691017690712 0.01022769267812577952 0.44305780442627035187 0.30223785523036134082 0.00747095417558088851 0.00399090807710702090
5	0.00069026459202464448 0.00032225551170005139 0.00211674781488797002 0.00012476515513709595 0.00723464665379253569 0.98917216264960661221 0.00033915762285106633
5	0.01164979871497079725 0.00134847570825686333 0.34391040399415612194 0.00240688004247030778 0.00182993928416946361 0.63803451225965457372 0.00081998999632156488
1	0.01588259224632280683 0.95825437047648021061 0.02071269006273711299 0.00259844288678095928 0.00033226538142156522 0.00186576088522028808 0.00035387806103672739
3	0.21248475382771245257 0.06035009072100511879 0.02469325155579571093 0.62329832163638743125 0.01409050411317535993 0.05827495531470280876 0.00680812283122122098
3	0.01516658863646237407 0.01318209199106538942 0.02890038510379388387 0.93595919041570618813 0.00296144836847061837 0.00194337979581738277 0.00188691568868484686
1	0.00020774655848883471 0.95265924614008368199 0.02025484915723143112 0.02036377165446657742 0.00127172116054446115 0.00461836141956777687 0.00062430390961650971
6	0.06157779217657275567 0.11664750454868909324 0.31665924234254577696 0.01513593616406461173 0.04753888891257975619 0.02045135350426127707 0.42198928235128679853
5	0.15714216210788051198 0.06096412944759704161 0.06629374550376247732 0.12496186164660159912 0.12771610706831193482 0.43282806931662470840 0.03009392490922177879
3	0.00228134558527091653 0.16495474941298665650 0.01094071177886040032 0.80706277600789411153 0.01148116803791917641 0.00150263118679538552 0.00177661799027307608
1	0.21338481777264967088 0.33263449676366158014 0.08503945432723800102 0.17274530075635069482 0.05085478108900420846 0.10570346384155505925 0.03963768544954072992
0	0.30771592460740637698 0.27898133996970453374 0.03446245703544541239 0.12381110846426121586 0.07980576504866611354 0.15738510357126209160 0.01783830130325420038
3	0.06216662642373643743 0.31615375586880373193 0.12183972234879314467 0.42183180199211922634 0.03801079964814883805 0.02477049377739144395 0.01522679994100735804
1	0.03541708884850876260 0.74035144952342024638 0.05749314988166454726 0.08065925612161302383 0.02476381485667163498 0.04040385593310801687 0.02091138483501351134
3	0.01381355686980246210 0.07611910190172670176 0.01749052235559752158 0.81605627229492583297 0.02432927108712158379 0.02659887742806520475 0.02559239806276069826
2	0.00331075116440937046 0.00002572583870123607 0.86871136067745391429 0.00007776357034915707 0.00054539045101993546 0.00014993949348045174 0.12717906880458579311
4	0.00006309160496864856 0.00138613970050544401 0.00000794837730389532 0.00006514790636500028 0.99841781639580540197 0.00002267494362964000 0.00003718107142138092
4	0.02716258445491221904 0.03733051954479834483 0.04817969447722486587 0.02644725861805520203 0.80181093753662369128 0.01239611783646082932 0.04667288753192496559
5	0.02379553112880318511 0.01473691438653013629 0.00885454407299800933 0.02193766046435653705 0.01911955401105763785 0.86601322602523755911 0.04554256991101697516
1	0.00040594164674104212 0.99567636227549116690 0.00076044487734476963 0.00076423892334773820 0.00013799149427944521 0.00186556151333912637 0.00038945926945650560
6	0.00144026329904668130 0.02035052176199807911 0.00064429485210523772 0.00023946937567024832 0.00305304084180182305 0.00051743629133693431 0.97375497357804063903
1	0.00017451918168419730 0.96529205452379640562 0.00467481004102489241 0.01518354148627381987 0.00136871809433284980 0.01284056452018761743 0.00046579215270151558
2	0.02962788222978655558 0.04078713914634382598 0.56421634963512035110 0.00380309427258324279 0.27107916298439821423 0.05608307690291294834 0.03440329482885438883
1	0.00293922402638271789 0.94106329435935487382 0.00733762560178848316 0.00647523492462300735 0.00311399560286443940 0.03896045162952179591 0.00011017385546441848
0	0.95238523167640121159 0.01663599695345345172 0.00566094838865840392 0.00437480608474295502 0.00617537902352758433 0.00993725305853134649 0.00483038481468485263
0	0.92536138699021797116 0.04574728650943569314 0.00022980900531794919 0.00029299925510671820 0.00403366560037247534 0.02327806281211788897 0.00105678982743145108
0	0.63392790734845783085 0.03354799077295105014 0.05617461018454194405 0.03476742661484770458 0.02632001726834082636 0.13661750630680083440 0.07864454150405972288
3	0.01942373298603495071 0.09611719667664533895 0.00768251579926415400 0.86597888267858524891 0.00674665812942883223 0.00232017610477163513 0.00173083762527019547
0	0.51532655827336637522 0.16424983568577147808 0.00259842006563660915 0.19675635480075268080 0.02043980790572518316 0.02229640931419217542 0.07833261395455555498
1	0.09355353993712026139 0.75247934525231019443 0.00359941864761584469 0.00310228199978495418 0.11150892955645488880 0.01824327013640608328 0.01751321447030768086
6	0.05410471367603801596 0.01673690318205167671 0.02789799976981007998 0.31278964101271844456 0.01950760826924761299 0.01729592000733849028 0.55166721408279550953
1	0.00033931646936827910 0.99836429767491896570 0.00046964150997450617 0.00019572778501809307 0.00005582540235850927 0.00054746344779037703 0.00002772771057186678
3	0.00026689177306421714 0.05634142860182664997 0.00031152942272790314 0.94300722678485204842 0.00004358384477743725 0.00002087570370581922 0.00000846386904779301
5	0.00422439177773574481 0.10844306229250486040 0.02216856408374949516 0.00844959671443679464 0.01286933562814721044 0.83425947566628244623 0.00958557383714371720
1	0.00060672353704689023 0.99926231168750390133 0.00002323653730088043 0.00005013402374629161 0.00000163267820248614 0.00005468236463465028 0.00000127917156403085
1	0.05012221231098087926 0.94865779478287726167 0.00071218578206630793 0.00010411010552557330 0.00004104633112140350 0.00025370561850691052 0.00010894506892155928
2	0.00030791260597019121 0.00005608063069740223 0.99839730149480676591 0.00010932026146101495 0.00042198497934883166 0.00060902305705512775 0.00009837697066254347
2	0.00002054576140408519 0.00004149870468437159 0.99965437609229124138 0.00000547604355192736 0.00008427185258123537 0.00001625339966439460 0.00017757814582393034
4	0.01530060337883490731 0.01159709347333825330 0.00069745378895678771 0.00120819369640408824 0.96992471330354712578 0.00015953268316707089 0.00111240967575181320
1	0.00387093184210784416 0.96540229688778467221 0.00621718983085839828 0.01752517540908906865 0.00368336374222731286 0.00091916173318968230 0.00238188055474274291
0	0.29613937860592370876 0.23067046479843011930 0.00577713359209648582 0.05757489626661719401 0.12032825131363091009 0.11768634005575905055 0.17182353536754269019
2	0.00000548686077022502 0.00000589069522457945 0.99826497372612965631 0.00000133258297491803 0.00006363584641275989 0.00161326681284262494 0.00004541347564492450
4	0.04507238940388950954 0.07012908866641799632 0.00430352922352943059 0.01733501584693770622 0.85475659260362257807 0.00812812704592476634 0.00027525720967770331
5	0.00727757222583211641 0.09089732067097269774 0.00466631904374109792 0.00004770429312803402 0.02122185032208814479 0.87586224270802515157 0.00002699073621279911
6	0.03976180954116361604 0.02206609406289422246 0.05404125227469223219 0.00324214051980203357 0.01912244267317290622 0.00348588938543251603 0.85828037154284231303
1	0.04208342312024063864 0.60150090892164176370 0.01801330140979640060 0.23960853637023141194 0.01381491519678607061 0.07643492479394707606 0.00854399018735700969
3	0.03400135436902731317 0.06383967612524149571 0.02814734837011764745 0.83299255194629506782 0.03497001488608322134 0.00346202698431164520 0.00258702731892327623
5	0.05258098671001633362 0.02334448835650633144 0.00611575074443563085 0.02085621127061352068 0.02375919474151252583 0.87007354196864206131 0.00326982620827339808
3	0.02180979576354632674 0.06263760460044581757 0.00819582729991173882 0.88969563050702904494 0.00032050580034327349 0.00158418749973048933 0.01575644852899348372
0	0.53536230547363439225 0.03758677792456374678 0.00179553005353033104 0.00495352889843155182 0.40616161772954206821 0.00439681639850226635 0.00974342352179591309
4	0.00320458295602285862 0.13220564114010224799 0.00729411604532681588 0.00594164799642771246 0.84818438272216101215 0.00195716279964273628 0.00121246634031666150
3	0.00241419684557495420 0.06383229054091191235 0.00428698587637946823 0.91024754621530046261 0.00311153785370168979 0.00115927904362101894 0.01494816362451026164
3	0.00556509134286497457 0.00925687759037036734 0.00674831916911340125 0.95677338853147475550 0.00441517502046054940 0.00547795886705959405 0.01176318947865617227
4	0.03875240912201127763 0.24083160023235161695 0.09693106670680469439 0.25847584222682123967 0.30531033466481294347 0.02789224362332525659 0.03180650342387287416
3	0.23182278800805547481 0.18371140759089862882 0.12711812366711675026 0.26785617595536453939 0.01393344896795305730 0.13015984529390844937 0.04539821051670293178
1	0.00106129042652335103 0.95794905693501852806 0.00037414091163235849 0.04050367525306211580 0.00007011984504076132 0.00002610489903490709 0.00001561172968794596
2	0.00020908067743792100 0.00014580692741705990 0.99662510014751615195 0.00098159311673543144 0.00167946229285859485 0.00019322033438716067 0.00016573650364706301
3	0.01919316692047392733 0.03713433145283370762 0.04547650349764679328 0.72122962242772192809 0.02966608398244537093 0.05334369846879111893 0.09395659325008723362
2	0.00003319486829235945 0.00933103787943769664 0.99041299768376067636 0.00008267162170644713 0.00003636173000759705 0.00009621960627819575 0.00000751661051803041
1	0.13659053663600131956 0.25767879325559295278 0.06899463000465391738 0.25397990302926842787 0.06656268791434584442 0.07758191171588479929 0.13861153744425266932
3	0.17616112415698123583 0.01549375955904972596 0.02823388312559347788 0.72951951744236742670 0.02988284462587260590 0.01570129292941066165 0.00500757816072473511
1	0.24915742762226178453 0.36966301828568826071 0.00201894857885779504 0.00303826334575788178 0.31615016518729888162 0.02996828279024810540 0.03000389418988726187
2	0.00325513565363739349 0.00469571446857491859 0.97644767080786509794 0.00250971264711225429 0.00141759922743102504 0.00676733831234052098 0.00490682888303858519
0	0.98828577360880365266 0.00298354005694000286 0.00030771227297307781 0.00498000168431100062 0.00070293214266930321 0.00023788842300463185 0.00250215181129850384
0	0.54730299161317086387 0.01155157042212652183 0.01579332704743052415 0.04041923211552336109 0.16249409863155547806 0.20010149191999199170 0.02233728825020141542
1	0.00024230514644285736 0.52498939809219269392 0.42954282029044416058 0.00967671922027230416 0.00453573969493104977 0.02937689122498987615 0.00163612633072504686
2	0.03444935522376227355 0.13659803754228971862 0.58228261130666048029 0.03058396901624654135 0.01989185958141436242 0.08376763116791753616 0.11242653616170893149
5	0.00522324613482806448 0.00471931347265107382 0.00804836742302094191 0.00498229638523238136 0.01073553889494883486 0.96401462536069038034 0.00227661232862827901
3	0.35500679844850274725 0.11697602450605518176 0.00205971876136749801 0.47364269074204168319 0.04316167649299357950 0.00195753300916527012 0.00719555803987436543
0	0.81485685421567022324 0.01996723665891370417 0.00115953216430420654 0.03583259558965857378 0.08090250746069498067 0.00758083526334913348 0.03970043864740908229
2	0.00073879700712695096 0.00009297423723828325 0.95924312058786520563 0.00094622910663032104 0.02801918190584254051 0.01030469327321159936 0.00065500388208471292
3	0.00073519716235504037 0.00248068633437272066 0.00059612309849473835 0.99336252934254154479 0.00047301891796340084 0.00163834204031416139 0.00071410310395848408
1	0.01157482171963174732 0.46468942970248833246 0.10949323606094495120 0.25270172771600540873 0.02916963669399514833 0.03850475990860988129 0.09386638819832451852
2	0.13556381002311898576 0.14376491090162524245 0.50665005542201968503 0.07101035199483170246 0.05275169036251974725 0.04960475963371080432 0.04065442166217415887
2	0.00003324969851176479 0.00020419996826800851 0.99940305538286355880 0.00004090975019021566 0.00003416068665173351 0.00026868555999595239 0.00001573895351535620
5	0.00015100790985463281 0.00023122759710196829 0.00681033716948183272 0.00041499904821621481 0.00156695786444754665 0.99079089630771433050 0.00003457410318377269
0	0.25007793481554213555 0.13712160995275018971 0.19097737709684475815 0.19235096771296472662 0.05827192595751869847 0.04680988507042707636 0.12439029939395271351
1	0.04932014976364795106 0.93954435224573851215 0.00028411646743357221 0.00072084438274049880 0.00002974288903192511 0.00921469040137039286 0.00088610385003728552
1	0.00506169600012599911 0.91952985092376304799 0.00969961581877774870 0.01426748646841912403 0.00400632783440238709 0.04528966209409789057 0.00214536086041375957
1	0.05846232158777311255 0.73390932000322406381 0.00700678998936534337 0.17397388657938003820 0.00594947625444616594 0.01718055351673809100 0.00351765206907295918
0	0.74341801764001136377 0.02543014848971723862 0.04084149624061460260 0.01878032111431041790 0.04482780084872681203 0.08582894754353134759 0.04087326812308814811
2	0.09477965836975305036 0.03869239441628456039 0.57851125162497041288 0.01926574717875960407 0.18152914854765095365 0.07241497155797675667 0.01480682830460492566
0	0.59076749648943849280 0.27749878869796956726 0.03614313338366278994 0.00525803284404425912 0.01945241495682297622 0.04773253985574642949 0.02314759377231516077
3	0.06043361788026904713 0.03157838649979730072 0.01077819093977811990 0.62677037651096545456 0.00316766150039728524 0.03194622365329235353 0.23532554301550004383
1	0.05596716752623431129 0.86938265604365849715 0.00131774488816096126 0.00061078401674464610 0.00239103913746842398 0.06985689008845674675 0.00047371829927617050
5	0.12524201031991719080 0.05222315143287137307 0.02330424539093990319 0.16307740468551043533 0.05157870723786535383 0.57702234343320335519 0.00755213749969218476
4	0.22691766713704886183 0.00897186265756927219 0.17773989627519273804 0.00311216810135583541 0.41942494726623058554 0.05929002186972726768 0.10454343669287531615
1	0.01632746652122376088 0.97768777807749795983 0.00046189121278761015 0.00083075580118350547 0.00390727516188388736 0.00059651691533387635 0.00018831631008940224
4	0.00240737402722800793 0.03586014086132148504 0.00080629222759313662 0.00279180238960562632 0.93087382684079866824 0.02384638614898190387 0.00341417750447080802
3	0.06140562493989518839 0.04433587178199890205 0.02702866272752321025 0.39628705385876067391 0.09489393211757182756 0.36451226677221454375 0.01153658780203560379
0	0.88402807486897372335 0.00978819080691061862 0.00718595933522035452 0.04223096120699895012 0.00784238012907262708 0.00470575736849217306 0.04421867628433170938
2	0.08066918566858304052 0.33511029770335076794 0.42116957132636417827 0.09113531544508395033 0.02860798907610304434 0.03337935284974528904 0.00992828793076962549
0	0.51943141570271444962 0.01423782693357906678 0.05299316556642809373 0.35285666893765665897 0.00390131010914644043 0.01794164265679650330 0.03863797009367866964
1	0.03688803706393295467 0.79558422708483655938 0.04751309359118974923 0.02078547801329216557 0.03156346026597100368 0.02715706033687942042 0.04050864364389800132
2	0.00108153425072961273 0.00755956345226170903 0.82622282127726598411 0.01511193126037391199 0.00501159259185473497 0.14389252443220179600 0.00112003273531262955
2	0.00009243109402455956 0.00000910639781636572 0.99963347025625604036 0.00001234753368629048 0.00006703472893730259 0.00016964166028698793 0.00001596832899273356
3	0.14322463305982874315 0.01438078286076051489 0.01957077247660279906 0.80500768217902507473 0.01230715989921282033 0.00410261093287089384 0.00140635859169909849
1	0.00589292274505878212 0.52311130092783864054 0.03798334860297848670 0.00818464487976559504 0.39903216852803929937 0.01731172843524837052 0.00848388588107022203
3	0.06365225326507627235 0.02112561790674774911 0.00738011869534943143 0.89185439755390960581 0.01274371710286816006 0.00262114501145099561 0.00062275046459801331
4	0.01214062979019505696 0.05573322400756029055 0.02175982695185674221 0.01285856103620984861 0.84605178519504520285 0.04347531801232275284 0.00798065500680993425
0	0.74926338895362587511 0.21036599142764350612 0.00251517022557777321 0.01076208597017661028 0.01529430537789842025 0.00238358052645823264 0.00941547751861962490
1	0.00425353905509836400 0.44153206679253176326 0.04053691505482133473 0.20249550074731720306 0.01273015726755674301 0.29123463333092858285 0.00721718775174644538
2	0.00063441207819188818 0.00107932104572905797 0.97862610291112883676 0.00689579704133430095 0.00762090532081503933 0.00062561913368158468 0.00451784246911937463
1	0.00530118449199084522 0.58704369251898802506 0.11506032358015620687 0.09555870418862227877 0.04375890998866072829 0.12643522870006171366 0.02684195653152014749
1	0.15646297840528905487 0.44920222445101909425 0.01548966406053516737 0.30471501661582295339 0.04862593864087009360 0.01593512844917034654 0.00956904937729323793
4	0.00000401963878694277 0.00038344751010973866 0.00007253356823610722 0.00005785038304886208 0.99947059436220153650 0.00000447996185288447 0.00000707457576256426
1	0.00492760952671734628 0.57719201899581862314 0.01713507531663498867 0.19374880175606076782 0.12645820140672706100 0.00687966998869890198 0.07365862300934178375
1	0.02542273527423002943 0.43549821313081726881 0.28367967090062068403 0.19555374984880133371 0.02847587999363400749 0.02332853421324257784 0.00804121663865366154
1	0.06104039628825658204 0.86926994703563587041 0.00586635558473781911 0.04297492886992262950 0.00726041431081546687 0.01053304289354600395 0.00305491501708613509
5	0.00065045242837455061 0.00489535515282460854 0.00423469146888921615 0.00028966258985035632 0.00034239963697047979 0.98932029621900297034 0.00026714250408743634
2	0.00090356244926057753 0.00046093129196887647 0.99778452888029611767 0.00026171454625755695 0.00029274578812572052 0.00023636372911776100 0.00006015331497378779
1	0.00893438176217556737 0.88927372601070275859 0.03449610101534000828 0.02049292396679891839 0.01996009526822828048 0.02092109298643398188 0.00592167899031998627
1	0.00004514608318751519 0.99797942121578175900 0.00003072952831961495 0.00188730836346639595 0.00002178268212679495 0.00000760290680938357 0.00002800922030909987
2	0.00011670734361729386 0.00365038493996660239 0.99546924070725040234 0.00002977044900113808 0.00001196529163962782 0.00071162460461741007 0.00001030666390672081
3	0.00918026636940181585 0.00881797417182439425 0.00219853282642226092 0.97883404673860296974 0.00015489099173117567 0.00040353595437738051 0.00041075294763951088
4	0.00639930943930995359 0.15907618722086780405 0.10936092663172587713 0.02655595650821773387 0.64283636238252994666 0.04913824744805744826 0.00663301036929180889
1	0.31629563571805385802 0.66449288288844576833 0.00120888833174589636 0.00276680783936411427 0.00975722020249994090 0.00007336997849804651 0.00540519504139236329
1	0.02023144061759876364 0.88054561228349192969 0.01030099399661976722 0.03650522099270938486 0.04200527362261968767 0.00368493211331148056 0.00672652637364873785
1	0.02009970926154210080 0.83676579690826780045 0.06037218489663584431 0.03488620450144069851 0.00836961129016644545 0.03314708521293248389 0.00635940792901474195
5	0.00410659245139746373 0.00908887918216276514 0.05105153452559967747 0.00311153664428635672 0.07609255997214921241 0.83896874641282581653 0.01758015081157874443
3	0.02769421748505033337 0.00009976372627516201 0.00018395571883296662 0.97151731557677956097 0.00041642304227342708 0.00004992313589419333 0.00003840131489443685
0	0.59587632136866441890 0.13858516374908710911 0.10044223915261975277 0.06863015344198891698 0.02127820942294496309 0.02680093031221289848 0.04838698255248196495
1	0.10293409041338742738 0.46174190025692452011 0.22907134645589788402 0.09175253782132811176 0.07430312114818596325 0.00546000976334849644 0.03473699414092804028
3	0.00443958616595020120 0.02742134389841312248 0.00366561658743005904 0.95808248881696034260 0.00398824528951933349 0.00028509952562670891 0.00211761971610060010
0	0.28028675826160937001 0.17282911254607832841 0.08282717801062021434 0.17800951396234293567 0.08388188833682927448 0.04035480697767127034 0.16181074190484870390
3	0.01849627649638768689 0.34080780243109104477 0.03572132844826067521 0.52579561535377528081 0.04145520267129779168 0.01681185371771627343 0.02091192088147083780
6	0.06282519685861914782 0.19153971867023880660 0.04191510860657993165 0.05962876280131470391 0.00699174678507766961 0.12218632927679971834 0.51491313700137009146
1	0.00474134833142636145 0.96650951726025569055 0.00028807812342928506 0.02686835243948168875 0.00103547381238589279 0.00039478922218171778 0.00016244081084124018
