6	0.12179113130511505514 0.13398607109688764893 0.02791377432291536342 0.17655551956442508410 0.03492974505069208757 0.20019556835203838885 0.30462819030792659403
1	0.01059870862891751538 0.88809009993351206713 0.00857742743731192483 0.06668540473530946977 0.00434527010549056597 0.00942689410297667396 0.01227619505648179683
2	0.00347693562837039869 0.04280627975417294201 0.87097945129441167733 0.06695924631644950553 0.00340871437119874771 0.00556968767696425313 0.00679968495843345441
3	0.03004939599773113340 0.14797211602342166814 0.00401021139714639093 0.81148022381058981800 0.00041092954069575876 0.00382408554507891133 0.00225303768533650179
0	0.81980133299787205647 0.00222999852555937506 0.00484052719162619220 0.04032315232463992011 0.07948184631714151627 0.00070062770129169756 0.05262251494186917511
0	0.35917753169449923023 0.05751303181998639047 0.00613840107026971098 0.02744469203963279674 0.21186715364396641048 0.12277725687995212633 0.21508193285169321940
4	0.00028522858251062264 0.01511137163580945214 0.00078348056736419027 0.00459403705888297188 0.95119943425816200211 0.00008178191867218431 0.02794466597859874071
2	0.02176319082648949660 0.09920352708599583513 0.80634292083467851153 0.05184183977989485770 0.00504870753932653692 0.01222042831657826033 0.00357938561703601650
1	0.01626691240998261873 0.87333142815926956271 0.00043895088846491879 0.10565553514271923408 0.00289956333466875925 0.00061095788218934824 0.00079665218270644688
1	0.00881518444968307745 0.61737006835398855475 0.06911388063145373906 0.02378402842388675428 0.11224627488501653927 0.14974771065112219004 0.01892285260484937587
1	0.19200065678486352705 0.42366236139032592556 0.01632237919475718058 0.05716257614318755870 0.12977197250715558074 0.14068884120709893026 0.04039121277261149834
3	0.11320427884826406162 0.00766129936243417804 0.05112880373840570508 0.71516265046747251599 0.05150665048688846115 0.01787901763950422440 0.04345729945703048075
2	0.00663831379527384750 0.04038164435994796853 0.80634586222539861300 0.02802205550530485062 0.00488099888756607023 0.11176203581916094310 0.00196908940734662847
1	0.00641743577609422446 0.98037139414380158886 0.00067350173903344258 0.00449867698319511306 0.00036735527395173861 0.00628895159043229776 0.00138268449349142775
1	0.03467884291924421686 0.32630146788924890844 0.06418843691371976801 0.00605583457230423738 0.30302820854801887362 0.19462320917916575702 0.07112399997829851883
1	0.17842726676767678429 0.23181402575613524464 0.18543129811264802420 0.21621792393058839044 0.05194189800973655902 0.04397340330679229414 0.09219418411642285593
4	0.02779831823450167397 0.23474909376682315254 0.01653550729072440773 0.00337578126649910751 0.52779887189787033641 0.10393563988905021866 0.08580678765453070289
2	0.00488819431543375659 0.01559097824671069193 0.94812028916879464990 0.00161758718244047828 0.00146910260848169983 0.02442255435480781417 0.00389129412333174326
3	0.05995084051266582476 0.30897900068810385532 0.03052838491349402911 0.41417721932511941674 0.10188747396159109071 0.00467404748571406507 0.07980303311331198024
1	0.00014971426635093540 0.99763623840222392936 0.00016178217786973873 0.00169310357070196469 0.00012750781868722379 0.00011933244839303016 0.00011232131577312345
1	0.00194072094627912380 0.95906944703250551765 0.02121531755000368238 0.00772337885966123665 0.00044208038592292748 0.00629181028973789958 0.00331724493589009546
1	0.00070774113565405885 0.99125655443062787864 0.00204584056314471721 0.00147348733566113831 0.00018296966868249122 0.00402906948887876877 0.00030433737735121561
2	0.33808162295116195306 0.02348546176659649723 0.54919526800757212381 0.04320554590116106042 0.03664266863028293325 0.00596797328600215914 0.00342145945722297515
1	0.00359531455049162414 0.89002488705762006216 0.03029569442554892397 0.00838999567898975410 0.02455260111349325675 0.02829864905914620393 0.01484285811471003358
1	0.00057521438279326182 0.62393574392958739416 0.00404250867473091025 0.36571671179718545641 0.00118894245001591528 0.00055866121372196527 0.00398221755196501419
4	0.02282172680728077746 0.11065606643253426966 0.02938309629680340915 0.00828639052324929397 0.70306959874916186148 0.11876454376203553209 0.00701857742893456909
3	0.10355889342956957344 0.05547526288449380893 0.03607323113180167795 0.74470198685957844642 0.00251494380952815280 0.02003722202014252690 0.03763845986488564832
4	0.00360597199696150979 0.02913506081562773284 0.00111485357206505186 0.00047929451199205846 0.80875222777704358634 0.05131029482930304919 0.10560229649700710042
1	0.03633505238166440110 0.86936411897314957997 0.00545389458806202782 0.00603974670209138365 0.01646112269060881483 0.05826369248326049299 0.00808237218116278529
1	0.00337217635246374846 0.64533326949704072906 0.01301325763456792454 0.00064959935751661131 0.01093636325797913908 0.01189712337856341229 0.31479821052186812702
3	0.06216032179690489379 0.03814485664880754023 0.01076094814601702074 0.68377906779685515559 0.18629714114091872057 0.00096847844924759631 0.01788918602124943413
3	0.23627972184932483080 0.06386181907390636736 0.08149027792127244707 0.39775812651041347889 0.06265635175713653304 0.09513375562978301780 0.06281994725816333891
1	0.02205195013858825964 0.49108689560748808312 0.02152809472002201185 0.16637557284377607614 0.20386713159354857838 0.04942807570164063635 0.04566227939493643778
0	0.49298988453374109620 0.02573269322861282751 0.05006023039309683009 0.32355395851647994476 0.03942032218991442516 0.04812304652824314632 0.02011986460991148362
1	0.00122152631408812347 0.93499280448379529229 0.00231886509390568513 0.00349163099594596406 0.00633964934497787975 0.05023222541068913388 0.00140329835659754151
4	0.00467276021754039171 0.05899680739185902967 0.01468066186570916171 0.00259778233390996769 0.89774487426967830572 0.01696802913175631325 0.00433908478954706314
1	0.00076645518607742125 0.98166002022142684336 0.01339837837102095426 0.00061162215610341690 0.00032860936685048358 0.00110279886528324577 0.00213211583323798682
6	0.01044375296088403786 0.00313208407391731740 0.00539569516860038435 0.00126431690961071198 0.00058009466479683040 0.00329512046734178454 0.97588893575484925158
3	0.01659299764598234223 0.00276412073591317991 0.00392587379356685619 0.97150347257426972192 0.00089772435603357645 0.00158707385950892762 0.00272873703472513093
3	0.02308250165109492977 0.23968325241079546650 0.02160429799324245850 0.67009383747336059844 0.01347780635857993327 0.00887599068320840331 0.02318231342971811479
0	0.98578341818099746163 0.00372644726964983493 0.00083386638155718846 0.00572523587069730892 0.00228759491357123776 0.00137362753085451799 0.00026980985267219845
1	0.00371698158728397780 0.82354830921940580524 0.09583772724119223041 0.01071169055332393816 0.01435024550174157643 0.05093970824053863783 0.00089533765651420613
2	0.04853022757033191581 0.18139277096477340878 0.37085997738012521641 0.12617741528519307859 0.01100339902412196015 0.23756947334152780926 0.02446673643392656416
4	0.00552305151107806893 0.11707579775350106244 0.00691175718265610566 0.13968615859109245747 0.62296265769528358369 0.02264514558672123951 0.08519543167966786568
1	0.00638941668581990800 0.96230375648549093537 0.01028428359325787161 0.00219307876657816618 0.00136940753832476996 0.01704900975927572948 0.00041104717125284149
3	0.00739071815804409182 0.20533754645523982774 0.00348300706093895417 0.76379412899585852337 0.00183775780477550923 0.01380312906403000951 0.00435371246111298030
5	0.00006158680749836677 0.02455254663594304623 0.00004705289872441539 0.00000129313376169642 0.00005882892910246585 0.97527819767852652610 0.00000049391644364609
4	0.00030959131743480865 0.00154663905948445712 0.00027158983549749885 0.00188609051743958834 0.99225934814834682030 0.00006417865869427472 0.00366256246310256960
2	0.01044751676121815492 0.30709273513615620299 0.63298547164430385426 0.00162282908718573314 0.03485093439568831553 0.00769542145132499564 0.00530509152412331816
0	0.73389208746555101293 0.03112887266349730758 0.00787596841373585863 0.20001690890845311155 0.00772442047473372029 0.01539045659012913507 0.00397128548389976115
1	0.01929372003592968662 0.80441808971182027221 0.09300872965490825095 0.04377514704829080922 0.01148199533920934469 0.01980971259734794904 0.00821260561249380350
1	0.00154704685766381676 0.82071949975259128607 0.05887413399166742389 0.00070531111252663387 0.00179316098695617545 0.10904306447292980153 0.00731778282566493670
1	0.00862973207970929752 0.92365799019956063010 0.00163912405336154527 0.05191497711886181032 0.00719050331939244305 0.00480672080744233912 0.00216095242167318579
1	0.00819165727773883516 0.72354185904078260894 0.08976614549958376876 0.06948257183772346690 0.01688051234027110672 0.06772869429732313040 0.02440855970657791058
1	0.00327200345912203846 0.98252508850025377374 0.00160002347773402281 0.00931539199683977144 0.00142266075189619512 0.00158559656028228768 0.00027923525387198069
0	0.70531691834355769721 0.08877214828465368468 0.07024280122382978164 0.06904701836843528395 0.03175551267773991937 0.00777157062020822961 0.02709403048157515981
1	0.04168554661926071603 0.51590787486113010019 0.14509326397050559265 0.06250363629353150596 0.18310662472721225824 0.04112986092426037382 0.01057319260409935596
1	0.01299842264885433737 0.90742357388380479044 0.02874498059357176449 0.00621543970861193618 0.03839524223093896543 0.00461628935413966983 0.00160605158007914774
3	0.03320652043667607356 0.04164162473528088687 0.00405449071017512184 0.61295853651865261913 0.26768288541733514796 0.01279329716596138214 0.02766264501591894978
3	0.00085960589172954897 0.00013932029112339469 0.00003124849958830911 0.99895209882711633043 0.00000080055649798586 0.00000299921221267496 0.00001392672173239339
1	0.01109886538047164840 0.75433632545955842108 0.02016980314465606841 0.00034355983339918008 0.00802694241915769165 0.20092675497655410055 0.00509774878620272882
4	0.00000139034420840712 0.00002506724611423982 0.00001256178120705425 0.00007969004208813718 0.99972375198043594846 0.00000516018381618080 0.00015237842212830537
1	0.11545988185454401920 0.85364721001272814149 0.00966963700224818777 0.00307290418480721641 0.01574822945548731701 0.00145331448909980757 0.00094882300108516690
1	0.00307590543046082788 0.94933430130686036197 0.00111784187313239500 0.00591924156493358299 0.00101024319939868102 0.00622588775068690786 0.03331657887452760258
6	0.14518864617068072409 0.14990230594965625599 0.01488900921742397979 0.00807336658198340960 0.03542091769167696191 0.00767687616946381365 0.63884887821911484629
1	0.07245395536638681022 0.58877611754419523216 0.02967227691680014365 0.04322521259230172747 0.06732983011185812716 0.10215855359445859263 0.09638405387399992530
1	0.01345480797232564106 0.56198866875737052418 0.08613805409576834327 0.00800608565088366600 0.10871519669799702135 0.02155874394912073513 0.20013844287653448362
3	0.31370092692878176477 0.30179093857500749465 0.02267268712207761230 0.32709127350417416258 0.00757827367585550520 0.00869569308094171947 0.01847020711316179828
5	0.00115336129373723841 0.16098240281923384409 0.00984551134375412883 0.00106729634140847172 0.01411257767160544949 0.80931496738765207333 0.00352388314260845955
0	0.52656244759478765260 0.01916776642046731996 0.00611209459960076161 0.00133791355306008995 0.35358048267611513760 0.04907426320020658733 0.04416503195576246266
3	0.13057467562390015492 0.33973248152247642606 0.02628330980298347261 0.37319784259836380480 0.01613770929890309680 0.11112789958604847584 0.00294608156732470861
2	0.00159316782793640361 0.00013345257509780127 0.99674804210971656993 0.00005964513641330233 0.00055612470888155596 0.00087535661821520764 0.00003421102373870140
3	0.32090325870512581563 0.09746045538261363661 0.01018193121055491028 0.52153814131076703386 0.01191620005277514716 0.02853009813133119271 0.00946991520683226375
1	0.08094804254331519622 0.90659636676898447405 0.00219078649848520246 0.00230394438665796437 0.00025270412860614979 0.00735355689022056894 0.00035459878373000675
1	0.00529988543919590344 0.92589900712397399385 0.00469081592534060197 0.01340635106000344877 0.02418985906959859183 0.01106810346370663833 0.01544597791818070817
3	0.01023280873006633153 0.41218474362504387010 0.00132165085747606038 0.56400619553860931177 0.01105374943365253215 0.00062560235245230254 0.00057524946269968012
6	0.00029256738512844284 0.00007938915745372697 0.00029950928848066443 0.00012496992073385215 0.00378629480067259978 0.00050897221819509069 0.99490829722933638024
1	0.02575069819415728989 0.64790541621669184291 0.10031871401028821800 0.05856452678228286912 0.07450702827759975166 0.06747584326933987742 0.02547777324963986997
3	0.01848516001866369954 0.03948132601490476207 0.01309377226598553226 0.83746238757574098521 0.03357652198335378535 0.00812897750047612833 0.04977185464087522521
1	0.00037084570421111137 0.99497797019769773641 0.00100965519483699282 0.00200465561902043185 0.00014739318600193480 0.00146417797053160375 0.00002530212769901533
1	0.00155484500360503122 0.97387400445236327329 0.00073668522204023987 0.00473006362650933362 0.00048508261205175749 0.01595972887820402975 0.00265959020522610421
2	0.02037906802906384873 0.03680800218986193112 0.86596432312550208898 0.03996022092504927792 0.00702020584553177552 0.00742025768084790538 0.02244792220414337097
2	0.00014188298981667637 0.00019237111547297606 0.99579728133389966427 0.00003950839108050692 0.00276321641497934882 0.00098202154410991275 0.00008371821064175457
3	0.00241385932879752650 0.02124684229523683340 0.00007227800946545110 0.97620259158518762899 0.00000936570705925980 0.00004086574806078196 0.00001419732619365056
6	0.16692500729127632275 0.02563133328462836868 0.00786819363075967095 0.01600716825540188237 0.04496606322243486276 0.01045102712242543426 0.72815120719307335762
3	0.35195701394690187547 0.01091537817888296562 0.01545610176447334734 0.46343738298979431089 0.13061828864129507166 0.01177963098212964077 0.01583620349652279866
4	0.03265250647276370793 0.18163264329894646121 0.02922181731075320157 0.07638383116892893954 0.53881631431556753498 0.02570554605276296686 0.11558734138027712546
2	0.00024886955676437704 0.00104014084233435499 0.99034273424562380139 0.00064343135680036516 0.00280482764400834727 0.00415537673226985729 0.00076461962219789392
3	0.02970813000520175148 0.12700216801116956389 0.02412202964390099819 0.78704311030758933310 0.00336271132261253955 0.02823429906957855215 0.00052755163994724929
1	0.01964459891425007071 0.73405605159595976872 0.01295168723810470601 0.07618704560222275268 0.09220081222636329621 0.06126629924997474552 0.00369350517312546723
1	0.00655492079321285878 0.84389660307302982734 0.07473325873964710431 0.00701252694470113919 0.00618404504334535334 0.05983080945977910237 0.00178783594628523484
1	0.00056087159502561700 0.98997112400467845994 0.00364969098542020174 0.00416915126106219471 0.00021288752671983353 0.00065646692167332921 0.00077980770542054705
2	0.00676299120511637559 0.17845186405757290649 0.78004939629901892673 0.00484317318635996055 0.00106466453244995988 0.01041445947930971089 0.01841345124017146687
1	0.00543108183293298814 0.97775788950001341071 0.00614260640286883128 0.00415073255062241211 0.00462722255307666027 0.00133944321521050269 0.00055102394527510395
5	0.00691430847811662797 0.04791075123001956731 0.04512540000633148696 0.00246596283778491732 0.24100867876639503473 0.57073206965736011931 0.08584282902399245629
5	0.01084570082324939899 0.02192326140805372567 0.00398517660795064642 0.00868739164784768092 0.04048552183821485517 0.90414457144970394875 0.00992837622497996959
4	0.00020168711612056220 0.00649513356242934978 0.00021349184151936421 0.00045944434612002743 0.98471635174577842875 0.00093636839593153943 0.00697752299209948839
3	0.03860624403633790974 0.18628618060468354889 0.01854307202126454293 0.73221859318759208168 0.00133002529055022134 0.01339036913617514674 0.00962551572339654000
1	0.14819679250066350451 0.33262102575412716421 0.04539444925809690834 0.07806867278742127270 0.16988012024163021141 0.14389792503159401504 0.08194101442646714584
1	0.25064537629541333574 0.34083048522861131291 0.03587368143926438629 0.25108083194174923847 0.05042023739882130207 0.06541976951179614974 0.00572961818434414207
3	0.00716791819894149924 0.37494063145717565488 0.00031336413054637455 0.61710732781742250186 0.00013537315998468362 0.00019544365495521873 0.00013994158097400077
3	0.00296546709107540834 0.02983215193419824079 0.07392454369177944851 0.83487025280209370415 0.00913538208970797981 0.01070269873910896161 0.03856950365203681841
1	0.23982293623497602519 0.48962753561161548310 0.00567112151068616122 0.05375095470295356004 0.13165861835572678640 0.06697994757210287697 0.01248888601193902208
1	0.00864653708006068479 0.77592192126177461642 0.02998505501252241023 0.07290176678462743920 0.00637057542966648800 0.09799097856240583659 0.00818316586894219690
0	0.46764894674522811124 0.17152685408369264253 0.01182362715710751425 0.30007337808822792669 0.02866320045048861842 0.00376075117429900156 0.01650324230095646244
2	0.00019903851486877553 0.07354260360069930780 0.81502143575297480993 0.00056408684199011250 0.00067938606705673758 0.10998163350639403313 0.00001181571601653801
2	0.06287906489730644977 0.10694747551405432706 0.65114875615676337528 0.08048372603332303032 0.04316347013271348843 0.03870020129588926799 0.01667730596995027625
2	0.13475397296213723064 0.06220547192020562527 0.55481719689563246956 0.00888856445470058952 0.07888234159079643426 0.02992833695855740689 0.13052411521797049887
0	0.92628154198124790231 0.02966107213447795668 0.00735502742165434955 0.01190873723202372052 0.01045886201339677087 0.00978135331182529780 0.00455340590537394764
3	0.02529419480564340864 0.01860243589651702778 0.00095172512651505868 0.93892084759206673183 0.00683211089254190385 0.00380128354074593146 0.00559740214597010798
5	0.02704115665086772452 0.32863006080804718634 0.01365418224606090684 0.00727832488187410680 0.11408121684692512643 0.38629776684594413494 0.12301729172028111337
1	0.18526621138301024860 0.67792577902420292357 0.00522722121186330272 0.03111766648008691682 0.00404173124649862252 0.07547124424584411573 0.02095014640849395329
1	0.11757064089329288814 0.54614602837533254842 0.01774623041270012580 0.08133797304737593048 0.05746446543843024279 0.01894814662775486797 0.16078651520511377804
5	0.00223037266679455793 0.00520476538934883277 0.00917553043255937666 0.00876804351341083435 0.00965647679274998262 0.96204774132739079295 0.00291706987774639249
4	0.05683700966692560586 0.19040318470433939546 0.02958047924674840623 0.09828080342379788559 0.40073831733775688857 0.00851817649919730906 0.21564202912123506262
2	0.01081890249257136220 0.00833706979836960557 0.85039514115474701406 0.00311765507239205025 0.02075939057603972196 0.09241408229178471601 0.01415775861409482653
1	0.03344932205849223544 0.89805223903031172750 0.00065169381967004002 0.05953504988894011557 0.00501600095243615995 0.00304121326206686004 0.00025448098808233781
3	0.00155405946298349984 0.00340274651060569868 0.00692439676102511465 0.97754972511568183346 0.00370910430132995227 0.00081727305455784628 0.00604269479381645911
1	0.02349212524050018139 0.67592045905232345238 0.00632161665292995788 0.24781832135445122645 0.00819577779579975033 0.03073277283361746520 0.00751892707037758994
6	0.19975607172236997666 0.25207796119832232007 0.00848672138890031215 0.02469003348769841649 0.20427496609137849037 0.02257319997629558816 0.28814104613503505048
1	0.00001392533072923712 0.99985388232387584218 0.00006478427542756108 0.00001260633955574029 0.00003255403863271714 0.00000809917028296500 0.00001414852149743136
5	0.07065070871966810939 0.07086232768062361576 0.31342666599506607827 0.00219621793603388656 0.00123164531489448415 0.53910205573067460083 0.00253037862303948655
4	0.13296326056082513611 0.09217296209879055624 0.13211656016828221549 0.06621448176384131523 0.49104750576425620912 0.06137402126828428450 0.02411120837572001269
1	0.00063855786137429881 0.99914566885257172224 0.00002212904728863604 0.00005414602008757605 0.00001075711403076463 0.00012581012540518089 0.00000293097924178040
0	0.50027985090392235179 0.09468101370080142520 0.04905407902716855950 0.12846804205150288980 0.06969148199880548233 0.01153029958924172219 0.14629523272855740612
1	0.03186179628688855930 0.86451493581299598823 0.00553966264577496811 0.07759368948997107107 0.01504674675018858113 0.00364023893791215426 0.00180293007626931108
5	0.00196930713373627076 0.00116006248910547347 0.00140099444731551907 0.00264815825746548368 0.00008792921580923935 0.99272402012283256223 0.00000952833373504821
4	0.00296295911524130633 0.07939687455474590816 0.01457377959114947684 0.01985976333567078533 0.85192940928705673809 0.00139228199979268981 0.02988493211634241781
4	0.09983834489127972611 0.02803473056353794970 0.00919363259040935701 0.12455921187447373255 0.45581054391146830218 0.04559114912722471435 0.23697238704160622502
1	0.07240164574920909812 0.32789574053854864122 0.18431397073167718470 0.04200156999148209336 0.26901571155176934314 0.08438320751086454685 0.01998815392644931813
1	0.05750694306248921306 0.61510871423689061910 0.00938636311441045507 0.26819066041261840905 0.01255156355554442119 0.02869751852567378747 0.00855823709237324946
4	0.11932724676251271756 0.25163910365921710044 0.01374609761227718434 0.01585633732252009209 0.41436773476099647562 0.17680237360243075684 0.00826110628004563322
1	0.00791501953616558472 0.91197401496530772214 0.00089112964544980553 0.00035311469523949197 0.00012993256609050973 0.07818469825054615019 0.00055209034120057808
6	0.04443574680428996615 0.00658079306645107439 0.01090993005642047764 0.00313537510643366324 0.00217240051388790977 0.00536333065574007284 0.92740242379677662043
0	0.51983219619757270458 0.32394216919307922131 0.00827871667303893208 0.10612435708145698254 0.00550647287506177922 0.03510929918651641696 0.00120678879327393296
1	0.02527715819664965238 0.95509691446856659347 0.00353390320154170967 0.00599420644366365808 0.00663657219963310983 0.00143421623209863142 0.00202702925784635675
1	0.10109488836384079857 0.37742766710501923777 0.07400854856601461751 0.22286219721594904830 0.12672458443711254183 0.07395377542734925258 0.02392833888471428486
0	0.79325452493764181394 0.06493788539685309280 0.04284920645993168381 0.04246360958158017229 0.01904187106091509082 0.03011048888033997922 0.00734241368273824517
4	0.00019522237424476419 0.00203914200853269958 0.00044533857217561243 0.00005317348284008774 0.99469213563701075476 0.00054491252364701132 0.00203007540154916729
1	0.00731293502527979606 0.26055189970084546847 0.21512203289675096984 0.17182625656099681510 0.10899040690121342134 0.00731532390454644760 0.22888114501036729842
1	0.05299218587937658959 0.40976306618440749840 0.03812056991030324943 0.14521623781218409577 0.28166633544219360497 0.01737409630007422448 0.05486750847146076165
4	0.00027130742596625628 0.00330866343432068303 0.00016297105880365160 0.00005478097886256261 0.98996109601038995152 0.00087423480158375401 0.00536694629007375933
3	0.00101631605824973681 0.00183712416362823909 0.00123932849051715320 0.99571747518053477233 0.00002209260591588197 0.00012585854669466259 0.00004180495445968444
0	0.97960790116750529055 0.00040824620635963150 0.00003547174337786490 0.00048037955203531570 0.00050800565166844605 0.00018561749959642896 0.01877437817945698181
6	0.04170171515422175373 0.07135630279987423275 0.00812218117796942481 0.01357949322574548284 0.29200385795718380999 0.08971524830573221476 0.48352120137927306898
3	0.00561714148479536962 0.01162075933748171232 0.00976898938175210785 0.97227494264139302516 0.00034115164356899696 0.00032512939364844930 0.00005188611736088658
0	0.67681669689470458362 0.23124229333394594188 0.00613347540264611371 0.01011529477762929119 0.03746151846112052985 0.02229217838313464137 0.01593854274681906144
0	0.67474337983383636530 0.14154670097260024786 0.01517471588428503070 0.01350439753412518637 0.03261222403466797204 0.03863258973783274819 0.08378599200265234026
6	0.09233022316082108161 0.27191348435671286454 0.00740065538801983145 0.00746947084738019008 0.03161028790665260796 0.01267938343318972261 0.57659649490722386656
1	0.00185796861978392816 0.97420986110751262022 0.00849480434517275312 0.00207695845178394907 0.00014403867010813834 0.01033893989284531863 0.00287742891279414367
1	0.01670624189287363281 0.92325850489031102697 0.01347939089391931612 0.02049907562736255628 0.02084820185545144949 0.00285489529772293147 0.00235368954235843416
1	0.01492229548527834043 0.85873679202273689448 0.00825902846277311482 0.10296338047444411612 0.00310493335745558622 0.01019844826812748260 0.00181512192918508743
1	0.17647574250873146462 0.31792909760255055884 0.25237676265353375937 0.03284462810746609229 0.12501909993388776732 0.04350193700192842711 0.05185273219190161126
3	0.00642913474792459593 0.00262893483582202214 0.00005397928579061742 0.99006169488072770513 0.00020786783554244844 0.00030261078113289386 0.00031577763305963542
0	0.94533608472707975068 0.00494003808521647266 0.00615795274679903273 0.00636290264681982701 0.02192827565731319053 0.00277910617318413928 0.01249563996358772459
0	0.95829714130237164671 0.01843421532546624109 0.00033241285651662138 0.00991293524015857998 0.00944218334904640272 0.00263998662046763992 0.00094112530597253942
2	0.07787298179039076063 0.02523868363177204574 0.86749814478336240153 0.00030551777491671104 0.01916517956276175827 0.00911768011568396715 0.00080181234111294307
1	0.00168173754007833664 0.46487115036644349741 0.40847966820820774680 0.04452953342267419040 0.00878448653047806359 0.06649672930488428890 0.00515669462723360259
1	0.05127472842745618709 0.39854691626660210257 0.04469775225059881979 0.24019244153157939814 0.11356402050206955423 0.13117833679359211518 0.02054580422810144483
1	0.08069856938510328037 0.73778084020629541850 0.00532259172545292928 0.04423277385025020658 0.09459033642524861119 0.00577404118838559331 0.03160084721926427476
2	0.01851354207035286331 0.00861944169234505134 0.84791711635362132515 0.00140161835671218267 0.01793608841588588410 0.10173273365240662058 0.00387945945867619862
5	0.01575050804227798307 0.42835769849929167252 0.00374076518487560230 0.00353363659137300975 0.00263749248027320962 0.54551462890399038397 0.00046527029791861230
6	0.07990734920181206957 0.07286112796892038612 0.17401329612528071422 0.01225160904353413648 0.02126699570684538118 0.03134331209705337740 0.60835630985655397840
5	0.06908384789125594783 0.01165040967619608570 0.02426127413868409827 0.10799616449402120455 0.08317135651659518514 0.68047423371274295967 0.02336271357050436620
2	0.00064702736026363760 0.08438599557671229434 0.72580696095187480221 0.01150904177036122904 0.11986240292524015516 0.02653624517895845913 0.03125232623658946718
1	0.00022213582738166021 0.98482112880709760105 0.00891413952939321130 0.00129854634423718393 0.00009645454000193348 0.00443798347474553840 0.00020961147714346066
2	0.00055852656831909475 0.00055802956619453476 0.99684561963727535971 0.00013283049242989131 0.00142208790562621491 0.00042092418158723801 0.00006198164856708547
3	0.00899529165353045619 0.12910644503825602358 0.03107827118814760620 0.37835555951480970283 0.23352360900684124290 0.12812375442948090165 0.09081706916893421411
1	0.06182212686849119371 0.39158914926902521625 0.04613223268759904933 0.04408427892927995612 0.21951879203772614590 0.19399450063125550647 0.04285891957662335550
1	0.04112318026124548581 0.52582288713033920047 0.00877842278695058209 0.02121445296263912289 0.36928107854689445899 0.02621275708059981821 0.00756722123133170277
2	0.00000492666956409180 0.00004173830696618665 0.99988285123197417903 0.00000549453751976091 0.00002489271059040345 0.00002319512296511279 0.00001690142042078277
4	0.14234383451184032254 0.13393650214828811684 0.08869351457571569841 0.21418834083745391661 0.32864116572882118295 0.05554333018909295150 0.03665331200878775564
1	0.05234623585101634557 0.41189944529614264113 0.10516102864851570309 0.02053877996034084857 0.01020672093745577345 0.36589240744718670717 0.03395538185934210418
3	0.01185790162616629125 0.01351691007708997680 0.00143001858593660319 0.97287982251277116408 0.00018328118712840395 0.00004800337238920730 0.00008406263851840151
1	0.01773541165489490173 0.92568747698739117791 0.02273881811109634485 0.01472905852603180639 0.00356884861758172177 0.01504248095016964305 0.00049790515283406624
1	0.01095109381750022232 0.83178759647949840339 0.08842666996455615658 0.00004770078638078037 0.00406411756641905392 0.06436956146310569837 0.00035325992253970649
1	0.06569766316599499889 0.74055315926871490007 0.01878271687418574601 0.00368845616974008755 0.06050450054009311185 0.04070185137779230855 0.07007165260347819613
3	0.00565154672984174034 0.00172517416734148930 0.00334992095861007732 0.98331631893138526923 0.00129967797687301667 0.00089399548904611553 0.00376336574690210816
4	0.17891732510004684786 0.13271347124282609209 0.06414196182024550774 0.13072481219768383731 0.25956637216435485271 0.01777711147915765968 0.21615894599568533097
1	0.02285507671705513943 0.84206033556718851152 0.00816873601929316712 0.05175261420639521576 0.01832629852112846111 0.04206681885547337851 0.01477012011346641798
0	0.78152033155382227836 0.13041991943689887345 0.02202831980746437768 0.03436585503460240498 0.00788494493292774337 0.01481413711871640282 0.00896649211556782393
2	0.00816457790229833946 0.00716370370409614727 0.98235593114601638121 0.00021263435529283743 0.00067886697758073639 0.00133393930320192269 0.00009034661151317098
3	0.04348784884924031258 0.18351768030804091469 0.00147082890611855972 0.72466318335314960919 0.02833498919157368193 0.01264649301094350649 0.00587897638093295549
3	0.00050883139327928073 0.01323805625068431510 0.00095515793469899517 0.98157127217678996622 0.00074921046671390531 0.00158582959650834117 0.00139164218132542756
0	0.33573577187376912878 0.25019111736382493305 0.04947625533052262686 0.24991962889470301090 0.02903129278596551163 0.05365922894726642134 0.03198670480394836396
1	0.02594332416202857483 0.81024135628217353045 0.00476789153335663903 0.09931566823349118056 0.01241165957681881864 0.01221179492476178949 0.03510830528736969686
1	0.00526133388872488360 0.55113548076604923498 0.00373293315321860482 0.41364741600444032699 0.00195014465945121153 0.01505773053120375120 0.00921496099691109134
2	0.00239556236818149393 0.00584775855870969807 0.85690559744129290998 0.02192318399805487372 0.04545780317750430094 0.00939212975694062209 0.05807796469931568450
2	0.00012696407379784639 0.47009590294219372186 0.51430405633174669511 0.01166748883734058939 0.00020498007915941753 0.00307645537442646127 0.00052415236133405226
1	0.07256613598555931854 0.82337192852258089815 0.01312843542620729942 0.05121482091207640863 0.00110575097016911645 0.00290094944026417657 0.03571197874314249732
3	0.00158464115158801983 0.00052437649389454962 0.00005436836744506928 0.99774559658136685592 0.00001332133349275585 0.00000593253126441023 0.00007176354094882134
5	0.01316015459955409590 0.05842193464592959629 0.01024867554402192349 0.00286269410122571514 0.00967873775848683907 0.90178518406488117343 0.00384261928590065712
3	0.00012531914473114781 0.00399165281675925403 0.00300004757351309079 0.99084364998307761230 0.00115322740966557202 0.00011554564423768697 0.00077055742801534176
3	0.10396832072041184425 0.19208666370561869319 0.04231487543691878073 0.54850177026872559694 0.05796684009595677589 0.04587215362712433742 0.00928937614524411211
2	0.05400652984157337105 0.06130877152090341564 0.65648504069920421422 0.19301305726431799981 0.01335960471347547897 0.01032600709051039248 0.01150098887001524753
1	0.00333321046717246702 0.90112114846423596592 0.00187969025635661936 0.09266779320941213871 0.00014679101856467371 0.00012600470564428119 0.00072536187861461422
6	0.08916577439064900246 0.23620422263244050809 0.03892363493648768463 0.21631547270494796975 0.08654177698359399873 0.02573220964030423566 0.30711690871157676375
0	0.99565768854531777610 0.00024988388721226574 0.00007970722510681893 0.00083378293641386434 0.00126572726744968861 0.00043281694193695702 0.00148039319656270382
3	0.03028298574331142468 0.12810073053002365984 0.08877381298151572342 0.61961502122718303820 0.06903251341483385151 0.03293782970917880082 0.03125710639395314766
1	0.00496415992536034488 0.97987908403131807056 0.00557412591668380187 0.00350061381918685211 0.00025051527466205491 0.00459119276568257378 0.00124030826710579481
3	0.14344960386517449646 0.08427067851509344176 0.13976096245896105219 0.42698676994923467909 0.07468524132006582050 0.11113900247664615373 0.01970774141482426606
6	0.18115081619204317920 0.00169863218838113691 0.00145195929318120160 0.00634068820087437760 0.02172145396672351542 0.00537849754087800849 0.78225795261791852830
4	0.00368390456263918437 0.00672442281005977346 0.00078527325004089778 0.00021544729539037450 0.94044950581086217412 0.00039641181074194824 0.04774503446026516496
5	0.00360355327142695232 0.01739729475142844789 0.02112766508076038136 0.02761336839453279804 0.03944182333764646026 0.87694571393804221504 0.01387058122616286436
1	0.00009643028164274380 0.99823715941195678703 0.00005114379915707420 0.00136838398935408556 0.00000412066743137693 0.00023886720924413892 0.00000389464121552405
0	0.70884241741963105454 0.01550616417628446903 0.00723450337160181506 0.03957626519645558033 0.01289581387626192836 0.01239638167527360238 0.20354845428449147571
1	0.01154201223100580556 0.46453837727568492166 0.01253785859939846037 0.12693158427636688779 0.07156930528574138861 0.13344585933991637283 0.17943500299188619440
1	0.06921124759261432224 0.73927985989221489671 0.01142977881764899346 0.07651116326190379735 0.01999776196140252288 0.07953754809110427648 0.00403264038311104082
2	0.02427798413975046712 0.04811166736854285281 0.89438343814506304774 0.00466562832407063904 0.01920932660433478240 0.00789088386228036127 0.00146107155595760893
2	0.00381905568130254782 0.00427694575068586491 0.92623442458490401474 0.00022978796736791655 0.03851619033094588057 0.02643985864015822168 0.00048373704463626022
1	0.00042927839277441174 0.97905823127525515304 0.01413690888433160806 0.00393122639906310755 0.00023817457600519025 0.00105723083220060610 0.00114894964036999360
3	0.00054386242911509891 0.00595277204068520287 0.00151873184311683085 0.92851427251063722856 0.05139006128669115769 0.01138426720107458927 0.00069603268867957156
1	0.05265554453529248946 0.46645118038729793675 0.06741825967406599174 0.03777581446251010444 0.08930447381956180264 0.06887946573743747303 0.21751526138383411868
0	0.47034880240017040709 0.16391735983567015666 0.15170294942633941182 0.14834726543978213331 0.03176759154989413497 0.01224919427532788693 0.02166683707281584492
3	0.04394707428353542000 0.09873753668263116068 0.03380420773747591645 0.71510935653047968952 0.02709832510319905297 0.04418688208268357204 0.03711661757999472344
2	0.00229294328336477130 0.31063978203007536205 0.32835132241163056399 0.01935539441111505665 0.10543826429644476139 0.00315604817250734158 0.23076624539486148557
0	0.48548455873943663352 0.15832513732192052269 0.07557884837170632253 0.05828475881786110424 0.02951092222652241387 0.13294047278068021889 0.05987530174187263854
4	0.00052889609663172947 0.01304213328820642837 0.00113717640130669463 0.00152715907312282154 0.98175147146809593757 0.00022593011593216716 0.00178723355670418497
1	0.00830664648697339650 0.98450071068780642403 0.00174793666645343222 0.00187823453169686243 0.00231231089078063039 0.00063020031218222596 0.00062396042410663394
0	0.37320239919953496210 0.19048845562645480567 0.05838918653249548091 0.05626176820222238140 0.13339646948124211923 0.10495553488462765201 0.08330618607342282766
5	0.00510759081131053824 0.04246349831384547968 0.02122889967384610291 0.00996524060105603501 0.00205967313200915939 0.90581348669192840450 0.01336161077600421174
3	0.00281270050959149445 0.00153090251511734570 0.00340603016480748449 0.99000164859543771101 0.00169996834709413127 0.00013340186456039735 0.00041534800339203232
1	0.00415107287596073061 0.98582207771652696771 0.00010671324045969161 0.00236375277395281785 0.00089601460750950363 0.00663007020987817393 0.00003029857571232742
1	0.00065338540147678393 0.99528293643187315531 0.00036299897107129831 0.00301887193363833527 0.00022360690914801674 0.00043100919411125489 0.00002719115868175988
5	0.01189932410392647265 0.00299756924399231621 0.00044186952206841905 0.00635991867772579648 0.01207074582592439042 0.96482848034329593556 0.00140209228306705392
1	0.02316813768081659591 0.82393932857762441913 0.00501988029475579182 0.02762962983624345573 0.00792596825554383461 0.09159339678262301554 0.02072365857239312492
2	0.00094532046730846572 0.11683860301325159348 0.70288744237709088747 0.02127791195221168108 0.07018795249879612730 0.08331586045583670719 0.00454690923550460716
4	0.02762564506202748460 0.11779614800292752264 0.00980848506361698368 0.06613756618248375907 0.41930466824735063147 0.32012964083310974095 0.03919784660848400770
3	0.09096765304559505105 0.08785153134738692138 0.00153271292338539862 0.80224834005844858353 0.00250923106348335595 0.01091900368624998917 0.00397152787545038306
4	0.01363786380297965853 0.00756160934479245279 0.16456365311167042709 0.02398328318484864441 0.69525478671513696316 0.03904389687178344559 0.05595490696878808318
2	0.00022635862124356323 0.01629962858840882170 0.96629998468184186144 0.00048663817676176333 0.00041405502086227971 0.01395711969413540761 0.00231621521674532172
1	0.10630907357335767083 0.78699343181860248464 0.00049104016924233368 0.10244747352172976773 0.00149034103697795483 0.00174552986585184227 0.00052311001423831270
4	0.00005916937263759014 0.00091693499765055147 0.00002399845716354174 0.00001079801307301323 0.99804440920228387757 0.00016488355822905771 0.00077980639896381855
5	0.00002884119250526820 0.00117192862005402855 0.00075708217595547823 0.00006381837973985128 0.00070546946968223052 0.99699257937864449453 0.00028028078341897265
1	0.01075528644965468954 0.94243303539302025751 0.00876943381044050820 0.00729506204855496533 0.01897855004993453248 0.01025008833383381397 0.00151854391456082054
0	0.99071857386688277902 0.00302161542164739545 0.00032735120593938266 0.00246824450341564952 0.00183527839064308589 0.00013380988948035583 0.00149512672199150331
1	0.03085571161396760687 0.56300711839757944244 0.01669847388178803682 0.17712929975235225388 0.01984654711704098365 0.12618695126312909349 0.06627589797414325246
1	0.05261318869363078993 0.54960617908394382436 0.03678704043644596272 0.30223648166668770632 0.01637170448495033764 0.03553802991673397221 0.00684737571760707289
1	0.00070512664631687755 0.99053857014905488665 0.00333806626664004446 0.00105045545498560285 0.00082450773298479931 0.00236508437662453662 0.00117818937339268445
4	0.17245861676067006374 0.01538953565579322981 0.01195724266901374011 0.12046380821957519691 0.49156585800231250571 0.17547502684528384909 0.01268991184735129840
0	0.69017909739673266589 0.05937755639468683677 0.05754961220122881138 0.15878978370147206478 0.01037654644331704144 0.00886307581311879776 0.01486432804944411504
1	0.00313293463139479407 0.99578058714471828772 0.00019801490179624404 0.00027413671425288890 0.00003254833972705381 0.00056878040233884915 0.00001299786577110249
1	0.00107251909803929421 0.65685703592420707775 0.28193276814035000966 0.00269721750552138258 0.00040061106481472281 0.05286961458618995302 0.00417023368087831702
5	0.38845526449127709689 0.04034329641391867782 0.01219098058641389717 0.01386906700655768376 0.07798339825814153137 0.44108453479388498586 0.02607345844980614794
1	0.09264668644189037738 0.50636264332236446961 0.04763735120395438255 0.24909251802988202629 0.03754390584905367700 0.05182394593223461216 0.01489294922061989296
