6	0.19269470640478500445 0.11595366261595030366 0.02547882974918577736 0.08067236780590829326 0.03216942375431205980 0.15298777896027504486 0.40004323070958341946
1	0.02092297457006460012 0.88486225050342104392 0.00613207934701195945 0.06281204034108973933 0.00263143405287640225 0.01002812168188455845 0.01261109950365145102
2	0.00498416116419214683 0.02048691680073554122 0.93412002987219755479 0.02955802185102848062 0.00275241213069811735 0.00609328516609812174 0.00200517301505100413
3	0.03503999717405093667 0.12206113136338414549 0.00293783948457686109 0.83429512521049620233 0.00028715709610064032 0.00324453102743281182 0.00213421864395879754
0	0.86857613292553459416 0.00096604858791435278 0.00284059889311420039 0.01997657845938473689 0.05833976628749574372 0.00023649984983012957 0.04906437499672649388
0	0.55047372708274733277 0.01538125816614027523 0.00289666319918855698 0.00981648244145238470 0.18011376271755244471 0.03929696430417669445 0.20202114208874230594
4	0.00038486216580150786 0.00521556337308348630 0.00043580200276975887 0.00250864899609446867 0.97516746293887068830 0.00004575698451470761 0.01624190353886581506
2	0.01616401036496775342 0.07255685429650404750 0.86572299679533937233 0.03181567062040523142 0.00413552287168161316 0.00732864529011361971 0.00227629976098823409
1	0.00516959528604459592 0.82666306256292054755 0.00037815344563325013 0.16445200771064547030 0.00182986754336639441 0.00070465896249456293 0.00080265448889512651
1	0.01202738633822264015 0.53854303457074070849 0.07615113306038742702 0.02044347355446344411 0.14886803104275161957 0.17903833160415275061 0.02492860982928079769
0	0.41424519619204375198 0.18857595665145565622 0.01349400177131660460 0.04251724154245789533 0.08997387525112264528 0.21356189440707132321 0.03763183418453214940
3	0.13408932231808406987 0.00553647242862809110 0.06453300179899745803 0.66434120973839005941 0.06582409704812744455 0.02182720824880148014 0.04384868841897156255
2	0.00405487549295092432 0.01821990383881627942 0.87669004718613097182 0.01472735589960495230 0.00182479693195562514 0.08415133979060340774 0.00033168085993776092
1	0.01175697947285205859 0.97449444913636285026 0.00051397000916720940 0.00688918035322840221 0.00033617789604657456 0.00496886305796118317 0.00104038007438093201
4	0.05652922379322525281 0.23192240771926889153 0.12983423076672617746 0.00649689941095875877 0.28192827319984770096 0.21756592953907805121 0.07572303557089526960
0	0.26213397674618299504 0.20943360695097137936 0.17453111011731828328 0.17165637514317153012 0.04663909302836728721 0.04240706837790835654 0.09319876963608017539
4	0.03050561519003076871 0.12280722618771915122 0.01509209125652307554 0.00156037021744977601 0.67546295306625836474 0.05169889406700615975 0.10287285001501322856
2	0.00290357981999736763 0.00499574419084797532 0.96959990061483092294 0.00051929468090359230 0.00069284481666947756 0.01888221400087551974 0.00240642187587605718
3	0.05013970194509555223 0.28978774429666076529 0.03505624891063116588 0.36863249363291544780 0.10665514548189061750 0.00554767743102204010 0.14418098830178446845
1	0.00007677313437646531 0.99576638839863762520 0.00022626349946261483 0.00325752237914934961 0.00010072038059360264 0.00015564290810992170 0.00041668929967127297
1	0.00253002202063701146 0.95660676340355199621 0.01702005698839375442 0.01132358543197930188 0.00034031580716920333 0.01010225105043615831 0.00207700529783271404
1	0.00050225306467847094 0.99154116283038340462 0.00114145430439561340 0.00138676662490765708 0.00008864982438489829 0.00516535950067057662 0.00017435385057912813
3	0.31076422967575301204 0.05151943791563697722 0.17398852132677941618 0.39873502646124298066 0.05317484942587692026 0.00612766501032674903 0.00569027018438381799
1	0.01059589506980376100 0.84099564503081969402 0.03529808085031645865 0.00726136295881070828 0.02829695737118120141 0.04186167028123952139 0.03569038843782786075
1	0.00045122294935525899 0.68646826714059627772 0.00380317728354429355 0.30598156373202639591 0.00062430747691031609 0.00024052270504473119 0.00243093871252148420
4	0.01309321509203855913 0.06643449646283866583 0.02205276764035069004 0.00426903031042355757 0.82131416944418655923 0.07109333348679962306 0.00174298756336300977
3	0.14477526393680073546 0.04358599299446938580 0.02900478552122238984 0.74062000564936780744 0.00157939319113701475 0.01486448165450374864 0.02557007705249907809
4	0.01670518425256469278 0.01954306161577152451 0.00189785914667045096 0.00091300931555890474 0.53641639928039053231 0.22268148752548252989 0.20184299886356113496
1	0.10836398570455002544 0.82966208234209193328 0.00487118214807258539 0.00348902283699296066 0.01703835349283329068 0.03165628899423115344 0.00491908448122751942
1	0.00273895671644913685 0.60960528469509922544 0.01378249874060502415 0.00041992172187221133 0.00683779609439886474 0.01493653546434532166 0.35167900656723088959
3	0.11174026621630564482 0.02554549828406384518 0.00709481358546444098 0.64798388044889920767 0.18112705514834726017 0.00029247138477781989 0.02621601493214200523
0	0.54036762814819949696 0.04012097754389402915 0.06738443069717606204 0.21164631235640105067 0.03104130423098454966 0.06940094762594307964 0.04003839939740169024
1	0.03399587003543395186 0.44933730477832761752 0.01969714128381575696 0.17968891058365940583 0.22220141111346558560 0.06136367050300395309 0.03371569170229367363
0	0.62827103651526006178 0.01968928786252354540 0.02775170498762355442 0.24035296176081305530 0.03560762944469659380 0.02491422758840994289 0.02341315184067321864
1	0.00368737412719094028 0.75492483218939321343 0.00528292404202500374 0.00904860830998615272 0.00933540261292487017 0.21226416958774180221 0.00545668913073929767
4	0.00871589881271588561 0.06961681464158046839 0.01106459764028848609 0.00252319984835915187 0.87489953261649155980 0.02784449574677604414 0.00533546069378817468
1	0.00094428970598677150 0.97049645611068080520 0.02454152350275551342 0.00054099750257175102 0.00028959505727948310 0.00173054015369495219 0.00145659796703112598
6	0.00718888216784495642 0.00064109213117898793 0.00171477278110552080 0.00049176651358234704 0.00020976131512672841 0.00189159322115003059 0.98786213187001137292
3	0.01828502988734252710 0.00182945172190678777 0.00452391980808120129 0.97217362534792128859 0.00045554576475864678 0.00110415603391116773 0.00162827143607829146
3	0.04239800834023211423 0.22020962643129918246 0.01862991149614474928 0.65361084983783901414 0.01753224403697908190 0.01339681158940348067 0.03422254826810251782
0	0.99641872621690608103 0.00077529586472743989 0.00019582305355201026 0.00133612539262240254 0.00089276568226480683 0.00030908704549431344 0.00007217674443331657
1	0.00401450996694851722 0.84312327700978428879 0.07634267881294898306 0.01581672923660997279 0.01611032280571686112 0.04409926403703888498 0.00049321813095211278
2	0.05755758652055855545 0.16327062902253025589 0.45646548750306487063 0.07910093078334445860 0.01437858699235496085 0.21248332437318853683 0.01674345480495845542
4	0.00435896825838181807 0.04535197767819777043 0.00623814513649535458 0.10778709465766052322 0.76612270847095598203 0.00812721844729695671 0.06201388735101114741
1	0.00401801171857947732 0.95373009801435504329 0.01287093316508071406 0.00380922146465514618 0.00112288937347142237 0.02373708305601197194 0.00071176320784645036
3	0.00398992510491012666 0.25162126335672019284 0.00762832290530474424 0.68352190643265031689 0.00655411055832615021 0.03462339850509560391 0.01206107313699306648
5	0.00086921448353269011 0.08096961401559633897 0.00275321951745663386 0.00004842634290572139 0.00276922522603921268 0.91244901222995888901 0.00014128818451065751
4	0.00028979405071598302 0.00141008519432344335 0.00026460180855713362 0.00209234850564332664 0.99290483595762624169 0.00003804773109803739 0.00300028675203618377
2	0.01050431481350756757 0.21492893480373490012 0.73152351764957523894 0.00086063854666752445 0.03361747927352655430 0.00564327964095746090 0.00292183527203000075
0	0.73921278016227698338 0.01526468966616516092 0.00254832722822316820 0.23343500139503281510 0.00195577178631877163 0.00464834190754329080 0.00293508785443987938
1	0.01723021057299765207 0.82883383431961088483 0.08341432528817137315 0.03798619405733377058 0.01191540801913239245 0.01452246068600811582 0.00609756705674645901
1	0.00188435358261485812 0.53966528115077949668 0.16626404849727893787 0.00057391866969881656 0.00144784117079034221 0.28137697843545750320 0.00878757849338045183
1	0.00915151092607221009 0.90365694128714113553 0.00158681371854655176 0.05189535034087121995 0.01097262348518397018 0.01275918022670029413 0.00997758001548512859
1	0.00421415824245860784 0.75100050860941125475 0.11197564696567521847 0.03250656169717953958 0.01063280467252731253 0.07314795146328061104 0.01652236834946797100
1	0.00206358564597774932 0.99177091813866169456 0.00084377339793368386 0.00384830171518257564 0.00060067005285835624 0.00080040067707186574 0.00007235037231394664
0	0.82517622558729386562 0.04812425447272769552 0.04317868589727787143 0.04820805563162190027 0.01566023891750490185 0.00475867991169576666 0.01489385958187785033
1	0.08546943969602271984 0.47670527965172548868 0.10594504200528853666 0.05153497807803748137 0.23683847871914359695 0.03083479842059675541 0.01267198342918532047
1	0.02533412996815785981 0.86613390185142979938 0.03488159783060536950 0.01332251078119632733 0.04900065575391996525 0.00800247458700562540 0.00332472922768476623
3	0.13103686529091859714 0.04100433364812207382 0.00406941799263147407 0.51012857229037100737 0.28363043243200092292 0.01361057784321889445 0.01651980050273754719
3	0.00069026988861818509 0.00014599997444752911 0.00006153821588042906 0.99903045810411694738 0.00000513983603736783 0.00000930658172416757 0.00005728739917592717
1	0.00864696964699606177 0.47622991095274175288 0.02869684988150658991 0.00015555648931297436 0.00808736933979704170 0.47543078468471955400 0.00275255900492632662
4	0.00000680267718203298 0.00003611237841840446 0.00003257390018548036 0.00025394828042973378 0.99952365992763569924 0.00001069266161121782 0.00013621017453611212
1	0.12766766806479409868 0.76269711975945253535 0.04220144125020337117 0.00510789222166858296 0.05571322012195419060 0.00381077384188949946 0.00280188474003730719
1	0.00212198238362018695 0.81127067313839651419 0.00081558405668949137 0.00956936489425506791 0.00078425628257044425 0.00904694180592272197 0.16639119743854557942
6	0.07995891105529499832 0.05242292633738971502 0.00721178216544112339 0.00173459319138727689 0.02387012483469365745 0.00159024682003854468 0.83321141559575484514
1	0.05240462545417393092 0.47665576612995619321 0.02803507435474169446 0.03041884844357938336 0.09535563019966480924 0.09150974809809560295 0.22562030731978852116
1	0.00654602268706897146 0.59086661705422893753 0.10015099691616684285 0.00502869387285677372 0.13167739587871249429 0.01868691104623132482 0.14704336254473521217
0	0.41712676433782114316 0.24501578429650550106 0.02587881483419405756 0.28013648765238596816 0.00764924166932434615 0.00477283853266332377 0.01942006867710591514
5	0.00094205519925095863 0.08503357259838480176 0.01203635780486109370 0.00077784141928554328 0.00830934217333312124 0.89186822700798651375 0.00103260379689775503
4	0.39813703804128286468 0.01906479219661511709 0.00965459995098063607 0.00075418965117933251 0.40893508340532819245 0.10440252225878686454 0.05905177449582686006
1	0.15366182887426993453 0.42158517131621059404 0.01907443901738656300 0.30332659124163030562 0.01451145993286009038 0.08568845874519752381 0.00215205087244478739
2	0.00171579807295273125 0.00017355522474188744 0.99614714855279862249 0.00030521825357916413 0.00080743975942070511 0.00078326057349370601 0.00006757956301287873
3	0.39088731570743312504 0.09293721546513739051 0.00594885288025555174 0.47038026087440304446 0.01119377894730518713 0.01994937708397307233 0.00870319904149276583
1	0.12578893674014515747 0.86515602160972648882 0.00183086755965261366 0.00131619194645969141 0.00034799610933208185 0.00520673992847298355 0.00035324610621111915
1	0.00717180089505954285 0.92302072631339182607 0.00417793589033737742 0.01261099144133878344 0.01636470611888374976 0.01969700129924844070 0.01695683804174049139
4	0.02480785942393498936 0.12603191791364612429 0.05266007159497916590 0.11038959192611989824 0.52563438090206304754 0.03118139911841460304 0.12929477912084202940
6	0.00024973532207864458 0.00015605457005510984 0.00059387180447770032 0.00013599472233677160 0.00416939439837768749 0.00076859156846911336 0.99392635761420433660
1	0.03201113871966344143 0.65995236693683034801 0.08778985687486594303 0.05203169896278382611 0.06872658716947739610 0.07325195193394717919 0.02623639940243206042
3	0.01416041452227922819 0.03780293109041042016 0.01046577319352402433 0.79472366942140060253 0.05549513227929857295 0.01025754565528546290 0.07709453383780208446
1	0.00042166281021285487 0.99645135562393760686 0.00066675958751751311 0.00146479411716263241 0.00009901696208654970 0.00088100398384674625 0.00001540691523709046
1	0.00469445755588615218 0.97005863772008738000 0.00069934887167939829 0.00549369475036715245 0.00028387384242768986 0.01557562675190721398 0.00319436050764459892
2	0.02036276642943067941 0.00598918296128306271 0.94615526698381002824 0.00970521073585314288 0.00211604103457015700 0.00282402977795224129 0.01284750207710026564
2	0.00008722965258940667 0.00015970097351914407 0.99709513990122944360 0.00010590891643619650 0.00143653635602807809 0.00101078457523675128 0.00010469962496216695
3	0.00121447439304038941 0.01800751939059179116 0.00013690983820730920 0.98046230026238645472 0.00002459205976548577 0.00011371732990122050 0.00004048672610714510
6	0.25251831032058236204 0.07304271436223920555 0.01882977680722892552 0.04008713702596605061 0.06368776802240563861 0.03076620052558959317 0.52106809293598810306
3	0.41502178577757659061 0.01113774333510619656 0.00932803928906897860 0.42488822090119715558 0.10046348118595031795 0.00755865307742212365 0.03160207643367852343
4	0.02537243309046336229 0.12613316478873512483 0.01580929823742436083 0.06454141846718589037 0.52262843538257752751 0.01149652319015647892 0.23401872684345728648
2	0.00090059057777336642 0.00122085221110509816 0.98382474977789424742 0.00387826440386462466 0.00332697083334053921 0.00579145500217297625 0.00105711719384933176
3	0.02949386630488746303 0.19425986387588867199 0.01655685235427611229 0.72999254421369097479 0.00244847898917808929 0.02692407645062494873 0.00032431781145387525
1	0.01370864693130601115 0.69436576298353380743 0.01068531114007974583 0.10357079134907745677 0.09609476028878748133 0.07751231552068596486 0.00406241178652919956
1	0.00591225966038110787 0.84342262506157628099 0.09568713452404639663 0.00439987928409390529 0.00787438025378553105 0.04094755362316069430 0.00175616759295576011
1	0.00046095597728624605 0.99281262696686101155 0.00366421298638023619 0.00218239565179671920 0.00014531238996239563 0.00048363435283302239 0.00025086167488077020
2	0.00377117625778670496 0.08467434550437463736 0.88988578741505641734 0.00268904085683712444 0.00043397264562355611 0.00791746379895514642 0.01062821352136725239
1	0.00513906383691419347 0.97182694566322225249 0.01295680384799992139 0.00317836899303726092 0.00474474414666355756 0.00162022186911433110 0.00053385164304812095
5	0.00315341833280356624 0.01158598440702355951 0.02768995817431651671 0.00066727436825225078 0.05984438318982738397 0.86788299784843792040 0.02917598367933860529
5	0.00870637050372891942 0.00580673759926997671 0.00205767715074589011 0.00246321875342520513 0.01186164431292006938 0.96709594111800978311 0.00200841056190092680
4	0.00105042631987530368 0.00742845720826609650 0.00050572303708424856 0.00112629042666274014 0.96860662832200938865 0.00141736371104052663 0.01986511097506198087
3	0.03193184766908969269 0.11505894809688552161 0.01085089636424245094 0.82729844415331443841 0.00095944782205016740 0.00650220920435485173 0.00739820669006289143
1	0.16663142523339677381 0.31408460021668394013 0.04223461919523519709 0.05625338907366380509 0.15602527082018080584 0.15957916264394594874 0.10519153281689347379
0	0.33014012308463275280 0.28889594971593085537 0.04134367273614659999 0.19020416436038709018 0.06026258509206484232 0.08373331724586631497 0.00542018776497168574
1	0.00232417577409716174 0.98794577750050693865 0.00028917624045381868 0.00871383260528759557 0.00028422630739293250 0.00031624361354906568 0.00012656795871214690
3	0.00241700980219216113 0.07319149575888961312 0.13467487516381426715 0.72513662865466543828 0.00857538148585278853 0.01873817754945069497 0.03726643158513597703
1	0.28809691578418727964 0.39566372685054751468 0.00633804755454740829 0.02743150804865699885 0.17527378930308312732 0.09459572085917282436 0.01260029159980494140
1	0.01059166074303917980 0.78875840367940752706 0.02446504288499160365 0.05629119753203099680 0.00374838958750924045 0.11085935051896160519 0.00528595505405948275
3	0.09986213902067250792 0.30837622813899323582 0.00885482336236239308 0.55064023540827955472 0.01976699052918387198 0.00330993474053921030 0.00918964879996925048
2	0.00002967303233854108 0.00579877023960353576 0.96041097348630144470 0.00023685779395711713 0.00012688551151381069 0.03339479148498119415 0.00000204845130402088
2	0.09015406770248240997 0.09597777934283874268 0.63453538356551741906 0.06805173575891444726 0.04609670573093947038 0.04653130346569003817 0.01865302443361714635
2	0.04029772249881301976 0.01372087656433754882 0.84911454411927944630 0.00191117509037651485 0.03224116589406941097 0.01079759673240867149 0.05191691910071553201
0	0.95787092686515262763 0.01317435154418885104 0.00497315491567130660 0.00299685968108943327 0.01370710186324888835 0.00530063449391596914 0.00197697063673295996
3	0.02215959347629364515 0.01476979614221060090 0.00136128717989890684 0.91595669389097955637 0.02318374307787927219 0.00877842319570152144 0.01379046303703638718
5	0.04192752777436288547 0.30173394127547026322 0.01972440567024835376 0.00651107726334879035 0.08705413700761170659 0.42233415754282294108 0.12071475346613523560
1	0.25016315975497410706 0.66093901719200409683 0.00541924793954217526 0.02945538697679113069 0.00289482799653157947 0.03697944004006437774 0.01414892010009234473
1	0.19201432198532780715 0.44493142655142314812 0.01116842149976561560 0.04691413837517351831 0.07758109849224462118 0.01286383270618332575 0.21452676038988210960
5	0.00054154378235762174 0.00214295603475386570 0.00612751875176467068 0.00339214086918335558 0.01175028335778706932 0.97421008833879529920 0.00183546886535818510
4	0.06049742644130856606 0.14965405928373962108 0.02880938586787091735 0.04531298952830104670 0.43414601285798359864 0.00398274511520781051 0.27759738090558838675
2	0.01422936609059955587 0.00410396845496831340 0.83856328720260742138 0.00181189187600528799 0.01277063299610338085 0.11968766023241178553 0.00883319314730421010
1	0.02359263967209411506 0.83042546325642530025 0.00070478311067890675 0.13548687866400274671 0.00552464284752722783 0.00354596934475234684 0.00071962310451932187
3	0.00181880293781789670 0.00400812441136839601 0.00693336469704542834 0.97198188326567747097 0.00537036671493926112 0.00038502113000850384 0.00950243684314303581
1	0.03327398588460109274 0.70851131701735992063 0.00444384379944491592 0.21603286133667690128 0.01090954804060404598 0.01636056858645969225 0.01046787533485344854
1	0.26927670100987638468 0.30104841476153682001 0.00353504489079891748 0.02133219793511786921 0.15044450352763791279 0.00786260234690919560 0.24650053552812264956
1	0.00000726819552234508 0.99989429270109542180 0.00003653267670635710 0.00001565136039719722 0.00002632187988231551 0.00000611838157479601 0.00001381480482426699
5	0.02692411947302981653 0.01830624957909862682 0.41963251827537512151 0.00058951395206628579 0.00014489375038201214 0.53403969528646144660 0.00036300968358646735
4	0.13559272041580988644 0.06732640750554272357 0.16162251656564025071 0.03839731826932984288 0.50695553301468865293 0.07049579295552702018 0.01960971127346160248
1	0.00050757179538265119 0.99921822773630042391 0.00002074008737507498 0.00009157491279451956 0.00000667993912669235 0.00014956491911236270 0.00000564060990782377
0	0.46393604757655493298 0.15839787397848595352 0.09419467009785209566 0.10954110606099969061 0.07565009530519957448 0.02057621643850611817 0.07770399054240158254
1	0.04363680037585798005 0.64615130764539518982 0.02196873409477095168 0.22184002589141005313 0.03975210838470705221 0.01047291392081397578 0.01617810968704544786
5	0.00354404117437081808 0.00095691335623522523 0.00137616338438135760 0.00286800250831455638 0.00007746676756398575 0.99115829435119429114 0.00001911845793962772
4	0.00764904534532927401 0.12279842391903716958 0.01861191819551052951 0.04399985553392822546 0.77899602560080127844 0.00501711687779001891 0.02292761452760367150
4	0.12077514846639762769 0.01200503316137858587 0.00591500002343175926 0.05637690985493306467 0.55164759313308442401 0.01384054399337537704 0.23943977136739924561
1	0.06706963283966467515 0.36946424864432042545 0.18032684320703162850 0.02880542311111529766 0.24380046928207624313 0.09216007586106621241 0.01837330705472547260
1	0.12240840189912711999 0.58266358812065122130 0.00870732012120450580 0.24551796192596866963 0.01306560404830929382 0.02022049686984651873 0.00741662701489267853
4	0.19449864756582332936 0.17620935286800185060 0.02897892332888517622 0.00579201235578975099 0.30777311250608824222 0.28117150444274036092 0.00557644693267117866
1	0.00736156497682712192 0.89043541182913799048 0.00083106365683803844 0.00022778649268571498 0.00010465633490093359 0.10063168455463694650 0.00040783215497243615
6	0.02532625348409402871 0.00213779585312154829 0.00710764314483541826 0.00100700122998438244 0.00164048405829332958 0.00163161563952671923 0.96114920659014468907
0	0.72970189789413075765 0.17972855829462464072 0.00377820071765029184 0.07141817714841344755 0.00352245487782576255 0.01103660759188702066 0.00081410347546841480
1	0.01782055936472372315 0.96981453856246713219 0.00122306240943447289 0.00438018975539400651 0.00430379201662288782 0.00094922672172293224 0.00150863116963513696
1	0.12814866819135167786 0.40845455637409328054 0.05595466260795102509 0.18503015921753090955 0.14216014140942076494 0.05754424744343802911 0.02270756475621414638
0	0.83637690937525088763 0.05449126337592975766 0.03204922796326944989 0.02869273340430545174 0.01489030045836637131 0.02597334788749058876 0.00752621753538728136
4	0.00070410247356935611 0.00219214834152854296 0.00086738288100056198 0.00011932639841899352 0.99189460368323489892 0.00259620163626768418 0.00162623458597957004
6	0.00814732752930411031 0.27342749923803211232 0.14984119494150482943 0.10500692420027363250 0.11166024125107441856 0.00678023672959231650 0.34513657611021852922
1	0.06931003718788004975 0.45641084452608132738 0.03449259580770256545 0.12831204095838108503 0.23572469779273613755 0.02037929764758476814 0.05537048607963430263
4	0.00049754925067291463 0.00099411009717855717 0.00013675921627534201 0.00004064708641763519 0.99596354881794413316 0.00077685593703301793 0.00159052959447810306
3	0.00145009131589799237 0.00191515838152434611 0.00084618574807493224 0.99562293016564318293 0.00001803624742279097 0.00012450729834518693 0.00002309084309168886
0	0.98150857080002718025 0.00052004168974831213 0.00004298008028341797 0.00034066605946379776 0.00108046644563837058 0.00018540367078193751 0.01632187125405713118
6	0.04677139206507274077 0.02237901034006456805 0.00401350571856100031 0.00742476314455212030 0.21827297379815197020 0.07378748075742948276 0.62735087417616786087
3	0.00137134285170438953 0.00266858077575737570 0.00381964080218624887 0.99185820663348134296 0.00008023081367634925 0.00016350671390600376 0.00003849140928865177
0	0.70700613966150060996 0.16385672142354898440 0.00478507962561597940 0.02230050552254380855 0.04440035913998167938 0.03146688524901492673 0.02618430937779412521
0	0.88370115070429355875 0.03531726327083153233 0.00615063247702690198 0.00377974342221545348 0.00971122959340327448 0.00960740907673089152 0.05173257145549865765
6	0.16957380354870837946 0.10324386350687354830 0.00377426641333399168 0.00230939665778626211 0.01663048799342595543 0.00636517721382969838 0.69810300466604213732
1	0.00214389865278879306 0.96882223770934527973 0.01056197499086427606 0.00141402838985159058 0.00009863694273346908 0.01527153858514725127 0.00168768472926947560
1	0.02340345497361484214 0.93192673816260418462 0.00678473029766831284 0.01219641265389198072 0.02147572130988285519 0.00178784939605596905 0.00242509320628153148
1	0.03355452193503238173 0.84480686244333313972 0.00652378590694039067 0.09844399810085009694 0.00240896706252020270 0.01288467819229613745 0.00137718635902790622
1	0.14824774766559986605 0.30433305895092332971 0.29071635712458071543 0.02361436472361017405 0.13646997845058445042 0.03716670768350067294 0.05945178540120091282
3	0.23786448530368861642 0.01656969388417448355 0.00068582917120675721 0.72234252390817965672 0.00564010055958907592 0.00629873947476953990 0.01059862769839156268
0	0.97359182156440204903 0.00134906600597298806 0.00168196454463531036 0.00112781834487053778 0.01643476131148736280 0.00049499834120765433 0.00531956988742424402
0	0.94871162438899880875 0.02503764605891145578 0.00033628005676701291 0.00619587506295546722 0.01652724935185611449 0.00246294896599807403 0.00072837611451340894
2	0.06974248511521649596 0.01154546996848418959 0.89609325779563320236 0.00093922834288887264 0.01068140202850704351 0.00950375849954241715 0.00149439824972747966
2	0.00160236126114684315 0.43180902359776535127 0.43356762862067516062 0.04193615149857336799 0.01137447467736478653 0.07329571132325349292 0.00641464902122057881
1	0.08512145993137149036 0.40829559323190989240 0.03837267503702836841 0.21681433698543370325 0.12093127921689837689 0.09728343929105329191 0.03318121630630488372
1	0.08465326002399142791 0.72991478262152953427 0.00320847719258856049 0.03609138595622239654 0.10816963108849085573 0.00516121152940631541 0.03280125158777127264
2	0.00600179339196339409 0.00304459043203414957 0.88055941015899408253 0.00046411977857833123 0.00713692972048412914 0.10145972165681975408 0.00133343486112570382
5	0.00968206359962062516 0.18841088620440216150 0.00430121561103929528 0.00237348893839146435 0.00294278854706830559 0.79169944219522714324 0.00059011490425153463
6	0.07093809080232828246 0.03831561052882765522 0.11548166393604571145 0.00684766477539838509 0.02780604474427134098 0.02946347836285510141 0.71114744685027353466
5	0.06819533474377018067 0.00868500767284244822 0.01958687785728647351 0.07466250401558546801 0.11858613286587256497 0.69240445521296445364 0.01787968763167816291
2	0.00168052510618684359 0.10946545722363401620 0.65286253287780904309 0.01752537688128943949 0.10534832621486066306 0.08004686293316615187 0.03307091876305448541
1	0.00029608628627341110 0.98736030906913552219 0.00706880219824636367 0.00108274274620795245 0.00013608532183799713 0.00394395743206065949 0.00011201694623864349
2	0.00078382196487623693 0.00080720385515678018 0.99492394233139025417 0.00089600891288846903 0.00201042089119990398 0.00048183092225438689 0.00009677112223457767
3	0.01668476944876414597 0.12777089379382974843 0.03880235048992482227 0.28465683533713831421 0.24626484904783096930 0.18930516894340951306 0.09651513293910254920
5	0.08357917786557912676 0.27504613727419113811 0.05781056636102185897 0.02724564040479664218 0.20505690382781083247 0.31242638727188087877 0.03883518699471928681
1	0.04818172124108550947 0.65067089805598554708 0.00748108494318548527 0.01492117338986532517 0.24573533919228743305 0.02735430374219828195 0.00565547943539280226
2	0.00000183965238535095 0.00002076140229891199 0.99993224535245306406 0.00001058122829482209 0.00001627300601722060 0.00001037118080166113 0.00000792817775030360
4	0.19351900923431333834 0.12389523373249902716 0.08041784373578939049 0.18030316610834870583 0.31951271140866366327 0.05905986543997453903 0.04329217034041133588
5	0.07295781210806916162 0.34567783242456123771 0.10493312458754179561 0.01506699191716482158 0.00780963131485482541 0.42907660838425143446 0.02447799926355734637
3	0.00541572677183966081 0.01217517870433087492 0.00206172696508622258 0.97932844079627978662 0.00069338263718809318 0.00017503748789267335 0.00015050663738200529
1	0.04649356857290205119 0.89310416025501571102 0.02124352212797615130 0.01382499090101230697 0.00322248579994918348 0.02145674167235783400 0.00065453067078695610
1	0.01467760348972625521 0.92814488135081707476 0.00148740003140587296 0.00188760469826869674 0.00174708874474674642 0.04262195581128506994 0.00943346587374958162
1	0.09939168835482597997 0.73033694615679645157 0.02233809685748976148 0.00274363789192928276 0.03465353871515643863 0.02864600464241446806 0.08189008738138797705
3	0.00452806468716829454 0.00122038901815209322 0.00354113265555700864 0.98564439268327241894 0.00111417553317702750 0.00045909866951236250 0.00349274675316095474
4	0.20045707941488966064 0.12875677508889413203 0.05356008742692167784 0.10351215191052010045 0.31036753539988221062 0.01437994508446804355 0.18896642567442406557
1	0.02118917512757602720 0.86447975646789010362 0.00797252003157495649 0.04836000756121956734 0.00993346972072272141 0.03193128818571199651 0.01613378290530492754
0	0.82258647911136695274 0.08821785452585971521 0.01678256958982317013 0.03650904659786563533 0.00970070808468503562 0.01132871846221074341 0.01487462362818875103
2	0.03760362560878734856 0.02604335207150353451 0.92897244944173940073 0.00345827674231195337 0.00113991486777294758 0.00244167050981367560 0.00034071075807112913
3	0.06962308721214677254 0.15788610408886064040 0.00123383971739957294 0.72401739615472948675 0.02860700794222845525 0.01453627703560226615 0.00409628784903300850
3	0.00048187697442211305 0.00901856186349277687 0.00037455149212274987 0.98864896419430980945 0.00032076181504713018 0.00060867553285596197 0.00054660812774979595
0	0.37609376012508421994 0.23684242579563011266 0.03375709383302173683 0.20378826467961735913 0.03291238351198010059 0.08941979146106407428 0.02718628059360240698
1	0.03021341077215347615 0.86331827846771480583 0.00248751765648741203 0.06660895703900077125 0.00921137155387364605 0.00792435035322468402 0.02023611415754500778
3	0.01037372789377240950 0.46477073716896366573 0.00368368873853407077 0.48280969040454352337 0.00147064515857644649 0.02205331008696451503 0.01483820054864520323
2	0.00230616666872961867 0.00259735269557034160 0.91982699861502015271 0.01150849006082091570 0.01900177097975462234 0.00519962081452971479 0.03955960016557528297
2	0.00022514276174175936 0.20065097741683998733 0.78928143125032657057 0.00712542275818149780 0.00010247675785522333 0.00230445384018288305 0.00031009521487200412
1	0.08223758955337506782 0.82314731599191759415 0.01166118959010668463 0.02334298354487165245 0.00173557021460849707 0.00098374087160906301 0.05689161023351147622
3	0.00055768882504259802 0.00024807286867636734 0.00007782779728782539 0.99896429199938829857 0.00003484853468198166 0.00000952605271347035 0.00010774392220911570
5	0.01884717770766553696 0.01931703081964505908 0.00450306019476033777 0.00123056911576123061 0.00170754982766011866 0.95293732600945857403 0.00145728632504925262
3	0.00024336820356133106 0.00607660222324636883 0.00166250931374209540 0.99013667953250683595 0.00117515871194428406 0.00007668190247103439 0.00062900011252758697
3	0.14258250908591407757 0.16118926331638303018 0.04289800500016341389 0.52719405628508797523 0.06525349173002260861 0.04912425406136363554 0.01175842052106511673
2	0.06983742011834043195 0.03817988330911819411 0.73182809781111846092 0.13293588273725034932 0.01355441211766715906 0.00530533091519948957 0.00835897299130540679
1	0.00178995117165530924 0.92340048131687002542 0.00223174131606344774 0.07032114214461689106 0.00027504970075849353 0.00035706932358791239 0.00162456502644687997
6	0.10137008157729054947 0.11264158877336818976 0.01845849483325559884 0.12874366047718543982 0.06645306081264475140 0.01316898302895799441 0.55916413049729740692
0	0.99436244756962632874 0.00037478735314214982 0.00013287881480351533 0.00080130632235320414 0.00217110441961331467 0.00094623185400835694 0.00121124366645283116
3	0.03758149127664794920 0.16057058029037035718 0.10367308140239078762 0.56074370411543750237 0.07334498550428421304 0.02748605169120333508 0.03660010571966620246
1	0.00632582061857451302 0.97106785981017762488 0.00892073506416706831 0.00614986769907779722 0.00026492512139452285 0.00549377939681150104 0.00177701228979807065
3	0.17685526780345151021 0.09300352585051646637 0.16670786414142349519 0.35966328111436829396 0.07792968642516563682 0.10770086972809440884 0.01813950493698009842
6	0.12919145464074430207 0.00057329354012075466 0.00066665296347701475 0.00292015854425570556 0.01330037159950414952 0.00363621398231315238 0.84971185472958510321
4	0.01425288379650320805 0.00324633510363133435 0.00222281468688009061 0.00028237496241095730 0.82865796859888618542 0.00123367362829253932 0.15010394922339612145
5	0.00655243516068864870 0.01101785324588071963 0.02300363666509493490 0.02678623000628697556 0.03960544681780165527 0.87438615903545979791 0.01864823906878682741
1	0.00001165410461010204 0.99959335165569018766 0.00003133826025056469 0.00001007824793390621 0.00001020787726422975 0.00034112936557896068 0.00000224048867352984
0	0.65954113780426171232 0.03452847906523991844 0.01730121407070708134 0.05992962589353122149 0.02304500034151882662 0.03706357941781924376 0.16859096340692200644
1	0.02213744782459111174 0.41256933899169417890 0.01529883349166337968 0.06698840691018564941 0.06208511869898455243 0.19752034280377461783 0.22340051127910628970
1	0.12403963464485293078 0.70523147561667542949 0.00766265087604480442 0.06242309293296167266 0.01402329930433811669 0.08339107832352955774 0.00322876830159746003
2	0.02475457682168648310 0.02292805766555445698 0.92573016182113077033 0.00213090655126313118 0.01893068749352902827 0.00464431896491288194 0.00088129068192334707
2	0.00920855063691591001 0.00878020323992152046 0.88347494855504526967 0.00196812185356321509 0.06137760317887947653 0.03385295272568505237 0.00133761980998929695
1	0.00096719711888090050 0.96985151373307820766 0.02299523414938718299 0.00267005258584186982 0.00030123201715803093 0.00145505253683791188 0.00175971785881557166
3	0.00098829809038665376 0.00436770076902137389 0.00100225753934855832 0.90801662911887803808 0.07459369948433444697 0.01010503296664878176 0.00092638203138197906
1	0.07188122268074217946 0.42353576274803217405 0.06352123656039192212 0.02662042149557617907 0.06717690302975916350 0.06033076681298698424 0.28693368667251106796
0	0.51095803009010298812 0.15847109794733699184 0.13120177557356907383 0.12879105438387497551 0.03168507484944577124 0.00964349980505103781 0.02924946735061937850
3	0.14372837822728962154 0.07724910411759466911 0.02256601380814572677 0.66534663816213035492 0.01603522819121937920 0.04253357702684775615 0.03254106046677257558
2	0.00155953024519670685 0.28492682150709314204 0.31380543253917286828 0.01161876558391198265 0.09277160646155965806 0.00385992386088444654 0.29145791980218144213
0	0.60390306369544999310 0.13434951964487451548 0.03666330241584708077 0.03420715643212103585 0.01825402547129615846 0.13489084122023170531 0.03773209112017951450
4	0.00232185994539169322 0.01382691999611732753 0.00208004459664330515 0.00362013596565093597 0.97567800347662436700 0.00083649694488194455 0.00163653907469054542
1	0.00787403237158455782 0.98794630193278976105 0.00083610530398140186 0.00159188610201321714 0.00120960717363873915 0.00037856241347986643 0.00016350470251247091
0	0.43704294049944036882 0.12426259553236553013 0.04988313251102798052 0.03795011705632059251 0.15313669927413203764 0.08349553919355591491 0.11422897593315767262
5	0.00280918800595977456 0.01424041603239715667 0.00722075176673750603 0.00347373373291271414 0.00102536599835193333 0.96511067893899604719 0.00611986552464511505
3	0.00577885929956695795 0.00346518333474625431 0.00271405815894931604 0.98589395579249006207 0.00152556695321203460 0.00007199442557333733 0.00055038203546219240
1	0.00700768432409048896 0.96865533152318628041 0.00017295754854485719 0.00540439539380444239 0.00099943126641356705 0.01770016568361819018 0.00006003426034228416
1	0.00102222087582396815 0.99599960051985214626 0.00022446988217969820 0.00236928698712585107 0.00015882148781771812 0.00021469522061638873 0.00001090502658384348
5	0.02558941646354830762 0.00397413126043154839 0.00108023546060802582 0.01277329430190742889 0.01528042964333309155 0.93715993347585491158 0.00414255939431686267
1	0.02733535319961064025 0.85136428218836590620 0.00385949374909245720 0.03078102343420281023 0.00551132952458981661 0.06714474396873409967 0.01400377393540467794
2	0.00152613824941692918 0.13107713997434050635 0.66833083061043241369 0.01897143646096363656 0.06176020540198538800 0.11458417419825786543 0.00375007510460295375
4	0.02704295405408668404 0.05357124646122476269 0.00713029126474146267 0.03574084561457620962 0.50385014752079282374 0.32874687795490947773 0.04391763712966844507
3	0.09619303229911357889 0.10854219215758623140 0.00102007711437199200 0.77732958380642491747 0.00168948123655670137 0.01269409155255781137 0.00253154183338881195
4	0.01076782541212904960 0.00402402444477215158 0.16583861458101892272 0.01143726922794714024 0.72408838755912885432 0.02373637660695725182 0.06010750216804618129
2	0.00017426705316986763 0.00844735939432499604 0.97882337453149259598 0.00026273677466372549 0.00020086538333292903 0.01058287425005958494 0.00150852261295445237
1	0.22859216527330367130 0.46158691878678109743 0.01625674358092368821 0.05055766632897701340 0.11217394382847090117 0.06273791146161941668 0.06809465073992422568
4	0.00027255880233132253 0.00060236414636878448 0.00004423065770224921 0.00001128747680706382 0.99764737394923208580 0.00021831893227176305 0.00120386603528631255
5	0.00002185551426108506 0.00058030995661640565 0.00059186583889634043 0.00004144216849402429 0.00049528167738283068 0.99798446416463293396 0.00028478067971540830
1	0.00762612649586285902 0.92324011645678594196 0.00810584433954332842 0.01105618073312186929 0.03223385030446359462 0.01458515355134052185 0.00315272811888232980
0	0.98544895145059485664 0.00517619532523764126 0.00069713476021445505 0.00350811079710355899 0.00282318317220200564 0.00051805067174407425 0.00182837382290350760
1	0.03643458191602479829 0.64934188587102836809 0.00758560301191354980 0.08078368501205998586 0.02067713116013946556 0.15451166083511136407 0.05066545219372181608
1	0.10728988571847140887 0.56108824806058132939 0.01139294815286683721 0.29115403155238506194 0.00878296282322695715 0.01509203190396236037 0.00519989178850566516
1	0.00159693342650519599 0.99131671663053477772 0.00221182324610867936 0.00069675820533489244 0.00089778291408241671 0.00267687000234975714 0.00060311557508487001
4	0.10906920002389684787 0.01059905995297217435 0.00593380822058571511 0.10103165948022911624 0.61388099218244362998 0.14588090798263123049 0.01360437215724137790
0	0.84098685360703950842 0.02308405854392644313 0.03957741626714370020 0.07554652264168679188 0.00551731103202531079 0.00582791476869607295 0.00945992313948201477
1	0.00659375925930623819 0.99226020548045990033 0.00021619074116793372 0.00028646438483194338 0.00005385547872136504 0.00057415638135033394 0.00001536827416173980
1	0.00144343741887750982 0.47116437525995014113 0.45874942190277478993 0.00267332594621653768 0.00014783612017184384 0.06308909742950326305 0.00273250592250530097
0	0.51766542777956425780 0.01518131861819959488 0.00566984187282055033 0.00690649802876932770 0.06929870238451144027 0.37090061809259439185 0.01437759322354048748
1	0.12058326675496824909 0.52471053545014789687 0.04409971672849299223 0.19648854016677264056 0.05256213457829473495 0.04919352640459265930 0.01236227991673109761
