1	0.04781260921496563454 0.54240499745378112362 0.11391598602901845116 0.12766365689751160706 0.08108286855567392593 0.07787761205619526950 0.00924226979285363084
2	0.02289571279616779698 0.00099500304490531401 0.47420580270203144257 0.00067849940839429781 0.05410504887177559896 0.02006927471047010789 0.42705065846625539505
2	0.00432108854717331865 0.24730056293144381252 0.55249042175610985073 0.03376877229380677303 0.08063182008362118625 0.04153424020223104446 0.03995309418561492770
4	0.00587761445152998937 0.00051346063633515415 0.00668128887509465263 0.00346306706460275653 0.97363819827061226508 0.00851136929669962621 0.00131500140512456768
4	0.00072366823566881965 0.00666368716438155064 0.00161266421563665673 0.00327080071055316267 0.98069577359175796882 0.00346907378626558349 0.00356433229573670371
2	0.00775874771064283091 0.02917237172640957388 0.73946554266437192204 0.01986016565789559818 0.11685965192046636474 0.03737692413708639666 0.04950659618312722859
1	0.09303538974094512082 0.65988018617243848762 0.02991820065815075855 0.04232562630899616013 0.08117955039765224756 0.01715579723596696166 0.07650524948585003815
0	0.46879976519865274032 0.37248919703760330346 0.03989671205370103751 0.03921976525146524811 0.00272371173384731253 0.07507589299495345814 0.00179495572977685178
2	0.00025239039779998210 0.00280849201547901097 0.99440736565319254314 0.00020093154066606490 0.00175990734377857593 0.00032214631063505732 0.00024876673844913987
0	0.97314762583460190370 0.00105384681963721747 0.00356464351241334671 0.00436837653004139466 0.00458147288877332973 0.00476512298585420133 0.00851891142867852898
3	0.08129136184001431453 0.07509146113171938364 0.00892992942067712993 0.65478756250163938635 0.09217501501722777379 0.02236477885893442194 0.06535989122978716481
0	0.34251665670599706903 0.25038778178842430178 0.08975887462931386729 0.06276593801145785578 0.07547750957717283549 0.12075019822634532052 0.05834304106128899298
1	0.01963995868692053684 0.83719058817714064880 0.03867578420947456741 0.07141924176721564654 0.00190677968872737975 0.02404249703791127429 0.00712515043261016667
1	0.08962601493867619618 0.74129848199506664930 0.16679881096674198382 0.00013973239664306070 0.00092465764883001853 0.00035853098127490066 0.00085377107276702214
1	0.00005364527562813606 0.99591405619285111595 0.00303398755940704774 0.00028202929285519620 0.00007963291912568069 0.00037968200851248456 0.00025696675161883972
5	0.00836921264736368263 0.03205370862112397190 0.00468968451878898525 0.00590730142094563794 0.00270016401517376254 0.94033817644042883011 0.00594175233617492797
2	0.00009556677589180958 0.00005739543353805028 0.99788427507578159048 0.00006904824211944548 0.00104684200602254258 0.00032136795818847797 0.00052550450845771494
2	0.00006554676428690655 0.00001128192279589613 0.87764355177706643296 0.00001002963613953408 0.00011996397480244633 0.12181908916520561847 0.00033053675970479889
3	0.00017794950940508555 0.05021367987534824245 0.00124560861170985361 0.94428170310775449980 0.00050580592821508814 0.00152704499422969811 0.00204820797333596025
1	0.20142437044778743749 0.24038042110727694811 0.08369903925172933468 0.08095750468120183063 0.12534989744009022994 0.17750105665191109883 0.09068771042000348115
2	0.00000348186074216589 0.00007841934307662394 0.99972077192012664959 0.00003403654744818947 0.00000407371062218556 0.00015606604851511896 0.00000315056946782745
3	0.00200447347013132590 0.21096786298910613633 0.00056481086930312212 0.78358600713267601012 0.00036469593167042842 0.00177244781078701318 0.00073970179632612445
2	0.00601012319437068017 0.00968296878101616680 0.74758283444094253412 0.04038028563573111546 0.18525513255838849114 0.00969401707538661978 0.00139463831416433031
1	0.00029282753797011340 0.99089747103312530996 0.00500883769130703541 0.00104997514704374120 0.00065256705546597985 0.00195113119588745019 0.00014719033919919711
3	0.04271357204615320452 0.00513990617382269373 0.01636724639162998041 0.93179519308702374314 0.00027865746258952406 0.00055770194672579701 0.00314772289205539433
2	0.01895006829683464067 0.41088909830553327351 0.53295777290916523938 0.00747964746322219137 0.01966820749479493424 0.00742906388205687249 0.00262614164839314063
1	0.00140912646509327262 0.98187192280449864246 0.00272904799732462790 0.01240704365424226061 0.00038753565779446456 0.00090904223237645932 0.00028628118867013333
1	0.23058321219463753793 0.51943698707348129329 0.08349971560791219494 0.08280156292443620336 0.06121912573970704485 0.01084112197284632477 0.01161827448697987444
1	0.06515921108883088175 0.30554348527562880111 0.20165643882639106010 0.05347480925021749071 0.24813744397925119323 0.10464474758199839022 0.02138386399768267901
2	0.02304133807735478379 0.00212918428156968868 0.94632197257137329327 0.00123249792782657288 0.01219795446034303323 0.01407124016068024910 0.00100581252085275462
2	0.00171964827861673694 0.00012568879437286308 0.99405709537250841468 0.00048873240076147237 0.00241008338729561305 0.00049191188939308385 0.00070683987705165386
1	0.05762407083214313164 0.78306058040568260470 0.01631752000413536074 0.12533976019673156999 0.00715677929545742268 0.00800625392796601963 0.00249503533788375097
1	0.00059258331934532377 0.99750229984218130586 0.00097460314547360115 0.00025580111326876535 0.00022653447049354890 0.00025339669193915422 0.00019478141729858606
1	0.00000883723652987391 0.99975411920160073276 0.00009375290584936827 0.00001660552587218864 0.00001636113872454201 0.00009118924263181398 0.00001913474879075874
0	0.43596692101874656711 0.03307424069758218427 0.05689561548564571469 0.38198674307025071162 0.01756675915049014242 0.03769299177313545357 0.03681672880414909449
4	0.06344979473116968416 0.00573379516110968015 0.00709528191812287996 0.00520992077201343738 0.89813469517065913639 0.01079130382391827597 0.00958520842300688257
3	0.29823575116775541405 0.00393940382190959872 0.00766001689703888280 0.68289586122110557120 0.00502855822127697312 0.00111156066337848034 0.00112884800753526105
3	0.03839659429768012278 0.00325544050755001814 0.00219733447230297408 0.68678000912854331172 0.25889547126763734486 0.00758020549824365512 0.00289494482804305339
1	0.11550396816403929456 0.78192766256447288065 0.06510946740200157512 0.02057683557044406170 0.00099713091977713655 0.00155165687728651665 0.01433327850197829365
2	0.00003102638692100467 0.00001591233568830711 0.99930626308294201454 0.00020534199090047178 0.00009920696613666570 0.00032483133236768083 0.00001741790504549203
3	0.25868860672408461321 0.08886344861192417566 0.03469472013899981694 0.55502176928160551483 0.02462799725191448449 0.00914853591058042287 0.02895492208089099628
1	0.09222524200892580348 0.76295951207579548736 0.01079138481988529442 0.09349189144250018291 0.00515183680746715555 0.02431604772641662165 0.01106408511900928461
5	0.00016474143114075834 0.02130228524807926960 0.00032173488396541427 0.00005277878040305146 0.00576623883183044472 0.97204035219001261314 0.00035186863456797247
2	0.00000231333500006746 0.00060428066450025301 0.99460913802706940601 0.00007606388585773003 0.00048865722309196209 0.00421559865362502225 0.00000394821085524637
2	0.00015189669776757297 0.00005043975577783824 0.99930156448564388949 0.00006000471443228784 0.00033323899913339453 0.00006096625654582145 0.00004188909069815783
3	0.03269377760749558881 0.09693050606738561059 0.00281664607454360080 0.86168820118637667882 0.00110204650011963882 0.00448134781421800823 0.00028747474986074670
1	0.00835732662063935934 0.96186474783119113585 0.01427379665014532652 0.00470747171852963029 0.00767511738053507694 0.00127639539243171456 0.00184514440652828690
1	0.39868440296382184895 0.54118270019603509358 0.01412968392717771707 0.00770633884446388518 0.00273454251315494341 0.03412254833917220675 0.00143978321617461470
1	0.00093986478194959882 0.93465244820703496931 0.03118189296015814668 0.01057848386496613308 0.01632406080600534368 0.00179725555199716932 0.00452599382788767927
1	0.01136610824539598455 0.96527441816449133238 0.00200168311995531714 0.00701620455082193131 0.00648817666561557743 0.00690921328973722031 0.00094419596398307077
3	0.00554466274860421476 0.00039001275387442102 0.00048966310675628696 0.99051877725542969433 0.00111006626330812513 0.00062863933584380194 0.00131817853618280707
5	0.00236634779705980442 0.00740156815050977031 0.01217821416346207865 0.00434582283344460852 0.00543028671888503168 0.95596245207876184846 0.01231530825787658691
0	0.99739583502625905886 0.00025116828029627991 0.00006399608851727835 0.00195957202379957443 0.00008276684302979728 0.00017852408207199650 0.00006813765602608089
5	0.00200766399301414208 0.03600598881875794605 0.00169654338625605688 0.00050795223924447372 0.00324932243230525736 0.95607072783542601524 0.00046180129499571369
5	0.00670288376990826017 0.07619863520001049495 0.03296135704755511625 0.01954859261359847764 0.04998432657143004471 0.80391627479160554515 0.01068793000589188420
1	0.00222847477566958437 0.98456251319589260795 0.00673278617714496552 0.00102543530141256862 0.00457248669395507804 0.00045638675587840206 0.00042191710004580715
0	0.43247796837333041253 0.02320110688083767275 0.01810070988154274460 0.07826815282337866442 0.04227317187804142951 0.04258260876232850684 0.36309628140054028833
0	0.43587113993160359060 0.15752201049956512935 0.09487432428965832110 0.16841346780861510268 0.07772016724063379733 0.03406221462127341504 0.03153667560865052594
2	0.00021416442500894474 0.00023814782980166130 0.99875306163428756445 0.00011559318890250588 0.00018285367938909079 0.00044208606672889737 0.00005409317588325035
4	0.00003792190451098576 0.00102718887621338273 0.00079654310402394466 0.00017919585278101016 0.99773581637951780365 0.00012438428236194278 0.00009894960059102668
6	0.00030592613776491448 0.02180367780433939071 0.00193311330505434547 0.00167341975359835060 0.00058030584790835413 0.00026626054506366140 0.97343729660627109634
1	0.00413846291289904702 0.98769070313056750443 0.00377333593045119141 0.00064869720024581749 0.00065070041566823804 0.00294225335113573478 0.00015584705903207865
3	0.00387080089169454045 0.38198960540811000008 0.00920447917627871190 0.59649342397963722728 0.00221401685907023039 0.00105852488117660166 0.00516914880403184385
0	0.35908258481052957034 0.20250239373527281761 0.02867914983625456313 0.16468152773087574303 0.09612400331696287215 0.12195896300705159898 0.02697137756305274456
1	0.00034899137646405187 0.99540660630939359343 0.00049947138370524458 0.00003857488219109401 0.00001683209460256708 0.00349809528766251458 0.00019142866598053864
1	0.05017067141695438770 0.91792824339056899863 0.00847760946775535755 0.00117876539360728372 0.00955759342700663282 0.00927366088635477211 0.00341345601775248876
6	0.24994305471132774454 0.14040693832831066534 0.10626722473743571706 0.17776786900227550814 0.05596290772021975113 0.01874665521808987698 0.25090535028234056680
3	0.03121829614840512107 0.06473088479886249247 0.10058943979816954706 0.50001734557006138893 0.08598342424501263792 0.07632681149478656724 0.14113379794470234940
5	0.00027755537612848277 0.07702417227645487474 0.00100587849700646461 0.00023235310119095552 0.06422724783660001269 0.85636981820872259963 0.00086297470389743770
4	0.00479044782014820692 0.02861977440094782763 0.00169444928691746873 0.00405436175588909983 0.94975868692439446850 0.00033514016746121963 0.01074713964424125166
3	0.00171072520565101289 0.00018219419437441662 0.00062467344214655381 0.99542224339987672721 0.00014004060922292568 0.00106586655681846238 0.00085425659191005717
1	0.00034451059217469569 0.99098450360500156542 0.00600158729991830554 0.00041531363250143870 0.00019530088377647773 0.00056302896926510549 0.00149575501736317782
1	0.00062856722383281048 0.99502861638104822539 0.00265771409173306888 0.00071335330104761664 0.00004188407683895114 0.00089355688260408432 0.00003630804289478878
3	0.00114399091586921933 0.02046271485518674771 0.00268850001942647684 0.97145243881732734614 0.00222468253949176372 0.00099641033325611442 0.00103126251944252330
1	0.15016937549288247866 0.40644203985107879573 0.07010621713017638201 0.24938731217050469358 0.03060950399300521943 0.04572726861565924034 0.04755828274669308964
0	0.56227107668673215191 0.00467783501963369396 0.01991989002222742389 0.01178770121416856595 0.00995691146257174711 0.00164133236224903818 0.38974525323241737684
3	0.01791695068641738567 0.16564306091521591169 0.00698529992240083577 0.74488477823450982562 0.00265370165856755732 0.00475735529819857911 0.05715885328468970489
1	0.14665685525848001780 0.44592602499327055332 0.07386831005652964854 0.22914438212222737468 0.02557848517628259419 0.04027913358066379651 0.03854680881254597680
0	0.84327081806810888498 0.12502378256460119910 0.00424438934356278445 0.00624328636788250985 0.00952603354741617288 0.00313230190787365569 0.00855938820055480651
4	0.10053640667603060133 0.04580476304664940490 0.08280271829882834833 0.26244483864135648155 0.41045140003701069409 0.02560042695805665736 0.07235944634206829817
0	0.74917864081023100020 0.16629260171424081749 0.02415666838171786832 0.02637720051793283546 0.01246238587667036248 0.00276364620725814795 0.01876885649194899586
2	0.00001264369163357062 0.00000485611791290588 0.99967337507667142216 0.00008377143658855349 0.00004696135080222192 0.00012717700578270382 0.00005121532060825029
2	0.00685414790027298083 0.05027341156013997309 0.91567757352308809526 0.00580491544272191025 0.01273604217557392122 0.00440055584985856851 0.00425335354834597244
3	0.17117385383662983567 0.00232535151714434755 0.00748815094761697605 0.74037601294590915657 0.03118618929661306008 0.01059962215265854851 0.03685081930342785222
6	0.05296447954615298576 0.09454641977151972965 0.02653049836837003544 0.00231868456500611102 0.21320143473694413982 0.14133299515495900689 0.46910548785704797581
0	0.64350148980404309196 0.22052242882162104154 0.00595409212217821136 0.00413081226407271355 0.03230442722080846540 0.00910980707077646730 0.08447694269649999588
5	0.00032484425033345939 0.00064002486051890710 0.00001789684020806516 0.00030776994171794939 0.00005112693415062083 0.99864714694212208812 0.00001119023094779669
1	0.15199965983048094320 0.70727002950264850067 0.02118608663857254534 0.01616890534948115313 0.02131827660505914573 0.04623634927197433492 0.03582069280178359905
1	0.00130719081429579069 0.99196283718236377691 0.00302423408680161515 0.00188347610411170280 0.00059196643378814741 0.00109538519293459662 0.00013491018570450008
1	0.00334479337081768167 0.93838043163489748277 0.01150701404343974776 0.02117890418208740952 0.00861775511984856114 0.01565084487272097938 0.00132025677618821257
1	0.00787104402347106775 0.66309761608255413101 0.09128337238707513734 0.01512694439515564065 0.08655138148638973072 0.12915631422351195323 0.00691332740184315720
2	0.00002907318671174775 0.00022655468914506525 0.99912037092954897322 0.00017169373914278173 0.00012696022619349806 0.00026672313024666644 0.00005862409901256071
3	0.01524307118262605183 0.02681913858078231738 0.42035877626575213206 0.49060479634236964230 0.00381575127714052584 0.02733002955353299596 0.01582843679779666335
1	0.00773873223164800970 0.98914605895559593041 0.00013180653136849542 0.00128559910771992034 0.00083087376660283653 0.00029241329841934061 0.00057451610864588359
1	0.00264432424632944293 0.60898708050367733602 0.25222360382401437517 0.05398464815388694105 0.01732260458134613976 0.05366010724297020501 0.01117763144777484535
6	0.08295030807539299778 0.25041136835866162347 0.05564230373625114051 0.15542984584005817283 0.08456080925723608033 0.04178576280549511912 0.32921960192690519209
0	0.35717445801710090425 0.11669119073862953273 0.01377902908489535803 0.03381084808368201716 0.07688052049621270367 0.05057899872010766101 0.35108495485937185610
0	0.44832854896236690179 0.08229386789182342732 0.04825299725516893345 0.29994974101203930594 0.05012789650050227669 0.02319361005322417499 0.04785333832487470573
4	0.00006673220903721718 0.00021368701579012439 0.00028187389126238218 0.00087494087057951597 0.99825389733246194801 0.00016439779561965546 0.00014447088524860863
3	0.29355949237262235485 0.07363198517322160075 0.04750341525425261918 0.52159020342907280732 0.02135578511573343538 0.02250235987252796610 0.01985675878256933091
2	0.00000912869578150198 0.00000855255256725370 0.99914601104715150548 0.00000250131668218619 0.00040353890684213095 0.00037574385300311242 0.00005452362797078320
0	0.62924682944251297823 0.00147235521543992356 0.00145020376810094543 0.00267409442935898295 0.28955189966471089891 0.00192288898685577395 0.07368172849302036254
1	0.05679558204321589338 0.89993619911024680391 0.00430093417633605098 0.00309947714336340080 0.00098719835590262996 0.03232921606621920463 0.00255139310471655736
0	0.98528193232817751213 0.00334242636157304615 0.00015447945004115664 0.00171807234286890597 0.00267630385698647841 0.00340850596060263220 0.00341827969975020069
1	0.02462668653231021507 0.35665111607286642537 0.18988770967649323818 0.18942561638320767892 0.06044709629742898993 0.15841940932924108987 0.02054236570845245288
4	0.00136930587626989076 0.01226610316241753644 0.00943477005419929814 0.00899136949030106096 0.96570566652092115767 0.00121013212485409955 0.00102265277103709483
1	0.04042721783341671205 0.49839475293216189966 0.06740729552584405482 0.27465311222639754440 0.05220856100982448206 0.02181449928145483969 0.04509456119090049508
5	0.00003983498841229509 0.00000598098159937526 0.00003025806075707520 0.00004128023674560481 0.00015764674750063387 0.99971756422838475853 0.00000743475660023486
1	0.00190648786108267381 0.99418689842806529100 0.00169479878165772159 0.00069187465666086705 0.00042994267182332332 0.00105127588588925817 0.00003872171482179905
1	0.05157164072543816286 0.68051090405584646614 0.03973690729758422302 0.05112694581790919179 0.13874156048428526455 0.01788330824563868007 0.02042873337329789707
0	0.66475666881893569204 0.06816277800722726765 0.01092281882038258038 0.04564501529620040160 0.16761092886998565921 0.03812471062921962001 0.00477707955804868370
0	0.72338944462654031220 0.04281452336210928716 0.00655234682882228654 0.02957007433746705605 0.12292711243429656209 0.05038446937159718475 0.02436202903916740922
0	0.94993425658649455201 0.03956380686519600509 0.00378237054080417245 0.00310578732605999589 0.00120106699550854776 0.00053670894820160241 0.00187600273773502703
4	0.00472816503656944571 0.00202816396607607453 0.00571446542321324934 0.00525207930941575148 0.96047649846439775434 0.00924246426174138436 0.01255816353858662561
1	0.01854164926158573951 0.69556354801159214762 0.02727915961959561514 0.12546382929795299455 0.07261880693796282649 0.01840966287774313537 0.04212334399356763154
4	0.02015811848617076601 0.11139107078513535432 0.05936077897738087361 0.29290763426444349493 0.37621013188892671320 0.00696961617771788781 0.13300264942022507753
2	0.00000995132053922863 0.00008126286660977077 0.99974908766607084587 0.00008263770056225997 0.00000531503370014372 0.00002582157531886881 0.00004592383719932872
3	0.02092092809682415469 0.22597352133305140254 0.00861104177220552332 0.42601629589010842070 0.30668616866910353158 0.00793301912067022851 0.00385902511803643683
5	0.00123427109768304622 0.00137020762224591606 0.00063066137312251609 0.00026481742420869886 0.01331316841891763865 0.98223353540168378828 0.00095333866213799469
5	0.01178747668723343842 0.00144236649472416598 0.05544995787430170159 0.00247428612676857569 0.00098592218645048892 0.92695421747829032100 0.00090577315223066288
1	0.01902140249275287992 0.94665206265294998822 0.02842775202867743600 0.00294408758279707554 0.00042004604800279004 0.00206599607435431357 0.00046865312046543166
3	0.23683521165263032859 0.07036525828706668984 0.01946289620796537445 0.59878592617889658811 0.01414876935443134219 0.05377732123781238383 0.00662461708119735804
3	0.01768667388603396146 0.01908144466992194727 0.03687923943636240570 0.91420124680173042719 0.00366577042818323155 0.00395438204671041786 0.00453124273105766796
1	0.00023197046379946356 0.95523572487359464933 0.01898728961454239708 0.01977513924701217174 0.00119384814402608789 0.00409481883401605854 0.00048120882301058064
6	0.05675198876125193970 0.09250969701095153319 0.33958068192113588513 0.01376017653021606273 0.04392992627650723486 0.02084646994253488289 0.43262105955740204344
5	0.16617504287450068912 0.05726313366971919755 0.07482842422521469861 0.12736423572363400614 0.13055986130201421846 0.41691874716313515048 0.02689055504178194944
3	0.00230951060687457693 0.15170642259779570926 0.01101751651972896970 0.82133008421656894527 0.01036237313751578633 0.00139207010982866398 0.00188202281168826685
1	0.20751510076891260814 0.34024663759361406523 0.08173163537650886268 0.16921253723611623387 0.05458541592583777274 0.10642290688587498215 0.04028576621313575967
0	0.35290430176510478866 0.27453840680373464700 0.03125698635465214842 0.11831185910944067019 0.07248350753772196675 0.13386940382600101551 0.01663553460334457612
3	0.06564117078661678428 0.29451475704628365948 0.14989059547518851501 0.40840603377582429534 0.03931114833904876538 0.02449617591217945894 0.01774011866485799768
1	0.03254314954753712019 0.74857863368739308019 0.05011429729289363505 0.07987598698599937541 0.02631408928766376665 0.03990409178737554935 0.02266975141113761888
3	0.01466188433305982801 0.07656258583964875575 0.01366796137077114226 0.83108917535829240908 0.02067430024495586424 0.02258470192243162283 0.02075939093084073345
2	0.00254578244554687968 0.00004827926534659154 0.93947662705248069503 0.00022160293722948813 0.00052458527312726933 0.00024194068995614601 0.05694118233631286635
4	0.00008434496669067479 0.00134809192424417928 0.00001987194247371639 0.00010245270985989989 0.99833720331957775951 0.00002955675669940892 0.00007847838045491133
4	0.02816716522959746352 0.03257424136109235424 0.04621321016501579726 0.02434325106865051214 0.80622915596540656313 0.01152673247904816706 0.05094624373118905591
5	0.02846484913889579110 0.01729726146289809266 0.00770027449103056431 0.02196993048945848626 0.01889805916060313673 0.85358952752032368760 0.05208009773679026649
1	0.00044837677509458081 0.99428308536278353635 0.00142591858633981305 0.00095216546316933528 0.00015768934006648845 0.00226345070871564148 0.00046931376383143881
6	0.00180756736741032476 0.03879374856116403480 0.00151387548099479025 0.00056552939176395423 0.00431283261259323477 0.00089686027848856823 0.95210958630758546484
1	0.00020173591941838044 0.96550793513773713883 0.00473365391042781039 0.01638215594888987534 0.00125928649865079023 0.01141969641422931926 0.00049553617064584130
4	0.10879303090274261567 0.09670683795257827009 0.22358969104155929086 0.00821260436425926173 0.40683197953871608199 0.05684136412980469316 0.09902449207033994782
1	0.00105139026697517951 0.96916749081970821056 0.00336225397519744314 0.00069030919100081820 0.00131305990381020907 0.02434409974836619292 0.00007139609494312261
0	0.95127517296173658146 0.01516524438875493062 0.00674217349385684752 0.00435741015237427285 0.00670467726156271596 0.01100443521754178484 0.00475088652417296562
0	0.90480370668259013645 0.05104089545536239642 0.00074090198757696961 0.00043743859644174935 0.00609562211149731071 0.03416138631249904939 0.00272004885403227988
0	0.68872419484307456639 0.02899291545817557839 0.04771372817658704052 0.03688276167079507228 0.02578449864991592261 0.10573474364471950604 0.06616715755673224786
3	0.02908775756436292326 0.35378874730457726683 0.01452248688728148898 0.57783191632637531665 0.01214183837611952123 0.00687272908124286416 0.00575452446004035174
0	0.54008732628454270142 0.15983642611474627171 0.00217618335590455706 0.19338020334602734618 0.01988214442354941519 0.01801370794992787280 0.06662400852530175888
1	0.10341285790034591974 0.71265963045158087219 0.00636247987505527031 0.00358594380589346597 0.12685829924312150285 0.02270622957665231062 0.02441455914735071037
6	0.06120848157536728368 0.01816568676496884555 0.02583385158812648644 0.32074771878946400916 0.02028965665936808410 0.01649555912495802301 0.53725904549774750052
1	0.00034309093340726402 0.99784577595234436043 0.00087282380400175439 0.00022241063973771509 0.00005545532337471824 0.00061770395079700541 0.00004273939633652396
3	0.00023459405748691426 0.06323100756719682303 0.00048001698338776845 0.93594850327927070488 0.00005087797702645842 0.00003840566467072088 0.00001659447096079364
5	0.00640479416935492256 0.16363492597639292536 0.03249296749703540349 0.01327553280681744580 0.01812361250007393440 0.74232808032676511623 0.02374008672356062513
1	0.00162517254494695782 0.99806645246677005989 0.00007045324761140329 0.00012208366618356444 0.00000482830037219811 0.00010612415746035808 0.00000488561665515495
1	0.05466396137330856858 0.94149109041656742214 0.00284200360574681735 0.00015669727340250042 0.00006333483970213461 0.00058569409424622594 0.00019721839702645721
2	0.00058331904447369394 0.00014265969477617654 0.99675524283095839895 0.00027994293127211702 0.00067840876783523130 0.00128133002071708214 0.00027909670996843869
2	0.00003377426057751053 0.00008878204161333385 0.99926279806710816001 0.00001252763340450200 0.00014183234601799528 0.00003011209889347840 0.00043017355238496069
4	0.02190263854986511730 0.01522640778463757449 0.00087771580326907966 0.00179020735857043098 0.95832835079360656483 0.00015530760976382489 0.00171937210028731409
1	0.00465541273657007343 0.96204311942932563273 0.00748790123325003467 0.01798192242810569413 0.00389022479014140572 0.00100192782187721787 0.00293949156072958150
0	0.33119769599805665150 0.23749661648468262110 0.00458311739613883815 0.05680895687516761272 0.12305018217689438209 0.10471694424055555395 0.14214648682850447581
2	0.00000826483593708262 0.00001181231699113578 0.99707544502547174048 0.00000279852408654821 0.00008561178001926694 0.00270325900174851405 0.00011280851574732840
4	0.05554915954008731588 0.06738008037046261389 0.00605037147237025806 0.02022979643460873223 0.84203440704060172894 0.00840596656333623266 0.00035021857853321272
5	0.00777880684894951321 0.16279977461236155856 0.00170458446461770659 0.00009441797604050245 0.03344677964292796374 0.79407471945731733509 0.00010091699778583249
6	0.04112351874801049162 0.02706119885748110854 0.05064762998345934825 0.00320867679045449194 0.01861931590679630211 0.00380268769960457557 0.85553697201419343088
1	0.03775082888068075071 0.61166621633656748092 0.01538226472840798810 0.24726499498212936579 0.01471451811366642111 0.06504806860270431756 0.00817310835584399674
3	0.03509288448850059888 0.07674584642579619642 0.03779714515512047623 0.79348728177584215704 0.04308908844628824703 0.00698796110003954783 0.00679979260841308102
5	0.07216540515279705470 0.03161799983733273867 0.00885428232643621811 0.03210062080505744764 0.03405346335140894271 0.81431125729792741552 0.00689697122904008898
3	0.02023132261811338636 0.05903938376554662693 0.00839076735849548713 0.89488621601680828910 0.00033857040732264269 0.00153080310828247247 0.01558293672543091708
0	0.58301720126429434909 0.03776730312232831621 0.00297955368344148637 0.00546902320762433607 0.35183739964264054700 0.00583107564448901057 0.01309844343518196119
4	0.00083901925862006393 0.02955901890302582366 0.00434534729282720113 0.00308701679692778607 0.96008582382346163708 0.00118279144223790481 0.00090098248289968296
3	0.00245990514939853702 0.06017009849251502007 0.00397875649452956830 0.91465706639941202205 0.00291954529246524165 0.00118291522897662530 0.01463171294270382977
3	0.00572075372007571550 0.00829586668716934990 0.00534744599012567257 0.95978514761791200449 0.00443702526277909865 0.00507629133340408920 0.01133746938853411219
4	0.03841823566328070316 0.24465205111831286877 0.09252564722211226167 0.24945381748160064261 0.31462633423841845914 0.02789891902605401777 0.03242499525022055767
3	0.24785743041800467612 0.18731208908289634363 0.12670281595212201653 0.25231753970962017553 0.01589436534342013665 0.12284317774143035940 0.04707258175250613602
1	0.00056402256230813600 0.97833728543233233754 0.00056051772785500051 0.02036932995599687393 0.00006984624741864538 0.00004943188870690071 0.00004956618538079516
2	0.00031736803065763892 0.00029067510285270113 0.99414541393583311102 0.00213427428936048937 0.00233482853362412552 0.00036003547316940939 0.00041740463450267026
3	0.01852431126419059465 0.04052373392284529252 0.03526682889628123679 0.74278029571429504685 0.02801123220730556210 0.04516358581981705367 0.08973001217526528628
2	0.00002497969735462995 0.00700823788013648589 0.99271298072022451375 0.00011802785268287559 0.00002601210285838131 0.00009802559845594048 0.00001173614828599600
1	0.14508558630877535500 0.27577465855175870013 0.06291348322033507579 0.23741829554318535922 0.07150905411745392404 0.06928054070629857675 0.13801838155219312010
3	0.18094769412584588153 0.02028061581487096421 0.03241169633409796136 0.68085734420863230909 0.03777472886983301859 0.03362399324908176695 0.01410392739763799072
4	0.24797696090527884816 0.34032942275169020263 0.00278911977446882941 0.00296706865285445692 0.34120838220074489744 0.03634853750555433471 0.02838050820940847194
2	0.00290397966579550347 0.00448528124704217126 0.97824500456943097593 0.00222537354341513591 0.00120933435341955410 0.00655074426186698713 0.00438028235902974440
0	0.98666915587275472177 0.00294267645210768416 0.00058150359525959230 0.00597418403172699387 0.00093394889353434741 0.00038851475712324275 0.00251001639749320318
0	0.56855845094624046787 0.00944026809512307948 0.01698352161576823643 0.03796943309400458572 0.14635831248274341898 0.19669086548422268224 0.02399914828189785368
1	0.00025966940779824984 0.53019936362449793243 0.42395823273407351461 0.01076933885179293116 0.00442233999176968630 0.02869498067533567121 0.00169607471473002635
2	0.03081541092968714118 0.14596434194212404289 0.58134464029753651904 0.02895676218388353040 0.02154514287362162619 0.08579811077363473648 0.10557559099951252524
5	0.00781726497130287058 0.00676947750419728926 0.00982832507606727981 0.00977096358547997236 0.01556192867910097082 0.94599050106001969507 0.00426153912383227165
3	0.21086852575367467932 0.22485764157868967650 0.00547826348772097876 0.49866528595331754969 0.04918139084406262379 0.00397709177622770395 0.00697180060630658762
0	0.76189201039355880507 0.02151698497586996758 0.00244247220196709171 0.03847862303881888213 0.11260900539194308723 0.01390069494239289973 0.04916020905544928044
2	0.00120037604898276290 0.00017700613801744719 0.93080952834677499474 0.00208818339678409730 0.04749257840293273636 0.01678787581475984364 0.00144445185174808788
3	0.00071612508600609826 0.00330772830165037158 0.00057305019346137113 0.98999134452583814614 0.00054553441697292784 0.00316830452033452182 0.00169791295573597299
1	0.01189991850482030773 0.49267733215077946785 0.09857807771921758833 0.25657375447201646868 0.02697403032762174524 0.03239994001504646615 0.08089694681049827696
2	0.13387661894236640991 0.14309702502899898646 0.50972092748481634406 0.07087935299997853711 0.05103255954889828611 0.05006650040097127691 0.04132701559397015945
2	0.00004997096443932808 0.00034695309672022286 0.99890721373565094510 0.00010614011470929501 0.00005485272868035840 0.00049536706786276914 0.00003950229193761743
5	0.00034261925061119164 0.00117678747277262042 0.00241755762577269134 0.00110722530823720864 0.00310140638521595778 0.99175877068979367834 0.00009563326759653666
0	0.25150414993861308632 0.13697415829275016996 0.18959025048294700366 0.18412804929785231423 0.05874738263148107653 0.04687045037837977296 0.13218555897797648613
1	0.05300598998145965302 0.93198909151173403576 0.00061581131506817128 0.00090528964247709126 0.00004151946376429427 0.01199372011209984615 0.00144857797339673620
1	0.00488813460473072441 0.91043134336849884658 0.01264394566829988090 0.01481143754646972732 0.00422218279498528994 0.04989786691814139530 0.00310508909887323567
1	0.06671569083078632278 0.68034250481376123965 0.01387259741015825498 0.20660593605644739235 0.00727285449104807507 0.02013529739428086135 0.00505511900351759448
0	0.75864025590281936040 0.02443376539641102171 0.04054962333242157629 0.01711935049978675905 0.04381044605224259508 0.07605131711646682946 0.03939524169985195168
0	0.30020733920996744981 0.08338369466066426761 0.19841818162706714723 0.03887836239632850438 0.24991594389207202886 0.08548399446668238089 0.04371248374721807550
0	0.60283458144638280007 0.27233536514636708104 0.03349294726406083778 0.00598665450328456344 0.02310416411224942845 0.04077482394821744377 0.02147146357943776479
3	0.04020811936674581477 0.02829158296493032923 0.01227856572889582040 0.78097102463142542561 0.00226574122104584216 0.02684681541856965420 0.10913815066838701562
1	0.06209529164881408270 0.86597916042898548383 0.00290382691735470476 0.00104207834714678668 0.00332124526119111302 0.06310169349359846802 0.00155670390290957522
0	0.32853657720007012344 0.07965766633507902206 0.02511997341891698821 0.24183734290681871415 0.08582064141732730078 0.22022395695195423615 0.01880384176983372624
4	0.08388059649660702111 0.00832133938072253908 0.00606655406879583105 0.00184539883232449128 0.81575406193561117441 0.02401192441758938714 0.06012012486834930614
1	0.01924416637239748443 0.97328686953839327334 0.00088246143985420120 0.00104476278358160896 0.00439897424115031493 0.00082463279372151121 0.00031813283090191839
4	0.01050796610811618320 0.13469782110753497628 0.00370375344748273072 0.00722212973398952702 0.77924265505963641321 0.05325224664488181076 0.01137342789835822481
3	0.06212085369386085437 0.04925551669537771293 0.02435720120336773778 0.47806861779309794969 0.10188053445009748188 0.26516365333661684467 0.01915362282758117929
0	0.86320023869061968114 0.01172536041345660120 0.01053276603358197817 0.04748214063140144409 0.00903113946284229106 0.00675636564772899920 0.05127198912036902423
2	0.08176151620605041914 0.28157089449919053825 0.46686092926849781515 0.09364367808509228841 0.02850660173158371669 0.03703959596669674503 0.01061678424288809049
0	0.54373539831805839384 0.01403241382685217406 0.05206087580982011326 0.33518307477564251995 0.00431928453311836592 0.01600542934941769427 0.03466352338709078468
1	0.03670880907869461529 0.80247643783184841038 0.04588765282518181277 0.01957381382554712612 0.02867351358243977119 0.02432777060015901827 0.04235200225612910374
5	0.00263543074870625088 0.01795510010079075930 0.41110656128777467444 0.04629419348481553925 0.00767473672775141440 0.51148938973932667196 0.00284458791083449765
2	0.00013598778831776524 0.00001671705116470128 0.99941736086714805243 0.00002677375627803941 0.00009795724871738631 0.00026939882723800082 0.00003580446113542257
3	0.14279134344574268001 0.01934286801972549819 0.01814776524390571133 0.79386035450598069207 0.01530077650547702166 0.00741619193854051780 0.00314070034062818079
1	0.00618478436884132687 0.55204999087574568861 0.03629254916591950070 0.00831603615635456532 0.37413610099092531325 0.01538112006178375853 0.00763941838043061174
3	0.08852235759260611292 0.04785701302077003533 0.01042804550775604418 0.83083358349997438186 0.01538621391271215340 0.00545948698972157503 0.00151329947645945009
4	0.01117468159119626436 0.05176045847046292087 0.01888071762334074880 0.01209696489379736076 0.86009389883191289528 0.03836130421930946527 0.00763197436998026314
0	0.76125440185184867214 0.19875269658408997731 0.00408937830870070504 0.01079311782501403590 0.01307978085721098194 0.00306985550078729035 0.00896076907234836205
1	0.00508847605547927979 0.47446641167481545809 0.03991478141399337071 0.27120514125616590473 0.01309870367962293926 0.18581490371429562614 0.01041158220562721053
2	0.00066892690565293971 0.00124410609952303112 0.97613660679815672516 0.00683123053969134173 0.00882104903373636534 0.00087759402093305150 0.00542048660230626603
1	0.00597198526133096985 0.60966495384531349533 0.09438737113321808703 0.10003840783685398474 0.04077326938362416109 0.12051618254826798604 0.02864782999139108347
1	0.17003098717245954119 0.44884197063625380641 0.01141255443770264853 0.30383998463394540357 0.04073631344574175916 0.01571855288102759832 0.00941963679286922893
4	0.00000555214101323573 0.00045746744899364546 0.00007405139126082249 0.00007692389921293208 0.99936802308571082154 0.00000521838765894900 0.00001276364614873238
1	0.00500122808316832371 0.55891590734577656363 0.01371606615234149430 0.21879682628031568714 0.11607336979120042031 0.00664225711313688738 0.08085434523405964080
1	0.01442795344519139100 0.63422491713476381037 0.23276556859965402690 0.05663014697483830656 0.02036030103246677311 0.02994852036160458586 0.01164259245148254254
1	0.12623459920134938450 0.74764658581196330456 0.01060272396260855156 0.07594320227823088409 0.01509254390596455851 0.01589421492503977421 0.00858612991484388258
5	0.00185613149852294212 0.00940713427695027624 0.06314751847345606572 0.00101204972524870018 0.00142417181919347055 0.92193044328338535909 0.00122255092324320583
2	0.00128145428953253013 0.00088064191712771908 0.99617370707213281911 0.00062481681327891659 0.00048733354782664977 0.00042553484727571002 0.00012651151282608162
1	0.01016533041691220982 0.87397491032398388899 0.04561783786577470329 0.02150573198984330123 0.02035467477863877467 0.02158206522763877686 0.00679944939720881613
1	0.00004804049858680066 0.99737067771842913277 0.00007057489227733640 0.00243039359512671038 0.00002650158508635000 0.00001037416717710004 0.00004343754331759490
2	0.00007253037752597459 0.00209762282310273348 0.99730794941951594890 0.00001995219628024618 0.00000801462267004858 0.00048780683985543761 0.00000612372104821012
3	0.00966112171696145369 0.01009345010736668359 0.00181456679495503375 0.97678644929763247529 0.00018718142822463983 0.00067634976978500128 0.00078088088507504187
4	0.00627876583515764395 0.16923847231626021337 0.09246009692130595370 0.02634435899378988546 0.64795694659744362820 0.05131636920783543693 0.00640499012820712737
1	0.29972265086173033311 0.67485013131790816399 0.00218163868402645577 0.00363152069517817854 0.01319974607785573233 0.00012274429059706157 0.00629156807270391666
1	0.02039702336429271776 0.87669165726811459916 0.00875726517505288037 0.04018560888374275719 0.04316075012593240806 0.00391242124546797593 0.00689527393739722012
1	0.02147745426476312461 0.81953040168110746766 0.07233521736737336116 0.03695735315613924571 0.00822301998637949352 0.03511491194722799608 0.00636164159700908487
5	0.00465713154908826716 0.00831855439114315837 0.04769588528049216458 0.00285271775578312906 0.07444787498674022841 0.84511557813811932771 0.01691225789863374726
3	0.02816812293755979052 0.00014232453303532168 0.00018064643790430116 0.97077315024553212375 0.00052150457150177928 0.00010355922290809842 0.00011069205155849362
0	0.64006615602083327676 0.12282877584879439703 0.08551440421662841185 0.05672640555678819252 0.02112801164077166005 0.02274979654962518832 0.05098645016655883183
1	0.08352807116930362208 0.50591484375227013803 0.20145674973376531680 0.08719004186983213278 0.07770809388558028163 0.00563237449672869105 0.03856982509251966756
3	0.00898037253887716026 0.13472253722794810815 0.00937439603991691364 0.82538438524119417394 0.00960795413150046518 0.00122458951183715002 0.01070576530872633346
0	0.28768524626836361469 0.17111193460759938079 0.07970679760914350931 0.17640550451031239421 0.08739785402041609641 0.03756822076335946531 0.16012444222080562950
3	0.01845706514111260590 0.38428471287645299403 0.03568481127929735292 0.48079712887034276037 0.04337205343679524649 0.01682850991466894666 0.02057571848132970505
6	0.07534387461130083452 0.20527332676899842645 0.03460109754875720367 0.06498942981916636108 0.00767104401758202364 0.11566791855707758696 0.49645330867711762179
1	0.00271261873649953711 0.98219331468159010168 0.00037741228767948514 0.01233810630134432769 0.00115359513958921767 0.00079421013594015708 0.00043074271735692952
