6	0.25692069440547732340 0.07722205497859137291 0.01463569306504031685 0.15400731271220485796 0.03486849742773350663 0.12053730159026880553 0.34180844582068381499
1	0.00911905722945955365 0.87267364142453207609 0.00303904425945652644 0.10775698365856486993 0.00201852781767548027 0.00342985378457593294 0.00196289182573450727
2	0.00066206143340624788 0.00244457637599199661 0.99279365695066335018 0.00196112929526567155 0.00048634844324045091 0.00137236600176040766 0.00027986149967215219
3	0.01180873236643341373 0.03430949372411673526 0.00023161977515030554 0.95275048062864742260 0.00002679991791878507 0.00066012031342841911 0.00021275327430555029
0	0.95535620524017306199 0.00026941376409521936 0.00036638209718197693 0.00471916796920906611 0.01912723386151283372 0.00006029857932951444 0.02010129848849832868
0	0.86811429286575891862 0.00309329816195969042 0.00023582988382403689 0.00081987192294375941 0.07411565637663712625 0.00799870755709832133 0.04562234323177812023
4	0.01043052962809282863 0.31093870773162823884 0.00173796865657465933 0.11479182948165932154 0.47241785994978408025 0.00025508151447906655 0.08942802303778173145
2	0.00145535901530470459 0.01418604046470608310 0.97406405084275415884 0.00711807463322087185 0.00106809980008901466 0.00162512284769229451 0.00048325239623399477
3	0.01755927708862767625 0.33092445658838409717 0.00404194160156865715 0.62159388858101627395 0.01378646438136266542 0.00248500356849063603 0.00960896819055074430
5	0.00951815182272053133 0.10945739416566098445 0.31150930815354155312 0.01627228113672431892 0.19541696537476307971 0.34669831786549293318 0.01112758148109631480
0	0.62227555324698280437 0.07051692297288086886 0.00858111279028562005 0.08267751879179775776 0.03964978097624243664 0.14945258409140654843 0.02684652713040388411
3	0.03948803065452219374 0.00145591839353893804 0.02118068852176254249 0.90452514273858009020 0.01235180265166950161 0.00954570161434445397 0.01145271542558221056
2	0.00044572211100322176 0.00573038956261856351 0.98415602631744614204 0.00136760848045887340 0.00123749586797466103 0.00702026458878910343 0.00004249307171000043
1	0.01127250262606896598 0.98247005695834732641 0.00024358493996159020 0.00322042728897582991 0.00040773361451033869 0.00213452510535612136 0.00025116946677910162
5	0.04881097961309962402 0.08080389753511972584 0.24527639634429559967 0.00398907433216438238 0.24158329802525171925 0.34473776135876821325 0.03479859279130087524
1	0.17460138653313361790 0.33825417941343843831 0.19929366921498845033 0.11842462018470074903 0.06258925559712284759 0.04112097289769765796 0.06571591615891822502
4	0.04615107564696318415 0.13378709737533600599 0.02797334248137046606 0.00201848132575071539 0.54680845390574062126 0.12415385328966535572 0.11910769597517376073
2	0.00260154059325951948 0.00136221517902074024 0.97908157632991399399 0.00035462965940351256 0.00109396193944133989 0.01270300511990570501 0.00280307117905575966
3	0.01603012369673064569 0.18784954297361700082 0.01330397098997390323 0.65623593231896260036 0.06293422311009691517 0.00184438198243382697 0.06180182492818545037
1	0.00009476572505008637 0.98528818749943658517 0.00067610402072371264 0.01202423276432367655 0.00010617018983397400 0.00032871547027552885 0.00148182433035750120
1	0.00061545704358180063 0.98374402058109322589 0.00364528793291431230 0.00887030680166391895 0.00013653801386794335 0.00206318222218091840 0.00092520740469736226
1	0.00005679481166415480 0.99720510865047262694 0.00047565249406569332 0.00079341775291354112 0.00003660762377785449 0.00135233801554474693 0.00008008065156376763
3	0.32241359629380750285 0.17461678599553603908 0.00410747176071552759 0.44895717688473602003 0.03677726155345900638 0.00525316465184132858 0.00787454285990471861
1	0.01426301799825203248 0.88631697914792240134 0.02112548893632507779 0.01040395222425594818 0.02743748690852227529 0.02883239106305772459 0.01162068372166525157
1	0.00005088553475222366 0.85495628512433829993 0.00066959274816025922 0.14347579225537124281 0.00020148448468131270 0.00003241534070752694 0.00061354451198756133
4	0.00431565377260391576 0.01043859465058841023 0.00316883091161714123 0.00068097492270220727 0.95859328141279831481 0.02244691594141953045 0.00035574838826968986
3	0.10263630128483201831 0.00767043799516146148 0.00807097133726690855 0.87390118962639573574 0.00071042455700377196 0.00310055572861896948 0.00391011947072121557
5	0.09437134521098776430 0.05889267154186685060 0.00279482094708792062 0.00136535356511370532 0.17940315410239088267 0.39877478690347495371 0.26439786772907819534
1	0.06240124734139151919 0.90544697140868957153 0.00371705923424762302 0.00131594131794596377 0.01287319380579899850 0.01262439626529415423 0.00162119062663208108
6	0.00106400289471345749 0.20374340279663616382 0.03971196702898843051 0.00034482801269897440 0.00420637441013337228 0.01625650825220439910 0.73467291660462552549
3	0.04528239380279435594 0.00447213768555711037 0.00332740704636171666 0.91734887688852373433 0.02472860673668165338 0.00004020140207689694 0.00480037643800438132
3	0.40780661537963935892 0.06200131884420016781 0.03346909746523617224 0.43501356044022249092 0.00847008815134607344 0.03287023374154603161 0.02036908597780964433
1	0.02157900982318823255 0.78404996061743692515 0.01357972408680373569 0.03886218539739345890 0.11097958850939249054 0.01619139731569972304 0.01475813425008549486
0	0.64597994407827408203 0.03428794328132619973 0.03939754410804911788 0.10937905746021041320 0.02999821452089210597 0.02418547576286891876 0.11677182078837924917
1	0.01002628550514230235 0.50024871045491714483 0.01929755834835157613 0.05286288962380750883 0.02369607344256973239 0.37005519316230695015 0.02381328946290410184
4	0.00662796177794340233 0.05607877759884362379 0.00971885050340860236 0.00178188436180878591 0.88921008835620340971 0.03357596606213462953 0.00300647133965760947
1	0.00059835563684992117 0.93812182915024944219 0.05615012205169278570 0.00070610208368608444 0.00019334979371403606 0.00268203787609157512 0.00154820340771711956
6	0.00279583907359131538 0.00010469365487362941 0.00114474689936559315 0.00024114589226339583 0.00007506381002054831 0.00071101327741934220 0.99492749739246644225
3	0.00462280207663251421 0.00060853827764561336 0.00270918029610587403 0.99150238938422818880 0.00003413758700970551 0.00031661142290179833 0.00020634095547639069
3	0.00968645735638836228 0.26523953934917876563 0.00659145836304995004 0.69362560735209566332 0.00929358968038823674 0.00381615020781413952 0.01174719769108463659
0	0.99977679336786240416 0.00005669388048664188 0.00000368267735516250 0.00009822648279688764 0.00004257778672025692 0.00001518824823576728 0.00000683755654292775
1	0.00619735462222450323 0.67576849018895412957 0.18257164241181711439 0.05210615016832426810 0.05385798052447918899 0.02918798225184503561 0.00031039983235495481
2	0.00316552340736122760 0.00869142268664483374 0.95146102088900963434 0.00740666724373976668 0.00416978303767714942 0.02293116172493089508 0.00217442101063587646
4	0.00343453632743191337 0.01216384545124789274 0.00311460333782416932 0.05779872596240902272 0.90232736980983763164 0.00149021321512472207 0.01967070589612470582
1	0.02815982040144497656 0.65684066684706388095 0.14160883549864108910 0.01635974133179523074 0.00307847545910265846 0.14927135411841077617 0.00468110634354091705
1	0.00819563536091485675 0.71769011501071366954 0.03361316041653786973 0.00792267185709057478 0.05961515372180737488 0.15040023659492099406 0.02256302703801549986
5	0.00031070606998177667 0.04830602242469082125 0.00059248303650518016 0.00002450100988497232 0.00367958509131168779 0.94704136087674251065 0.00004534149088408870
4	0.00004477636852793816 0.00018494980560515535 0.00003151284571058290 0.00013203913743505680 0.99907875310389293588 0.00000719659883485752 0.00052077213999205448
2	0.00134722617737909728 0.01545200508676044908 0.97538237471890576469 0.00012328581058635189 0.00589960160478369706 0.00133470917478346256 0.00046079742680220316
0	0.90369871280699598515 0.00461672053168200348 0.00180488964209171449 0.08285112445893534627 0.00133279893715954902 0.00331262003991149865 0.00238313358322382032
1	0.00534244614220995284 0.83549345482060832779 0.12320056903180597041 0.02193164623688125675 0.00425399607410994508 0.00697381771517804026 0.00280406997920716172
2	0.00047379164043122513 0.13814340794939006241 0.62902514763683048393 0.00012784704066342019 0.00015661945339734109 0.23073386063340076135 0.00133932564588693740
1	0.08235150674598820664 0.46954696841493898107 0.01484164590471698936 0.21066311479837809828 0.05046049364989266262 0.05607809246894816801 0.11605817801713656789
1	0.00285213040044016500 0.44645282876530523186 0.23732203212158789474 0.11248647679426233836 0.04939038811685639296 0.12164586873562746594 0.02985027506592090665
1	0.00019068516106514907 0.99649206004929846703 0.00007875365074831326 0.00301627825454350851 0.00007161000991758332 0.00014421369642869111 0.00000639917799783028
0	0.87871779094189161885 0.06985890959636489872 0.01685650670129353393 0.00913701122623030229 0.00816680454581946227 0.00347165627031489508 0.01379132071808521036
4	0.03802118380837823247 0.33481158938140892500 0.15549875056693804320 0.03217694517743441285 0.42033856356180859803 0.01343118397420557837 0.00572178352982677125
4	0.11545415606332028180 0.28083163924668308464 0.20098674240462169327 0.06667574452718051659 0.30642905719697749456 0.01592898090666139063 0.01369367965455595484
4	0.05793465567183166826 0.04280347703876834914 0.00216980561354573670 0.27983355031513784672 0.61015062926073215799 0.00522311101125087947 0.00188477108873319845
3	0.01890179750114395762 0.00079947371168963841 0.00045186068082497371 0.97841526722625438151 0.00012083634652798878 0.00012030589688452404 0.00119045863667476557
5	0.00190354650031195603 0.17675022514443533561 0.02927620138127494387 0.00003533556859444437 0.00241381330047963066 0.78925912641175877127 0.00036175169314487857
4	0.00021772039474955409 0.00055384870835605829 0.00143105812427125586 0.01868997468079345095 0.97855721003890594467 0.00007908118444503638 0.00047110686847848455
1	0.32602189419666943726 0.44215530390962443086 0.10697123883982775916 0.00646535450672769841 0.10704276711049193205 0.00735108769787439723 0.00399235373878434070
6	0.00036250746358875970 0.01082106626408444600 0.00036871900210056082 0.00204727316152269892 0.00006287847133110352 0.00174863448167160212 0.98458892115570129100
6	0.03199761172019926353 0.06320224469333372841 0.00697444651484306448 0.00172157054541438527 0.06856788099531178904 0.00093896486174018055 0.82659728066915738598
5	0.10585615897811744002 0.20401602747308350549 0.05029776958607558301 0.02719233004905791118 0.10765442104547699731 0.30296110372771600794 0.20202218914047229137
6	0.00253787048665028887 0.33998678948517363496 0.20577451038484217971 0.00241349175824875483 0.08992995895091879244 0.01160697656370737740 0.34775040237045889979
0	0.69071872085264718333 0.06755209167906586765 0.00471531960713148304 0.22364265781833522762 0.00207928281121563807 0.00492522569164511020 0.00636670153995965316
5	0.00026496032546406272 0.04401046241738689607 0.00939661406226407168 0.00088845641820719504 0.00435136641350821265 0.94095123690942839012 0.00013690345374104724
4	0.17018104969857772435 0.00320349935763067709 0.01058303618985647135 0.00006577828690730803 0.49007294543127866149 0.29511507688038690622 0.03077861415536222930
3	0.04942998598016962175 0.29030472925031430842 0.01262773153246021275 0.47973868330210645006 0.00892720444782275739 0.15554862599745136742 0.00342303948967534466
2	0.04854203837699998941 0.01231237859736536260 0.91170883152612902656 0.00642683340556146360 0.00839767694721017637 0.00825385196608132733 0.00435838918065264026
3	0.09724551589868388191 0.12254098901462225080 0.00110171205111738216 0.75951725873558706414 0.00343530915871720268 0.01415689504799361696 0.00200232009327836044
1	0.12224252945484473387 0.86975933340921551817 0.00085977839083603059 0.00173751326760386679 0.00021028755539864277 0.00487609659914839400 0.00031446132295346539
1	0.00218036827011028117 0.95097614589657974982 0.00824065580714765031 0.00824444243419356591 0.00658432964130409044 0.01710662005535280861 0.00666743789531202072
4	0.00972191159409080234 0.11827440076117110013 0.03336000839377144256 0.20635010816627435970 0.39052277485863040596 0.04808413903075111490 0.19368665719531111269
6	0.00276483715485292261 0.02217241401292908282 0.06816807710883021620 0.01166166319739344454 0.18296288861891402133 0.05779531213514908783 0.65447480777193134394
1	0.01720005007202657712 0.72714232524987032491 0.08915031483122823341 0.02766508045002451580 0.07484837562807407363 0.03545110414483981093 0.02854274962393676604
3	0.00438489917586008891 0.00668431211282266829 0.00289387789536499742 0.90123851527412546236 0.03181818688754194796 0.00422975530403178843 0.04875045335025346427
1	0.00001626939737780689 0.99939661687227809850 0.00014269801490987305 0.00027748258400085393 0.00002337078880521981 0.00014007585898895156 0.00000348648364123826
1	0.00184800242984734355 0.99337684190449526689 0.00023952602987046409 0.00132527119132346970 0.00005285659030729476 0.00273121689536105555 0.00042628495879559026
2	0.00186397780486479781 0.00342184254564676694 0.98926410287676036504 0.00144191559695886189 0.00045047263071702146 0.00056078408641180430 0.00299690445863947611
2	0.00111554273226931546 0.00420541543524673329 0.97861834572009465116 0.00168329360423376500 0.00836519730822612648 0.00373500262000259209 0.00227720257992681781
1	0.00835171439874201130 0.60692371754186658084 0.00619187630361177355 0.37533542446351531030 0.00086541901986012556 0.00163763253010885089 0.00069421574229520749
1	0.12139205515898965348 0.51834682013528776690 0.05581267698907405733 0.14973014845917603788 0.03197815330785848398 0.07725650086808154293 0.04548364508153229097
0	0.56235325994707274777 0.00805373109975740173 0.00204646681261457832 0.27480176374731535294 0.12521952279542691855 0.00132961886984059243 0.02619563672797255854
4	0.01279960775911508954 0.09155768539302577835 0.00378495289866076718 0.02975506705111935490 0.71247131847278599714 0.00435669753107677249 0.14527467089421600144
2	0.01352392687353563133 0.01617870707133036920 0.85772057222349185057 0.02094934472273139378 0.03685816953484683661 0.03889435592702156913 0.01587492364704249856
3	0.00280950803739760590 0.01005697072125371488 0.00091513510683817348 0.98302972826455770061 0.00025530256473845940 0.00289744407426323998 0.00003591123095170094
3	0.10200670164252148564 0.16261383461432232789 0.02183314913041870670 0.35472265664518398687 0.15481607514478396004 0.18442762377822433106 0.01957995904454513589
1	0.00092168839807510439 0.68254777625847073974 0.29106564030276094179 0.00111955331996235795 0.00223510603737003084 0.02086424542172480093 0.00124599026163580524
1	0.00026288014027911087 0.98654621008731413490 0.01127791514750703036 0.00111275263797836702 0.00016334885820013060 0.00046500086877923380 0.00017189225994054352
2	0.00150919975973221477 0.03754271153823954960 0.95377314268676216535 0.00054418201688251930 0.00030190759628361056 0.00394364121888851529 0.00238521518321028678
1	0.00099301877885891099 0.97450936905174634362 0.01557116462876910294 0.00642027758804513196 0.00194554405535956329 0.00043068956249493913 0.00012993633472613330
5	0.00111798413849513293 0.00599569834516163261 0.01714992126672397130 0.00004846221664596894 0.01249763992527025934 0.95623150886050645170 0.00695878524719677639
5	0.00294733393348005227 0.00073779596105331816 0.00066720440007612188 0.00024324937227162459 0.00320822839742126997 0.99194996261414736249 0.00024622532155065701
4	0.02041709748907586178 0.13489909677481126682 0.00340047911168602640 0.01555016995837662716 0.63087199453760178791 0.03586672655825394462 0.15899443557019421469
3	0.03473024545269486757 0.23154762958202870782 0.00484264027218556884 0.71880748769961633204 0.00037062409596024334 0.00291348976388992095 0.00678788313362405776
1	0.19776621559262516636 0.41753052563256365382 0.03867357108844611535 0.04497762736236739917 0.07397944526800386000 0.12705808464779547173 0.10001453040819811846
3	0.14049015832321509745 0.15650752157133865361 0.16079594749494299788 0.39774259950490947757 0.05756853308995896895 0.08212310394582097994 0.00477213606981377863
1	0.00826830330991768989 0.89355486891235336167 0.00131758736855494595 0.09534650949837000788 0.00082016315408042501 0.00041865869036483412 0.00027390906635853566
3	0.00171839653518678168 0.03485697218212365639 0.12679826732474122619 0.78762421763582390888 0.00467509906412594527 0.02045672189189880891 0.02387032536609936043
1	0.10429839270551947983 0.44215406989487232581 0.00699243654261003881 0.02159920914656939320 0.30773150330575504974 0.11197291710815461541 0.00525147129651933400
1	0.00525173007721709603 0.79215507932783080225 0.03287246570523071759 0.05841754910735703910 0.00590535217091470253 0.09860613515727205403 0.00679168845417700128
3	0.03521829367682153406 0.02548524371153279913 0.00300939974248672212 0.92812247283320525870 0.00457614559023946255 0.00123983711458726473 0.00234860733112716383
2	0.00004719108602056003 0.28427359792834178132 0.59714195926327284791 0.00201654763888926315 0.00038345337866824733 0.11610949879002591123 0.00002775191478073772
2	0.03089963183854043186 0.01370275883295072293 0.89846533169038378386 0.01635890432460536739 0.01573200680266234955 0.01795464813388667966 0.00688671837697065348
2	0.00323368537467029742 0.00040724102000142237 0.98842529468310835750 0.00007502062120927424 0.00224850643381729670 0.00135378519189725279 0.00425646667529588300
0	0.94662459486357264371 0.00889816619551974004 0.00215375239227530565 0.01000825523245781057 0.01587265980172383392 0.01308722797898252688 0.00335534353546845842
4	0.15750551652999361663 0.07624074452430007476 0.01153798206000113818 0.02204444059573636844 0.61334501776828287412 0.03910121843760647198 0.08022508008407971958
5	0.07482299245422091571 0.19878083746406180476 0.04392863850887002847 0.00351846026809205176 0.03854359441907465739 0.55381670872542054784 0.08658876816025996848
1	0.09500228663019665010 0.85660222316505851836 0.00168085387506308336 0.01016278696136644830 0.00179340790159819856 0.02853518185979067590 0.00622325960692631484
6	0.09385196066399698056 0.19037964594027770304 0.01572727067134327764 0.02631136118793615114 0.06848396940803783139 0.00526908501352244939 0.59997670711488571005
5	0.00075816183813029047 0.00448682147805998070 0.00249526641349603505 0.00717589625453751451 0.00987898323405169733 0.97367642232398921021 0.00152844845773483480
4	0.01551743760475113136 0.07303213739741566679 0.01249764130990362390 0.01760383478471880953 0.77787724485984077738 0.00179802764396782091 0.10167367639940222412
2	0.00130540853999824261 0.00064464865727204706 0.96450926349203802701 0.00004500269791086185 0.00244880901782154603 0.03027655417381948030 0.00077031342113997869
3	0.10546649946479548510 0.19688093517709648328 0.00838851495616082729 0.63166490938146735434 0.02803889685793631986 0.01805799511258082343 0.01150224904996283160
3	0.00015090330824562285 0.00139868970342693069 0.00114525043912774025 0.99277410858151027284 0.00114518437064596904 0.00004856729130433209 0.00333729630573736166
3	0.01881451504505141786 0.35655520566654208547 0.00329956432745210412 0.55919261433440081710 0.02594971619317607697 0.02072785540729255721 0.01546052902608486754
6	0.19357215585490106236 0.27309252063186728599 0.00285321070581290130 0.02850571414666318651 0.16404177149821977388 0.01861101330682381205 0.31932361385571195189
1	0.00001529539383564785 0.99989368768306363666 0.00001892526948931418 0.00002260391072991318 0.00002398981720704961 0.00000541136772858357 0.00002008655794661635
2	0.00329835429798150132 0.00233990362794725491 0.87297633524279139028 0.00003869128050776820 0.00001019786231972646 0.12132180189566955930 0.00001471579278172699
2	0.07821678503772465374 0.09774066608187420568 0.42751986574792366635 0.03741799008828243511 0.26082429894384778768 0.09394621555550035363 0.00433417854484675034
1	0.00115685033901608307 0.99750864875053757430 0.00014634486736303165 0.00018284395105212328 0.00001125334772925283 0.00097410422122665467 0.00001995452307530498
2	0.02987228971481947076 0.18413154195671121993 0.44338039759781538995 0.17357389567922548723 0.09962033084659704940 0.04907302910865662254 0.02034851509617430221
1	0.07965613662733547762 0.36785153528945746526 0.09376438132008246829 0.32599247068973846719 0.07327685157646682268 0.01394652330386847959 0.04551210119305113683
5	0.02118198513832107374 0.01244933736368958495 0.01908858142993103899 0.04121010370184548938 0.00122094928053280579 0.90454488863156856659 0.00030415445411133334
3	0.01785194949644717394 0.19763940454336878516 0.03791906034280170118 0.34528562115350408535 0.30397379607701957571 0.02218140857946311953 0.07514875980739600669
0	0.48658310311701646889 0.01048559240004974524 0.02400210159885281247 0.02986127459822835936 0.25611050910175703343 0.01569858689100872215 0.17725883229308711520
1	0.05723040530437118606 0.26863778682654054775 0.26716327587947275024 0.04770518025757893715 0.25936864119246944016 0.07477050535248078167 0.02512420518708595452
1	0.07200641816855941901 0.90384977271786148822 0.00127360733135369812 0.01691620312621843619 0.00176984152903827767 0.00302977979924256170 0.00115437732772611127
5	0.12583819134297755116 0.23816938450248906212 0.02024109403126128637 0.00447029775172125277 0.13177949072999928237 0.47811006417919943434 0.00139147746235240171
1	0.00219338188988948838 0.89011619431818567172 0.00047273951344217827 0.00012793101948805000 0.00004037292597977287 0.10685102660785224249 0.00019835372516332014
6	0.03648030390333303202 0.00082424731642540786 0.00652771659377895507 0.00029003016955924391 0.00065619808998894596 0.00287732192964115091 0.95234418199727333132
0	0.82685199315370594420 0.07048035806696491268 0.01716024019044074325 0.06693720533508144832 0.00214742814847929423 0.01557081964609636701 0.00085195545923110383
1	0.00066059396997200886 0.99664505237974221341 0.00013367123768675101 0.00176659659453726301 0.00036419460238322883 0.00011055766772920515 0.00031933354794836874
1	0.10463753865323133230 0.31816250234623627557 0.07175413903114546965 0.23843456692360698312 0.20529138225535062401 0.04221815662651236950 0.01950171416391690768
0	0.88261762108009489403 0.03692413615567766150 0.01284003268159008768 0.01506586959659695669 0.00682069412820278994 0.04083916110833141211 0.00489248524950644092
4	0.02067310810708537783 0.07407448675071423572 0.00388242311027568949 0.00407311622753777150 0.81314185277603256985 0.07254034874779884123 0.01161466428055582534
6	0.00688113644639149532 0.18156918016127179816 0.10395127938090485686 0.09736923194925990732 0.16964292715310544390 0.00750740579792495699 0.43307883911114192221
1	0.04677339593948601215 0.75955091541620645135 0.00558709774997149643 0.04469420384671916185 0.05016851217253305573 0.03597031713932452579 0.05725555773575899399
4	0.10957267793301964098 0.08007344103294602999 0.00618020607211845763 0.00175521839175846899 0.70452710501243998031 0.05849050107365283413 0.03940085048406453266
3	0.00021453619109512045 0.00079446404458080014 0.00082732499392613350 0.99813039593587615794 0.00000232377881839602 0.00002744561775119261 0.00000350943795256247
0	0.91789875888489191880 0.00163847018223714849 0.00191947581637816615 0.00080066186705625441 0.00741139442453473980 0.00095663198125074569 0.06937460684365109875
6	0.07877259173002573722 0.01346412797033447704 0.00147200509397263975 0.03285708302114774548 0.30397266581601173341 0.11127848130637943425 0.45818304506212831351
3	0.00078541517808626289 0.00008541578330219667 0.00078804822971065085 0.99829760887778795642 0.00000841353058058152 0.00002116935214910837 0.00001392904838334253
0	0.69736683840257340794 0.10753510448846388681 0.00395226693135669344 0.02148531863595200264 0.05167354956969340274 0.06861260802083878063 0.04937431395112168442
0	0.95641353171111220810 0.01392286616876112042 0.00223720612247882682 0.00031188995872714426 0.00262790208651325890 0.00217130170085122086 0.02231530225155635080
6	0.21424096629655306478 0.07432337375466076257 0.00398085150593807495 0.00291141017685406234 0.02141563162784193911 0.00823669157364515479 0.67489107506450696228
1	0.00024412401494866660 0.99302345063772579081 0.00350690074780465530 0.00037930005298999087 0.00002954609852532319 0.00259686893848342726 0.00021980950952222355
1	0.01350093012637312677 0.96165486923688425769 0.00139773173406318105 0.01150565122651091808 0.01037171532049013453 0.00066648516623170470 0.00090261718944762781
1	0.06465241362146861848 0.69193039960348601269 0.01192448261753061359 0.18474281716118892693 0.00314208810892979695 0.04252228476599984042 0.00108551412139633969
2	0.08354538359959341742 0.24366395804725698992 0.29600545674816558517 0.02470296852282337710 0.26272478590937942133 0.01566527701033098088 0.07369217016244990204
3	0.01061385013328889140 0.03926844608792694896 0.00031573181165968453 0.93618583766337748475 0.00348459239568440745 0.00548493112265139790 0.00464661078541025487
0	0.98140979128716854252 0.00094692431587412420 0.00044030645121560325 0.00106966801153512872 0.01315772509073444285 0.00017122846090597617 0.00280435638256607608
0	0.42013971738760469421 0.10008262299102627102 0.01135344655096358693 0.11536342884028023825 0.33971459801157088965 0.01223430806331402519 0.00111187815524029345
0	0.41180048719542983182 0.11037652140236510478 0.27607776397523797751 0.01476637818153694534 0.12484528137722231134 0.03467592256484740981 0.02745764530336037776
1	0.00358936922970880907 0.35964020369005217370 0.14064958394177878853 0.15842377967300913522 0.01766858582070924069 0.31204181735349884041 0.00798666029124358960
1	0.03402207730718496276 0.35059092087421150907 0.04826362986765023178 0.21017383293058883309 0.19157926340467329451 0.12253546790951969081 0.04283480770617158206
1	0.18403241735649997213 0.70499375725890056632 0.00162316285220038712 0.02678733095193335662 0.05792699729924460222 0.00344748815615889296 0.02118884612506193726
2	0.00005420278436779638 0.00003078019887629344 0.98935756911511563150 0.00000476668403363622 0.00053182325409241308 0.00994456106710610646 0.00007629689640853662
5	0.01913416280403106018 0.00981882921599068481 0.00174851811091777877 0.00024728791045158923 0.00206221883695993516 0.96661066353609925716 0.00037831958554994713
6	0.04531228295927103300 0.03297530161783454594 0.11974194165821820668 0.00265761897485142272 0.01082441330839435320 0.03155795715381410488 0.75693048432761622646
5	0.06085970244880568869 0.01180462826818065754 0.02007576642675669432 0.03805803547952151672 0.09958633530744623319 0.76089156219256415259 0.00872396987672533278
2	0.00027079710071720457 0.03395487028270818136 0.67269149338297407059 0.00789307660717669494 0.21305601099265536469 0.03763020156862254689 0.03450355006514470996
1	0.00035319012629999864 0.99308486397269157830 0.00331787617977233936 0.00063649881168560934 0.00014955455603216816 0.00240941684672612037 0.00004859950679150791
2	0.01258886415319315083 0.00496547358585120845 0.95374537669193382161 0.01936803292577375657 0.00517400661457940829 0.00243486299126549361 0.00172338303740342496
4	0.00688784420965451571 0.03264226517045672182 0.01653780802046989420 0.17004917449831213894 0.66711866573322198271 0.05397700476886495291 0.05278723759901966101
5	0.08292800189087361218 0.12922374905537872825 0.22420393945620459286 0.02286323302876593772 0.11317348008731942244 0.38882630517881711096 0.03878129130264079683
1	0.02570644797144615995 0.53809119169912311698 0.00234862155673330264 0.00511427142192723630 0.40885172806227199072 0.01508416588337707816 0.00480357340512125447
2	0.00000873938665901428 0.00015470962219923601 0.99953611823475707610 0.00006961133236488729 0.00007978784501788677 0.00002895711832263467 0.00012207646067960505
4	0.12994278935729297597 0.12485886722273535632 0.13202455161938209116 0.18184474946824649710 0.33187434017087191762 0.05718072898471104198 0.04227397317676011290
5	0.06230033466086090654 0.31092639665764293389 0.20516612545656431887 0.01366123420956709238 0.00773883256075640243 0.38400150258109710943 0.01620557387351134054
3	0.06841243855139958474 0.06560875201499927201 0.04487657677454570671 0.80035183935565379354 0.01289470630328107791 0.00545588877584694907 0.00239979822427337794
1	0.03738649230409368807 0.93041776038124324177 0.00362554222286894925 0.01579295751727380348 0.00138566753852158923 0.01101452774413415846 0.00037705229186392350
1	0.00352735024288213005 0.98875328573011211919 0.00007768697917730745 0.00055067252674181162 0.00007715727122153679 0.00650859368580858615 0.00050525356405631001
1	0.10179532607182757709 0.70108018032736574288 0.02338298915464580296 0.00371381480429971468 0.02336903866825606677 0.03588933560742402218 0.11076931536618096763
3	0.00397616901612610207 0.00090218016819197059 0.00133272397856909258 0.99244906039888280969 0.00013557682122643800 0.00018054244755458154 0.00102374716944936251
6	0.22980302430742141628 0.17211312402923059639 0.04396352462917474391 0.10109228769298926609 0.18859518711366815569 0.00755219950344176907 0.25688065272407406558
1	0.01149693537920766159 0.88693552118513230287 0.01640968820731168384 0.05188919110192382472 0.00750704363261392883 0.01831455417189695525 0.00744706632191347202
0	0.91934535507476033978 0.02939419789128223937 0.00542157456434450187 0.01178230105618062462 0.01630455658232497079 0.00146431795756527135 0.01628769687354241630
0	0.65600204454771837703 0.14033380833353642503 0.13013098600168296337 0.06315960852062127429 0.00316631407488316904 0.00277331627109098653 0.00443392225046708530
3	0.03546696839524299955 0.02903748697513182028 0.00015598648575576785 0.92141373690743844094 0.00881720919755923753 0.00434971543553014286 0.00075889660334204311
3	0.00011234418112539097 0.01686405222536613638 0.00008698014125862629 0.98245805226198379412 0.00010206042255600525 0.00027702634703778044 0.00009948442067060446
3	0.18618750608241194100 0.28578467095364457062 0.00944872395751174092 0.45257441683392285459 0.01823908900640788464 0.04197246044751616612 0.00579313271858499564
1	0.00757223905815720359 0.96987011422887936529 0.00021856385628402994 0.01125105141287358924 0.00587633644962730090 0.00329170393499045918 0.00191999105918752122
3	0.01102463814027506740 0.26866863121696898942 0.00139163808901945495 0.65626772693573443007 0.00106688764530447270 0.03378099171798791545 0.02779948625470933174
2	0.00009189099540020825 0.00005676660880344381 0.99752357766535670880 0.00020614477269987220 0.00076472965352198383 0.00028726051504744589 0.00106962978916976719
2	0.00000568390381002535 0.00952365295738544226 0.99014807134682203404 0.00022033407393118291 0.00000329590828505220 0.00009288989480764635 0.00000607191495974160
1	0.02489324661148491213 0.88956851034495831865 0.00418250896355110927 0.04843282043396564956 0.00064000406168843312 0.00036985024989941775 0.03191305933445218873
3	0.02203471442204224529 0.02679636294281827896 0.00494894992857460286 0.93708674592813112625 0.00474085674874731144 0.00034231200965203465 0.00405005802003456216
5	0.00680781704534873678 0.03462168942683987310 0.00414867977966991951 0.00064511130042750066 0.00247147168687770428 0.95051889751308626941 0.00078633324775065274
3	0.00012342894949192570 0.01438722401180437052 0.00046402774844459666 0.98446500671201919719 0.00035119411484356298 0.00002897321920882512 0.00018014524418679314
3	0.05080824892016642946 0.09122630608501999805 0.06401383867719340204 0.58915499642843660588 0.13735449115496056738 0.04877746505910361685 0.01866465367511967524
2	0.01455086252007543185 0.00670155995853288517 0.94663889633653353073 0.02674423435144923991 0.00249271214041939118 0.00090480354993824254 0.00196693114305146900
1	0.00199428410365218821 0.98135939824858198222 0.01074025939774947425 0.00121619723953702631 0.00074179486056594743 0.00093111855371932374 0.00301694759619279161
6	0.03725868020487013016 0.06653683110504850229 0.01585483955737783390 0.08093527637421402132 0.03818944359185635906 0.00463276246407022356 0.75659216670256268511
0	0.98741215030959739174 0.00019295572064951771 0.00236014196639054621 0.00203393585059427617 0.00338091957571209434 0.00331205260728483115 0.00130784396977092214
3	0.02217379917287982949 0.12532331672667218481 0.08728757504462886230 0.69184128969861968805 0.03013627665649052517 0.01983003178590864515 0.02340771091480013319
1	0.00364475135120675238 0.96808940772207174863 0.01494452758445494710 0.00581821200156810124 0.00016485149432008436 0.00599854831249447239 0.00133970153388345069
2	0.17351151005039813779 0.05638667184906141078 0.32785678976567023124 0.32750835200618338972 0.04249211334040823435 0.05728369365128397478 0.01496086933699488156
6	0.21306054965793272404 0.00015235806325155396 0.00019310877018426019 0.00108925832303361208 0.01223057882507625795 0.00182882431128149618 0.77144532204923987884
6	0.14316313045127970760 0.01449051589761450598 0.00140245824724704064 0.00118504497713983249 0.01559787103119227719 0.00633569882906081811 0.81782528056646586201
5	0.00242830934250486520 0.00245949979624745683 0.00170022890686258028 0.00855733054060620578 0.01344383395876971692 0.96442665957696549484 0.00698413787804396270
1	0.00017965023449030641 0.99482596747384810509 0.00021453982128672816 0.00119962052721294538 0.00005513689190000966 0.00349954786622855459 0.00002553718503485704
5	0.08669554835851686625 0.04390582085732155221 0.22901110782473954597 0.13839517775358592400 0.12867887384182935540 0.23978050650298007862 0.13353296486102661511
1	0.00764881789760153349 0.70869307730804853573 0.00396203491627292875 0.03639519870750024255 0.04503715021324277562 0.10442122725933876415 0.09384249369799523011
1	0.03033739656220740127 0.91294344706326002736 0.00295838976724570150 0.02509988103614975083 0.00493437287196129681 0.02232742735164779113 0.00139908534752820218
2	0.00371123852296098219 0.00416992488896459571 0.98797083595462142913 0.00019723580317519284 0.00300952693245596422 0.00077671639129109186 0.00016452150653088795
4	0.09492628792341838151 0.10328471666240572613 0.17937374830014032878 0.02490747651631937745 0.42881698945303198256 0.14843472747662889155 0.02025605366805542651
1	0.00027549935292544257 0.95927045737315241869 0.03048827549716676133 0.00815697975010138548 0.00005323976940301833 0.00093300111642885585 0.00082254714082277951
3	0.00079666308266854494 0.00098950364904400612 0.00018089463715813321 0.95397766014681750768 0.04049563475188545231 0.00306509717502179363 0.00049454655740474389
6	0.16152060713085469867 0.23603678037253775224 0.09257950499717755577 0.01883093105205801976 0.07104505517405132475 0.06135320643201141316 0.35863391484130918707
0	0.36969210048558875936 0.11518720809521085235 0.23274064368586439011 0.12489753140168220746 0.05183348758506118453 0.01074388248301315872 0.09490514626357937633
3	0.09061011955935922846 0.01048090387415934882 0.00281470943862457620 0.87819399603770298413 0.00460078311773199841 0.00429219303933615903 0.00900729493308609179
2	0.00024264603631484293 0.12373747456885554608 0.54540923658274031993 0.00246870911373076084 0.05785050978217856632 0.00182326404467840616 0.26846815987150268734
0	0.67054836240879589493 0.07343142508953669212 0.04097145313384890908 0.04705695458595358927 0.01450930808977847833 0.13723897530650419618 0.01624352138558224010
1	0.09298026632052849849 0.41836333050236595987 0.01567586361779761683 0.06985787622155062437 0.36765678202534257668 0.01328849642843602484 0.02217738488397894697
1	0.00293376365078556458 0.99498005993393845436 0.00020258170986315065 0.00119179025849667532 0.00053007992849955592 0.00012856983529613788 0.00003315468312082320
0	0.49445486335559968305 0.11234117557620437733 0.05286160802609193160 0.02635926295304251085 0.13828546178981915293 0.07949370288806925644 0.09620392541117332719
5	0.00129225248370932544 0.00533547066888881774 0.00560890382627067703 0.00093391020777386727 0.00094103561949585620 0.97997475396905764367 0.00591367322480333343
3	0.00105979909753272728 0.00289341081632122190 0.00035494501576170304 0.99545531790283947604 0.00017516244851169846 0.00001015684505990709 0.00005120787397425457
1	0.02146663270948592425 0.81989589105111460032 0.00035435357987316919 0.04320882189928011707 0.00124229491524213763 0.11325398018035971737 0.00057802566464460793
1	0.00113405032156656000 0.99663030162301458059 0.00010150232457834505 0.00193606612280814816 0.00007585861566089475 0.00011691473175829683 0.00000530626061359574
5	0.16641361256192227502 0.12781787413771664164 0.02901634442482966397 0.03924544079878241470 0.26020033147655963202 0.34328794412311769424 0.03401845247707181719
1	0.00907459066775229313 0.94486464526626201543 0.00254204649537835385 0.00680339159213021356 0.00212111686922460086 0.02842235391897846020 0.00617185519027479111
2	0.00100927318390252557 0.08375288645024926704 0.66764159437137082787 0.01766475886863703298 0.20106889595250851399 0.02668695269693276487 0.00217563847639886928
4	0.02872870310323378390 0.05859789507399749270 0.01787156779091932449 0.01874737047851780455 0.61205824665180286193 0.23922262774107672101 0.02477358916045202877
3	0.15711228161595219843 0.35806926557871521233 0.00031098500438318181 0.45709042010272027401 0.00303014910125317489 0.01385297614040905366 0.01053392245656671090
4	0.01057587862751601521 0.00168866740432158362 0.08354790973921383257 0.00803386487244576487 0.81895372440102043310 0.02452309874530616413 0.05267685621017560021
2	0.00013372485735281721 0.00116751819525001471 0.99140323344756320356 0.00002253497514541866 0.00006711346099374943 0.00658862423643328914 0.00061725082726137232
1	0.21686769225847324361 0.41453427348687738041 0.03621517761197851765 0.04010165390084498988 0.13749382956091751873 0.05433909892664136321 0.10044827425426695877
4	0.01950548430060142224 0.01421537109845554155 0.00146472156393348605 0.00112887325211779807 0.94799106320213533117 0.00401442431227598453 0.01168006227048034446
5	0.00000903393215941483 0.00017525485412292946 0.00016529112454275407 0.00000700378846003898 0.00026135171901075539 0.99932748944959737258 0.00005457513210783389
1	0.03720797905763897906 0.55782149013254600511 0.06829556373355019638 0.07866860341611732477 0.17361644840382339794 0.03597840930353454064 0.04841150595278916752
0	0.73302754348924092920 0.05989735071863779015 0.04182945884322725183 0.02327756781519112889 0.12587736788089404216 0.00542468894610499686 0.01066602230670390776
1	0.02849331179918893064 0.41673919302785411567 0.00470346474641256552 0.06312904517301262675 0.06800814564249403615 0.29311935159324153943 0.12580748801779620405
1	0.12982531573738706476 0.72497172028960688017 0.00328249817676084209 0.11689186840665409528 0.01180564233989059818 0.01033202230071290917 0.00289093274898755657
1	0.00089022588090950725 0.99522285490482520487 0.00172376073273465655 0.00047242358874116555 0.00060524080329993097 0.00085544516044688693 0.00023004892904256819
4	0.05639375535392159022 0.00509811306872731077 0.00094569687893843971 0.29978418828214209446 0.45827571881563489153 0.16275580105505854656 0.01674672654557710083
0	0.90915886486769326158 0.01053084598378507646 0.02030077955583101113 0.03926102064125217700 0.00486927837981927271 0.00235335224030309553 0.01352585833131589484
1	0.00072132822302507110 0.99900299487913102325 0.00009201135008855195 0.00007657843709823286 0.00001030774256247767 0.00009527393008379004 0.00000150543801152859
2	0.00049671577129180593 0.33110262672643892001 0.61789790475639760903 0.00134640047669314371 0.00003989084985553901 0.04867584463626316998 0.00044061678306059446
0	0.60700244041796092009 0.00748451461620924449 0.00101240500215453596 0.00283543396216135975 0.01865332366107597117 0.35825606432698320347 0.00475581801345477916
1	0.10768117296005029482 0.49069945291077371463 0.06910200578579608899 0.21796119872117225569 0.06862735326101125632 0.03709227759427519838 0.00883653876692104545
