6	0.18452153204091623073 0.12057090241153668730 0.02471343668438081773 0.08261994963803205583 0.03025423190987496305 0.15099456559690341284 0.40632538171835563823
1	0.02066151024891320354 0.88872680940054571419 0.00595198486239877696 0.05919077477451803460 0.00244902858169124792 0.00998509430771650150 0.01303479782421631920
2	0.00527163377232330553 0.02210553493688599894 0.92959056132436845843 0.03211414888895319786 0.00278977211918845841 0.00598190842072728046 0.00214644053755357273
3	0.03351455513839610850 0.12540712687006316806 0.00311993258109751230 0.83216177106317656964 0.00029352750127045388 0.00331109733873996299 0.00219198950725616164
0	0.85956837173799094387 0.00103601529453507661 0.00321157568516566112 0.02163585396822076401 0.06153167454770892136 0.00023757455143829550 0.05277893421494038451
0	0.54599700922834271122 0.01704577302958540375 0.00319739880429358893 0.01066032138399322302 0.17776011352728879333 0.04177912228400294109 0.20356026174249339245
4	0.00019647586014344233 0.00364116620128790989 0.00039568463638212553 0.00125242919392661175 0.97942064885419932718 0.00003240733490321492 0.01506118791915806061
2	0.01742094901964051298 0.07610077051433782047 0.85911999678864492402 0.03355715418258353733 0.00414534043895980163 0.00734488615133267655 0.00231090290450083847
1	0.00559865746090975995 0.83478204483881912612 0.00032988278728782807 0.15650817008843159739 0.00151664186000226536 0.00063496339644993093 0.00062963956809921880
1	0.01124866967067042478 0.56425774014814589208 0.07386932279268730583 0.01984780914699112164 0.13751617000836949267 0.16979814108517110594 0.02346214714796462583
0	0.38978714239373568606 0.19854104159406649188 0.01385555631980132409 0.04076960059403426234 0.09291343567104148882 0.22604731009887457649 0.03808591332844610267
3	0.14208652205386940182 0.00575021951335555250 0.06655258639211304728 0.65098098108411639462 0.06820500236882777456 0.02170542161843962842 0.04471926696927794320
2	0.00412287955151390342 0.02007102683853545164 0.87219458779925118641 0.01590204590919181218 0.00167880703211718244 0.08570378309322018717 0.00032686977617029007
1	0.01036979384166495689 0.97600337609837373165 0.00049991280420108922 0.00675332204343326564 0.00030853652939486214 0.00498817243771087875 0.00107688624521950485
4	0.06162124951378843835 0.24557708529233734929 0.12315583867555388031 0.00654895957864739479 0.28164109409017940022 0.19908833368136547026 0.08236743916812802602
0	0.26699435801436938176 0.20868394559214839545 0.17147335379306732905 0.17463717409167769934 0.04426058845526228969 0.04144191490481022311 0.09250866514866468160
4	0.03197643502142811373 0.13784874946011746455 0.01542563278487462004 0.00158793032034828499 0.65890238979220117077 0.05168966558532789302 0.10256919703570284430
2	0.00268625507012182525 0.00502284524292596034 0.97071612331816148345 0.00050665200233298625 0.00063674864524163163 0.01815840466803640002 0.00227297105317955878
3	0.05381102439332971499 0.28506511993208372147 0.03536823913703195099 0.36209945897997308784 0.10657806354467555532 0.00578529735459669663 0.15129279665830921986
1	0.00008065716899361077 0.99576852818478267526 0.00022329063767000438 0.00328041316613578941 0.00010317993612441276 0.00015557314675763580 0.00038835775953477729
1	0.00255757907682691108 0.95668569143403814348 0.01714639849328217919 0.01091569564317714999 0.00033364426411407498 0.01027790659439926924 0.00208308449416217756
1	0.00051296686368011702 0.99152946561486987598 0.00114012668905815948 0.00135962217994737558 0.00008381214366792371 0.00520848654305840035 0.00016551996571836304
2	0.23380842861530115595 0.04201997798061245237 0.35362017714733195994 0.28934208350602025339 0.06989864541392601383 0.00784783421386186369 0.00346285312294653067
1	0.01009756500549445664 0.84692634459784577050 0.03419832235857628994 0.00664023296098456475 0.02631362230992459472 0.04179713184018803845 0.03402678092698730589
1	0.00045347642882933133 0.69572334710662531165 0.00379527439467184551 0.29687051247438767110 0.00055856661273890414 0.00023905841348960014 0.00235976456925768340
4	0.01439771606515704086 0.07224555231437458647 0.02224189946097510778 0.00463114880114424195 0.81144554786422173898 0.07324114866770628507 0.00179698682642129813
3	0.14535604636833007741 0.04604969046028141444 0.02963746028583473871 0.73567021230236973039 0.00155058497713857668 0.01524902636472449252 0.02648697924132097092
4	0.00580334697924806200 0.01138136788178999333 0.00151850312739379109 0.00036753823758673288 0.73218090083563469594 0.08163694299165671908 0.16711139994669019226
1	0.10635141658733392178 0.83239742859992249535 0.00488558882876913726 0.00355513916959999130 0.01563758283040556085 0.03232372572361945362 0.00484911826034933359
1	0.00269463178555860369 0.63934186776983426004 0.01246267688373730621 0.00043563240239389070 0.00630685131072855707 0.01362544481575434299 0.32513289503199332975
3	0.12905783004777954259 0.02644903928802952442 0.00720337296304456465 0.62894567206789231406 0.18138490974778462284 0.00030284167603078960 0.02665633420943872359
0	0.50833662245431276983 0.04044918481149634842 0.07555456685322289867 0.21785818200849746407 0.03394297441138040966 0.07995587667332042237 0.04390259278776986740
1	0.03524129732986548691 0.45223678067665845637 0.01955504506956581151 0.18145953125755232005 0.21872637398286723376 0.05976050627661935039 0.03302046540687120918
0	0.62286329434987286469 0.01967467780908047775 0.02794842105690015233 0.25088243220033701331 0.03320743716198375217 0.02518560781210384819 0.02023812960972192279
1	0.00270486736976108862 0.85854007653677533174 0.00412002839333155436 0.00750382277799718344 0.00775576991773477969 0.11576271956928735340 0.00361271543511338094
4	0.00883549898870787144 0.07464810240593662549 0.01113869089679743636 0.00253182383940125022 0.86997108348396889888 0.02752024727432196560 0.00535455311086592729
1	0.00094920712803663022 0.97262388900052809682 0.02277637564992558358 0.00051246315767836039 0.00026189556369442745 0.00156315453228640156 0.00131301496785166398
6	0.00681814575812669712 0.00067992663680887448 0.00176964686459390725 0.00048076662905345932 0.00020366668315877548 0.00189664405462086714 0.98815120337363737679
3	0.01881902974471327469 0.00192103330713958367 0.00435442960279055786 0.97167193291785669551 0.00047485412238007681 0.00108217442662852416 0.00167654587849071853
3	0.04414781856785492120 0.21896733254737243968 0.01872302838721017285 0.65319053219349787476 0.01711933834578303198 0.01323731780718050664 0.03461463215110108238
0	0.99564406455480713998 0.00094010441064738956 0.00026371193789453523 0.00159008420679688698 0.00108843258131054534 0.00038795575856033650 0.00008564654998331266
1	0.00332297540811870955 0.85140147937159660341 0.07273031620461425928 0.01435685905185711542 0.01455826218865718599 0.04316056809801317729 0.00046953967714267905
2	0.05655348782652742240 0.17875843721763876037 0.42883228920916899307 0.08491518133084285935 0.01361114822908606088 0.22093060570204040016 0.01639885048469601550
4	0.00503514856919906172 0.04902710855146786423 0.00615498208786999495 0.11052401067196242213 0.75763847764012304253 0.00851491483121298749 0.06310535764816459225
1	0.00393399641667326137 0.95627731436898277817 0.01185308908136016755 0.00374239746645887864 0.00109440766787197640 0.02248247434317282925 0.00061632065547908524
3	0.00340420497580475869 0.24859046764088732484 0.00421956864264867119 0.71348876938160554761 0.00345987558326666918 0.01986518895745174526 0.00697192481833576461
5	0.00086812992046149992 0.08344743189940957706 0.00276392030424403579 0.00004664529640586073 0.00259314788358898894 0.91014321282377197431 0.00013751187211773636
4	0.00030077375980468705 0.00148832426169681468 0.00027040472884312991 0.00224335843474650354 0.99255692585782973048 0.00003781299524735459 0.00310239996183319950
2	0.01057061771716716336 0.22852187308072849370 0.71638954579522695632 0.00087387950534352271 0.03527337367288782555 0.00535861358334420793 0.00301209664530111996
0	0.71219045583360418572 0.01719908143939478939 0.00290565973837399140 0.25744193678456905872 0.00206115411293580604 0.00515751089582107500 0.00304420119530138950
1	0.01828885169168617542 0.83090408505565804820 0.08089260424767795443 0.03774877628774617189 0.01194092628189243575 0.01410215903203527153 0.00612259740330462626
1	0.00196722450936631004 0.55673931737501491934 0.15044528359984360444 0.00057617627511896599 0.00149451408672637777 0.27920837694575234567 0.00956910720817735067
1	0.00930856450195358641 0.90801051440713786977 0.00148205826060430709 0.05033429819921823867 0.01061906575978077173 0.01202947055805072586 0.00821602831325530907
1	0.00402139042966122729 0.76145456412638967691 0.11033211543377463570 0.03046755366492119588 0.00942116812944175132 0.06902147444491879558 0.01528173377089157153
1	0.00207331139485826370 0.99209491752618172988 0.00084893740422128548 0.00356559798006085863 0.00057585732353082760 0.00077103698232148621 0.00007034138882555670
0	0.82482256344087767630 0.04743016449761301712 0.04491172665165492350 0.04861843589503066221 0.01561372207600359233 0.00467691488684772623 0.01392647255197223231
1	0.09084893354305689783 0.48396045268468596001 0.10559080865677156202 0.05345769508001226716 0.22233645284296263411 0.03087325601819019757 0.01293240117432055240
1	0.02363011423157317450 0.87469606257456167242 0.03346554857068486516 0.01287936938193879298 0.04476213782501923394 0.00783061241110784463 0.00273615500511416136
3	0.13213776536928570349 0.04341571900106321047 0.00424110997757245600 0.52119200517020281005 0.26858718821782107122 0.01368454973097693247 0.01674166253307767666
3	0.00059162793370920084 0.00013935832769622396 0.00004004818036773902 0.99918676022612507026 0.00000295831161019631 0.00000565527622121554 0.00003359174427111861
1	0.00899324375702796608 0.51263535737037990714 0.02631861360663541663 0.00015912121230200150 0.00804919602592551672 0.44091463475383424475 0.00292983327389532196
4	0.00000302959819070055 0.00002534278811350359 0.00002700558269308863 0.00012675260220050850 0.99968105929677264498 0.00000775299275297090 0.00012905713927726672
1	0.11495681656443113017 0.81845988501501232282 0.03057756882121525840 0.00470607833819126041 0.02653429601405079413 0.00306098977805171861 0.00170436546904706530
1	0.00216983887739443911 0.84804187439458222908 0.00078922678157736128 0.00984376583279559896 0.00076787558995105025 0.00865776501602700740 0.12972965350767179382
6	0.08033283946508695816 0.05246919662682360957 0.00696752513671089566 0.00173785244455894306 0.02240586561617093422 0.00160313282499141216 0.83448358788565746291
1	0.05186259255476938224 0.49364324236978535110 0.02610306875969583412 0.03014679757153543652 0.09432583993869088357 0.08300135244147617553 0.22091710636404665591
1	0.00595402896629204040 0.63624442476489051490 0.09534607606483243292 0.00495553647287358921 0.11618177915052152471 0.01744409018493538188 0.12387406439565401550
0	0.39802093397191790070 0.26125649059437255906 0.02751463567732143067 0.28019802235212015740 0.00844438777219526891 0.00472714899144031832 0.01983838064063232418
5	0.00088959538699521644 0.08335499585801615929 0.01188981958268145976 0.00074369119834618886 0.00843932352316607848 0.89357933607504103080 0.00110323837575347704
0	0.41001416097278059469 0.02200512158535975968 0.00940486844580167534 0.00084387818390851662 0.40202647010400355265 0.09921338273360459648 0.05649211797454145589
1	0.15050712463818333164 0.42854659454091237336 0.01993418978256264462 0.30038862455078979563 0.01414929476122430037 0.08444927601558477326 0.00202489571074277201
2	0.00133801246436303909 0.00012643002621273778 0.99682255753868598269 0.00018713238506814689 0.00075757898444438285 0.00073103493171543655 0.00003725366951035809
3	0.39235137625293714514 0.09694889290963734640 0.00612725871423332267 0.46652598697322489318 0.01087866435650450270 0.01860020095377529561 0.00856761983968741536
1	0.12075492104875276689 0.87058883957690569311 0.00180862027910320597 0.00123991515730731481 0.00031983062790601527 0.00496375462966761570 0.00032411868035758725
1	0.00736059084681424045 0.92326962416320290661 0.00390304351667378376 0.01219649113928665887 0.01643992710268262283 0.01900982428831060264 0.01782049894302857249
4	0.02674550083469895770 0.12970253258036393285 0.05180328471869283941 0.10714930884688310397 0.53268035953656167614 0.02922560183843532153 0.12269341164436423086
6	0.00023769957821521864 0.00007240171095268900 0.00028899223285646481 0.00006746352121022131 0.00361291198564530139 0.00037701104585382861 0.99534351992526681752
1	0.03330354786414781859 0.66462878707833583647 0.08584764495769116321 0.05153695991197221327 0.06544490198521962787 0.07439788134787211904 0.02484027685476119726
3	0.01641145859431922260 0.03881608964954293139 0.01049615508046532544 0.79691730060905019428 0.05254506832404118311 0.00963532265498123069 0.07517860508759957594
1	0.00044626647251431398 0.99649819034500797255 0.00065630716553423103 0.00141282454699961338 0.00009414272631978724 0.00087756419883075107 0.00001470454479310186
1	0.00450103919665742046 0.97017877138256558567 0.00069105964806754922 0.00554945853553854597 0.00027488386003747284 0.01547612381937436832 0.00332866355775899691
2	0.02489168570028525707 0.00644856487603776181 0.93955850968120246947 0.01020536011261361647 0.00226166322019117705 0.00283284000337282078 0.01380137640629702268
2	0.00006054223959121293 0.00011822294405772299 0.99735237722591985055 0.00006753811796603773 0.00137921618584837852 0.00096511547241133185 0.00005698781420636630
3	0.00109907294610195739 0.01659798832642951638 0.00007554272811190551 0.98212561716372492882 0.00001252992300046410 0.00006663597718103408 0.00002261293545069580
6	0.26112282627965782700 0.03993003448313716536 0.01172794573264617467 0.02470549546373847216 0.06589256243761991427 0.01864132438180561221 0.57797981122139463483
3	0.41203989296666543307 0.01181498954986336981 0.00981647204265726978 0.43542121020137591891 0.09376578174824098943 0.00763932179516913119 0.02950233169602808556
4	0.02291832686927161924 0.12758985946901835185 0.01667855902511225508 0.06569494918369117586 0.50966787264808677271 0.01213431704806391606 0.24531611575675618675
2	0.00073660402182021910 0.00098412164807514468 0.98580242536969642231 0.00273052936293356535 0.00333478904399495341 0.00574804821722474379 0.00066348233625446607
3	0.03269089243552126406 0.21080639444495763435 0.01732210210235732295 0.70967357676111375575 0.00236928894420671866 0.02681995235233248717 0.00031779295951089355
1	0.01235589216320009259 0.71661197701485279676 0.01018533614587384568 0.09590647165531039631 0.08902821018992342073 0.07270551183105661286 0.00320660099978240572
1	0.00551824763862832079 0.85525816676370836067 0.08876919941215419274 0.00424089109786873232 0.00727195952713992778 0.03725700613101695646 0.00168452942948301549
1	0.00044809946108199402 0.99305077302676003637 0.00339596272738459937 0.00226659518213596142 0.00013551198199248063 0.00045856106025535199 0.00024449656038915492
2	0.00411156752266264407 0.08615727911191777000 0.88834739140686380665 0.00271270463419669280 0.00039995262040758687 0.00746786686216493415 0.01080323784178733280
1	0.00578869569752736308 0.97100194993879729299 0.01299312084677260899 0.00312649956443283904 0.00483740537154963950 0.00167501668619454746 0.00057731189472472330
5	0.00324414128751192082 0.01271762010867816609 0.02783868152856086922 0.00074541675124105877 0.06235852064398755834 0.86265471034787577498 0.03044090933214539663
5	0.00926146671388597062 0.00651768814320255723 0.00216919998203449552 0.00264038048260187936 0.01217873988689924247 0.96499351642870412338 0.00223900836267135282
4	0.00052633400324537678 0.00544819034618654070 0.00046073107480010847 0.00062572004514738905 0.97326378565217241956 0.00097755201782251367 0.01869768686062611013
3	0.03073583601086424602 0.11459848188666214852 0.01097615569911362249 0.82900462734936264386 0.00095749542626452687 0.00664009112492462521 0.00708731250280833849
1	0.16823489509269379250 0.31869583570069665024 0.04114524929033196859 0.05554117042197330434 0.15707971512770638189 0.15470722586107740759 0.10459590850552040464
0	0.35236418183037521157 0.28783258595025873472 0.03855443264601685072 0.18097378663580862557 0.05517053328142798585 0.08020934457100559190 0.00489513508510704652
1	0.00239057974086260812 0.98850770513799790518 0.00026272483200849307 0.00813048604984713784 0.00026632789317929996 0.00032809644664036466 0.00011407989946387494
3	0.00239124016180556438 0.07744274723427234386 0.13743101015318431868 0.71810996560574147374 0.00830068563746645845 0.01852651037663864339 0.03779784083089043900
1	0.30962084490802505021 0.39616916083900216572 0.00610456712442004543 0.02665737892388067576 0.16286116800496941437 0.08610681809750567184 0.01248006210219698882
1	0.01022669995208970277 0.79392499092767032653 0.02440322813368005564 0.05645645446447611349 0.00343781990338998386 0.10654123940240009527 0.00500956721629371594
3	0.10535305590893113969 0.31351426483827576908 0.00876297635002837999 0.54008501360829486160 0.02038066787363789281 0.00333820939921905969 0.00856581202161348955
2	0.00002584918538277119 0.00447805290478804283 0.95942820101678227829 0.00015505939359446858 0.00012450825102957425 0.03578711318228503663 0.00000121606613955541
2	0.09009122020861913549 0.09942933169472477350 0.62945773588554709832 0.07044654092680975588 0.04562221711563838045 0.04671434472588764653 0.01823860944277327228
2	0.04514095645677761864 0.01590946008562660677 0.83738747600074614486 0.00218410613308840434 0.03399047365489647060 0.01064550911883901246 0.05474201855002600037
0	0.95935084285162375295 0.01356800375747859756 0.00496321138730007692 0.00286847887869902266 0.01275926342441620169 0.00471736970529167219 0.00177282999519057759
3	0.01837507668775300099 0.01357729229816401033 0.00080269411353207454 0.94232848741851760188 0.01206770783152466033 0.00503587764893013556 0.00781286400157833565
5	0.03802533731933906841 0.30826573306169241517 0.01849234669197724612 0.00632713790613975268 0.08928085498575594192 0.41440108039608603008 0.12520750963900947883
1	0.25361533167857969184 0.66175813417475326528 0.00518210076580356144 0.02986380487654509419 0.00261353718792632162 0.03393492272160803652 0.01303216859478410067
1	0.19615275535243437144 0.47034021312221757638 0.01050019502495925204 0.04673393041146403637 0.07073543384421852875 0.01290680896500686660 0.19263066327969957658
5	0.00054666070252810939 0.00208821666031925495 0.00616731134695647307 0.00317396654683224731 0.01163535827434403203 0.97461856642415611862 0.00176992004486406984
4	0.06250501750084776209 0.15400929714841010698 0.02906699871869349722 0.04524599312416838215 0.42142861722752600340 0.00371364588048698954 0.28403043039986725082
2	0.01542687445933938091 0.00425670433606189190 0.83200339975927051217 0.00196169262275232249 0.01326139015387441805 0.12368629887452171900 0.00940363979417960759
1	0.01875949012315722073 0.89451674235094169596 0.00060737693756619468 0.07739812892593211924 0.00495572355756102121 0.00327181549622690198 0.00049072260861466937
3	0.00185946287129016923 0.00393908690775230611 0.00706923287041048756 0.97277579318349216564 0.00503310514568088355 0.00038097760297811412 0.00894234141839640208
1	0.02966296884929064265 0.72942605007657312921 0.00441791865227970405 0.20154231140533412914 0.00913610979143016089 0.01610448681380959729 0.00971015441128251014
1	0.26621327073203110425 0.31050994458414854504 0.00359471685728774640 0.02090041742584680326 0.14572029375203909840 0.00708534568145051131 0.24597601096719620695
1	0.00000698777349410894 0.99990026835356404789 0.00003573594095968903 0.00001464214446574137 0.00002513615575077026 0.00000580907422521193 0.00001142055754128687
5	0.02830081106434885474 0.02041042522268983819 0.40448842943767182589 0.00064810715994264678 0.00015340174963353640 0.54557649357796467182 0.00042233178774849997
4	0.14145455473859372408 0.06820697400246132636 0.15806786216967069758 0.03806745055402047107 0.50577144957723119134 0.06704693410282182298 0.02138477485520092272
1	0.00050791439256965207 0.99923478604274940107 0.00001889939524050389 0.00008866685156214236 0.00000618454998933838 0.00013875699032521089 0.00000479177756456675
0	0.50775934470552019917 0.15743297863983649054 0.05811090358371726744 0.10658315318379781023 0.06828119022911618985 0.01735279285607134458 0.08447963680194101044
1	0.03141988963058348766 0.79176261684099813465 0.01530727241258106504 0.11178408797435789024 0.03210589611034860014 0.00824364399214018266 0.00937659303899071421
5	0.00324779351319750068 0.00071450433872301364 0.00084109713309473940 0.00251328800740663674 0.00005866748698652145 0.99261320069800285104 0.00001144882258891379
4	0.00285709335237703792 0.04921225778795431521 0.01342154162936316439 0.01534228160308971807 0.89960491317297897051 0.00245845542728793031 0.01710345702694872003
4	0.11765640978830534114 0.01251293613220260705 0.00563454177003354720 0.05838642867946069320 0.55272552074988123838 0.01339804101246911197 0.23968612186764728933
1	0.06682442845371143469 0.37659729959712023861 0.17657007271091745837 0.02867376332673977554 0.24171711073802357173 0.09209598536979635153 0.01752133980369095442
1	0.11377710350777769932 0.57555740543086675309 0.00933326704505914664 0.25803208262597432388 0.01391782109915714813 0.02159392445637627403 0.00778839583478827240
4	0.19879086791212471907 0.17696252092322983795 0.02892508179748875044 0.00541937948918605212 0.31419758294682409439 0.26972451673416486528 0.00598005019698158186
1	0.00717288200660500235 0.89659299324418906263 0.00078268999482433916 0.00021974043522870616 0.00010101700112070250 0.09473363190936920364 0.00039704540866310775
6	0.02409411816430154230 0.00231456314707393892 0.00691332993453605636 0.00103163946158784802 0.00162746523448018638 0.00145505949611936247 0.96256382456190103802
0	0.69837977461666167489 0.20274759441260611914 0.00415299531342680668 0.07749317419012309582 0.00369676560568831013 0.01267366509938795335 0.00085603076210583496
1	0.01900599305341479917 0.96818796062796097512 0.00127844365363442587 0.00434848480364106310 0.00462245017014223988 0.00095094081125348252 0.00160572687995269537
1	0.13148930134859462826 0.41645933695026687849 0.05507865229919746419 0.18531912109188899973 0.13276125387710444037 0.05717864113760916939 0.02171369329533810039
0	0.83387903008750485778 0.05551377872495035642 0.03383081254620681072 0.02918674538005538652 0.01547610350005244537 0.02463321305137432943 0.00748031670985606530
4	0.00036514814999183973 0.00162193803598994547 0.00082827324439038665 0.00006492831679301283 0.99374128956116425382 0.00188115764503368624 0.00149726504663724399
6	0.00837618945355311610 0.28443900440659131146 0.15682288585558509797 0.10711306404328846398 0.10568538222063868226 0.00660088110807993938 0.33096259291226387544
1	0.06578694735504236890 0.45707084683900017774 0.03510450162307768990 0.12638138556383224365 0.24483239014370455910 0.01818422249321078113 0.05263970598213241203
4	0.00023466861405161923 0.00073758970537772734 0.00012128157297156397 0.00002177369513088524 0.99692536405333609384 0.00053678987173489063 0.00142253248739724648
3	0.00156828859198654131 0.00190544374486661212 0.00084767291033683917 0.99551545077073588796 0.00001804434065865265 0.00012129810952062173 0.00002380153189501303
0	0.98139902419715374648 0.00055996751015341384 0.00002679612142963043 0.00035281732970817993 0.00097793847737206920 0.00016662849616687440 0.01651682786801597635
6	0.04861163860471695575 0.02235741718165594472 0.00389989985325840628 0.00669779862762531850 0.21185718085940061228 0.06814219911735626412 0.63843386575598681798
3	0.00188143263340354592 0.00494718216414193231 0.00587827926658741548 0.98684529546924126819 0.00013469825409960756 0.00026627218967107102 0.00004684002285461464
0	0.70323725893978583645 0.17099394084374694436 0.00486670648792215943 0.02249785502362645906 0.04524888244192760978 0.02997213098570456619 0.02318322527728636923
0	0.88605530245019936686 0.03726831229965991282 0.00626113685124860941 0.00389054168094855359 0.00918761030204162318 0.00944031324352968479 0.04789678317237210797
6	0.16874753569918371499 0.09975991598742048327 0.00343420172952054728 0.00211249373537017665 0.01519511141024337299 0.00551935670819587131 0.70523138473006563576
1	0.00234537882929548120 0.96821394959259243773 0.01060908109224570003 0.00141123268973566865 0.00009918228685284382 0.01550941061389013269 0.00181176489538722270
1	0.02373471832329909076 0.93283309167222483449 0.00717772603298893596 0.01177321589728126325 0.02036795957150256201 0.00177857572984491119 0.00233471277285869638
1	0.03257835901902948750 0.84872705025750094787 0.00656276119771112901 0.09600394924502295146 0.00231029596621886660 0.01244009390954312760 0.00137749040497337611
1	0.15870463641520987652 0.31006289689093458062 0.28530140621613636620 0.02374475466077721059 0.12774653337079913684 0.03783557099334459300 0.05660420145279840970
3	0.23940002683711084086 0.01588137789516239420 0.00045099233535627492 0.72320645227759516871 0.00511482805097458401 0.00541498329869077432 0.01053133930511007677
0	0.97416228844918173468 0.00133203822759715295 0.00168649957469343211 0.00106856754274157117 0.01617534953276607637 0.00047282457246472677 0.00510243210055499451
0	0.95221145991666633623 0.02468393509194756127 0.00021125927294831027 0.00589587755802913234 0.01407502119854887185 0.00222939639805914578 0.00069305056380083801
2	0.06106790610959003662 0.00924364528828109169 0.90855653788791057579 0.00063228647736014807 0.00985972294704321774 0.00972705034961059666 0.00091285094020510896
2	0.00151624189636578323 0.43059941225484088534 0.44658707201114100638 0.03781882662952553570 0.01055635503071159290 0.06714827444158844028 0.00577381773582676897
1	0.08804116907724583718 0.41703475565718800544 0.03768799466971421014 0.21744911220088666837 0.11225287540266608299 0.09700865272850525689 0.03052544026379385572
1	0.08101003422228002238 0.74720633588586460316 0.00327607920767552336 0.03466372389565034601 0.09879600609274359624 0.00502034860279069323 0.03002747209299464967
2	0.00649924649229535484 0.00332342974132446159 0.87906211367132969237 0.00052714869047774330 0.00721710373856443519 0.10197712491103735899 0.00139383275497042560
5	0.00901762707704538424 0.20123360475050267038 0.00445333826792089146 0.00247270371747484920 0.00305303652884356732 0.77923061189524644998 0.00053907776296617830
6	0.06878359639544769089 0.03721064461321498679 0.11525069701861158367 0.00667434832247065877 0.02759364304317686589 0.02758270596708820716 0.71690436463998985506
5	0.06770938991033725873 0.00894463202217650293 0.01982092444204349574 0.07653407001524117903 0.11900683101674604247 0.68951135906003502285 0.01847279353342083999
2	0.00170471592796022568 0.12214220012334972565 0.64248758221248614131 0.01881843953603448000 0.10080218770262150407 0.08174007677991608489 0.03230479771763201252
1	0.00027340491391476568 0.98790270586225026328 0.00673468911691049114 0.00105026951860447333 0.00012541093662528759 0.00380918368846971250 0.00010433596322584777
2	0.00062422967676886622 0.00063147954165377717 0.99562611267771194967 0.00055538911748723196 0.00204260654614399090 0.00046671320345530800 0.00005346923677804902
3	0.01689321439520583348 0.13421076776002957565 0.03813965089423715371 0.28945251288545836843 0.22983922639784901132 0.19533300037723835829 0.09613162728998189688
5	0.08622068006561521558 0.28610385365463791851 0.05100510391896780765 0.02751647560888385163 0.20495898578273413770 0.30639015965636445804 0.03780474131279654149
1	0.04870759611527099991 0.65934402347327680793 0.00767727128702292826 0.01602018880441276327 0.23354672664944703397 0.02910430493228905943 0.00559988873828025802
2	0.00000150828150668317 0.00001710118130131136 0.99994336741405587254 0.00000750049436726222 0.00001592047967892438 0.00000990261973626499 0.00000469952935307046
4	0.19858339501196178856 0.12578475004515315971 0.07937949314740104512 0.18052486839815737318 0.31574454266882234776 0.05780184184058440033 0.04218110888792004493
5	0.07349014591188306189 0.35083617769994995816 0.09876238135244884420 0.01505370957787429548 0.00767577077001704248 0.42937231324214469863 0.02480950144568221799
3	0.00449461170123665200 0.01160382669662721883 0.00121513677750861252 0.98211305226053891015 0.00038824538493076462 0.00009705948518141221 0.00008806769397655760
1	0.04717636220272074937 0.89322025908045443732 0.02234275903115203604 0.01279843643239927421 0.00300078685792967963 0.02081734132617698088 0.00064405506916657453
1	0.01414200810446575307 0.92792924555036138123 0.00156194180727181001 0.00181323950466441477 0.00184647506205496423 0.04247595115301056740 0.01023113881817084431
1	0.09162710150828287659 0.74666034246660162310 0.02217663510620097173 0.00271619174255223082 0.03244440939849196903 0.02739910553925877651 0.07697621423861138179
3	0.00513252384972973444 0.00125181351562520232 0.00364250997042923734 0.98491872676950309451 0.00109244194416043884 0.00043656921799711351 0.00352541473255541318
4	0.20346570572727248893 0.12877513199139237199 0.05379648972095901066 0.10341876132076054107 0.31357053856349526022 0.01431038864586407083 0.18266298403025638120
1	0.02101773153407652389 0.86909793705057036828 0.00709630629886703630 0.04734741526585750648 0.00929534541068216709 0.03016538886802441755 0.01597987557192271160
0	0.81862235955170103985 0.09221515011013921292 0.01747842739125496370 0.03711257457778658481 0.00863868798240029212 0.01199038286352132991 0.01394241752319679527
2	0.03061037527700748509 0.02013552963200504128 0.94334633682809176936 0.00213784388138979660 0.00113137946314879174 0.00244864296684366460 0.00018989195151336826
3	0.07508195827973870862 0.16541557920183308505 0.00126491635034940643 0.70940519694756742908 0.02972933964890430228 0.01496369359543921022 0.00413931597616792098
3	0.00047765587362728575 0.00891380035341109156 0.00038361523735283473 0.98873685766818553144 0.00031505956824061420 0.00060470406302786002 0.00056830723615424903
0	0.37948240485438300418 0.24209395062317165537 0.03356388421625833979 0.19662822727633774700 0.03239370951303906926 0.08863365767851981436 0.02720416583829044638
1	0.03003842163611841753 0.86635704161763416042 0.00246830032551724737 0.06528335503620522062 0.00815984760622435329 0.00752295450023479726 0.02017007927806602902
1	0.01016610893033715463 0.47983603499197158282 0.00378653509800938853 0.46921761734101807839 0.00145471823113342189 0.02067417874960214216 0.01486480665792807264
2	0.00239180119466191098 0.00293398140623279480 0.91426873053208623787 0.01251620566942579504 0.01980235372757729526 0.00525000912225786001 0.04283691834775796292
2	0.00028579326899141346 0.22212081926467722170 0.76686749193410741476 0.00784122397514964813 0.00010857388689930369 0.00241066816369531504 0.00036542950648131724
1	0.08384585070136492402 0.82316791174365777639 0.01184936661821972374 0.02239936358757571230 0.00166965588967571757 0.00100544695002257288 0.05606240450948314635
3	0.00046614800251571252 0.00022927118834532037 0.00004344656881645880 0.99917449728171714440 0.00001885512096565543 0.00000536369006151243 0.00006241814757762519
5	0.01868608743171062958 0.02010863301790965368 0.00443849670984723665 0.00120745563922890968 0.00156834655604181218 0.95250431195188689504 0.00148666869337515787
3	0.00022655124163774973 0.00629751358936466495 0.00182608358250122807 0.98955172184077522246 0.00131780777817579620 0.00008459077820407449 0.00069573118934192733
3	0.13242806378217705787 0.16651160259760913740 0.04096161672144022631 0.54122677346486136596 0.05951868876489796456 0.04875775057617224434 0.01059550409284232275
2	0.07528632812753854875 0.03919338068344876969 0.72139923222930357749 0.13683223425514123850 0.01358704846426117031 0.00540865861698354173 0.00829311762332351696
1	0.00157191714509929861 0.92118873503305254147 0.00130397562444120401 0.07458700608615512206 0.00015462872269295607 0.00021168525011589984 0.00098205213844235152
6	0.09769655977165046801 0.11857445775665156895 0.01962034667629013879 0.13577794688807898194 0.07042539951629391004 0.01398983620709327164 0.54391545318394174391
0	0.99481584083733543000 0.00037416303458209544 0.00007744234019429006 0.00076152604010165767 0.00198906982369148437 0.00078596091399276422 0.00119599701010231229
3	0.03918288365222154235 0.16560056060981823145 0.10301623982014337932 0.55657847146946659578 0.07230889224822306671 0.02696903224910487951 0.03634391995102222855
1	0.00630940605482777691 0.97283246168444004187 0.00808769449467462188 0.00576821201706302893 0.00024129249577682361 0.00507109323023657247 0.00168984002297977321
3	0.17355321590198732884 0.09623174997875430514 0.16145574365755502311 0.36724376695098959189 0.07668446288119137866 0.10701670623265308047 0.01781435439686923985
6	0.13342141747470198654 0.00064389884476661479 0.00074439640208123227 0.00318116333717973713 0.01400638500927087193 0.00390184448339213731 0.84410089444860736396
4	0.00638653947421242985 0.00212488067281241299 0.00195335848669772475 0.00013813748969133391 0.86005205259811601248 0.00080551578169572445 0.12853951549677511412
5	0.00625358794531814463 0.01193408156461699988 0.02572722691174387372 0.02689443207074432990 0.03992261385627397102 0.87008958653059476074 0.01917847112070782817
1	0.00001173602320998102 0.99960743091477444189 0.00002970001795087213 0.00000854354913597988 0.00000975370627323374 0.00033090611143413016 0.00000192967721915657
0	0.67741404126070725589 0.03488969528759988670 0.00953946408830262486 0.06215544586875354494 0.01965122661739364743 0.02876603996707619015 0.16758408691016676850
1	0.02217034767085309527 0.40222021841632010775 0.01548781741915096835 0.06561777536511563536 0.06212618386268339843 0.19823937047086481744 0.23413828679501191843
1	0.12410484995880534387 0.70728767384500834670 0.00725161595767003907 0.06138234538747193436 0.01346416435854654210 0.08346406292082236833 0.00304528757167573261
2	0.02494553323584965121 0.02421218537657859882 0.92471710907646287314 0.00225241277927250771 0.01836618386727284849 0.00462554337274995609 0.00088103229181366266
2	0.00779368841577181542 0.00675937760317764109 0.88975811892983835971 0.00125211233124362963 0.06024578507925381493 0.03340782771212739283 0.00078308992858717162
1	0.00095390249751899526 0.96972929326575196818 0.02324921651061555641 0.00249209001523137972 0.00031633775139500208 0.00142604784732967057 0.00183311211215747972
3	0.00097815796863730633 0.00456594091484169122 0.00100832661295102905 0.91153972672083138917 0.07064338603195079169 0.01041237373949669039 0.00085208801129075661
1	0.07037247753912925785 0.44354334364698588811 0.05988728169221974040 0.02667800384690566934 0.06524653265826226012 0.05933217213369615384 0.27494018848280094014
0	0.49806601697371932769 0.16603289786892067026 0.13698385323886991261 0.13174850509391716757 0.03044394954331281974 0.00999007596228895095 0.02673470131897125179
3	0.14995658327720462477 0.08464257157710509960 0.02410644079130956977 0.64596558150864924475 0.01618605993143301322 0.04547783501322876648 0.03366492790106979938
2	0.00158062624377043452 0.30949580283719735352 0.31494309767051115179 0.01239087866994903475 0.08677167932084693669 0.00370560029964798901 0.27111231495807697200
0	0.59542956360727850029 0.14077865192853966647 0.03709088191676203350 0.03453071734769950357 0.01831325620321542710 0.13386160595447041399 0.03999532304203440303
4	0.00110041324546831837 0.00934559965560633268 0.00185383055126021401 0.00188055860578237636 0.98380312874453823557 0.00057854226693409216 0.00143792693041112701
1	0.00810187571485432995 0.98756351339601566863 0.00093433359294052586 0.00157947400480902664 0.00125175264563278038 0.00039868794502575215 0.00017036270072228699
0	0.44993108204468934552 0.12429078557709088981 0.04853874896884433077 0.03760773497976922092 0.14850218260772435341 0.08118091339254222827 0.10994855242933951334
5	0.00301285411226879379 0.01539198311843224809 0.00719450565036677640 0.00368815279532794900 0.00097118808787740685 0.96396644187018554195 0.00577487436554093708
3	0.00577301383178978420 0.00347598187971070267 0.00264650687648968104 0.98599083120197095198 0.00149972995026596183 0.00007336952392711108 0.00054056673584663203
1	0.00616885365993946957 0.97025318946157068645 0.00016712733766512046 0.00503134952569985177 0.00102350869194433865 0.01730437959578597779 0.00005159172739548508
1	0.00093885859410983597 0.99642556370495505291 0.00020028233678842785 0.00209647076793777502 0.00014249030167950180 0.00018639017223138335 0.00000994412229710329
5	0.02438220576516076515 0.00321791591644845706 0.00066284539319931188 0.01219102281250211001 0.01180081861476749150 0.94510276028003192827 0.00264243121789005083
1	0.02841859613435459772 0.85092060971079719334 0.00383332779372314459 0.03142423884205926277 0.00560434561668198342 0.06544614706734708243 0.01435273483503640701
2	0.00151940208048656380 0.14007527898856755866 0.65290157934048453914 0.01996617469128205563 0.05655879978583436274 0.12509948375692639400 0.00387928135641913124
4	0.02647360724718964345 0.05438978383489745383 0.00695328208702041504 0.03510043463840385042 0.49726826548298841413 0.33588161484042378113 0.04393301186907680456
3	0.08965147122268785074 0.10979061005239854065 0.00106334084492641081 0.78372057145017159918 0.00146172583688516564 0.01216137914229484598 0.00215090145063593806
4	0.01029870800966374046 0.00403158802993031692 0.16502985478648576900 0.01096732521923737304 0.72954004723565812895 0.02308961567436359358 0.05704286104466069901
2	0.00016877280941361239 0.00935632836165968020 0.97813727273744310864 0.00027464001823083398 0.00019868569147147888 0.01037675946640586634 0.00148754091537571867
1	0.26970317699821316770 0.40673130314193672863 0.01660469633945453605 0.05104181459570727303 0.11439719193900252381 0.06540784141996137946 0.07611397556572407908
4	0.00013194172259724043 0.00042665039122636374 0.00003834061125921969 0.00000571189124075862 0.99809192956738668201 0.00015846311442498169 0.00114696270186539248
5	0.00002209671468564378 0.00061048685605737921 0.00058793747561510900 0.00004161782197155091 0.00049329317613675222 0.99793411960577149689 0.00031044834976138257
1	0.00753216633329872268 0.92599827754633401433 0.00762054911543207959 0.01092181586294277765 0.03078354569653387815 0.01457854667451518801 0.00256509877094311450
0	0.98751656083716921053 0.00456344084867453884 0.00038707126119697768 0.00331754128833782651 0.00218810050153390783 0.00041064917798376858 0.00161663608510377935
1	0.03744425949357520211 0.66371054850870059294 0.00767368676290020296 0.08302508970405539368 0.01823946762810037953 0.14173650109260185759 0.04817044681006604767
1	0.10513672741858411108 0.56338877665382203208 0.01190905998057887119 0.29079948124039950441 0.00835069858943125916 0.01530452748175765466 0.00511072863542654226
1	0.00165374844722187739 0.99141596522289165971 0.00212183269228392955 0.00065772175252588449 0.00085745432651320906 0.00269046006014145734 0.00060281749842310591
4	0.11290939581707720718 0.01130903941178715462 0.00642399716577782796 0.09607722992069425705 0.61847509044486148611 0.14171698255206072181 0.01308826468774186569
0	0.83482134146797426499 0.02395531792529074361 0.04225978428173702423 0.07884262279319576017 0.00527508359934641523 0.00577010683129788957 0.00907574310115818669
1	0.00707765452047068484 0.99180476412899543082 0.00020796599447491719 0.00027571912258423818 0.00005141645271125752 0.00056707925011652293 0.00001540053064740118
1	0.00147563453889697042 0.48723204066133696255 0.44561879730884063067 0.00263920114906866137 0.00014537277172948503 0.05998338657480484226 0.00290556699532303585
0	0.52801908847615997011 0.01521176764903533520 0.00593679150785549753 0.00697078801402769600 0.07180040450988282863 0.35735377089051006960 0.01470738895252876773
1	0.12325610231856254373 0.52805902829100992424 0.04212034641376324190 0.19640929924232547465 0.04953461521943305912 0.04858727997911573004 0.01203332853579030734
