6	0.07361198441324434683 0.12394770453828600487 0.02977362007076341313 0.16841629164853197387 0.04901658248082994135 0.23492916245849407297 0.32030465438985006310
1	0.00996319881409945055 0.86107048902620697550 0.01429367566247590274 0.07954597226107769370 0.00721618099361712260 0.01220707171544501736 0.01570341152707788526
2	0.00177037177552597088 0.05110328273777501457 0.85675865206587009659 0.07300094050385601274 0.00380783694072604501 0.00682081065684933020 0.00673810531939758248
3	0.02350370183614825317 0.13011373144332358254 0.00406681692283867788 0.83545423312139410754 0.00051049633837434052 0.00392100844083870075 0.00243001189708219947
0	0.81533520985086194166 0.00260691726948215734 0.00563495884093488750 0.04515932838254845677 0.08224587929929563779 0.00110427073366449924 0.04791343562321237481
0	0.28628314569737856043 0.06321323356392537229 0.00697275064860603498 0.03147124471333828666 0.27384966090526369209 0.12509760073329823094 0.21311236373818986944
4	0.00022428947871286155 0.02012709142159638601 0.00132505176694384269 0.00640025210758518853 0.93955503917368743405 0.00014790440608139033 0.03222037164539336834
2	0.01975978138751987440 0.10768106871847737960 0.78651817565669379650 0.06183129063408347725 0.00585071518807509048 0.01421065627420755803 0.00414831214094261557
1	0.01328720935417738482 0.87035459919520730132 0.00041623733658371274 0.11127038170578046339 0.00311205130325864585 0.00067512922578040252 0.00088439187921168002
1	0.00582859985421746007 0.56531126328444802898 0.07976904735141279734 0.03092279607011905879 0.12974996031229193982 0.15841164496044193855 0.03000668816706881722
1	0.13989757941598457425 0.47026815465459614884 0.01423464841889013864 0.06015647976980121464 0.14550465470869294871 0.12828673983682806203 0.04165174319520673768
3	0.07653053984216305616 0.01024767807079441165 0.05734779492023905911 0.72902768772177384271 0.06135449498166909571 0.01891324025226838457 0.04657856421109160538
2	0.00307109073393958387 0.03989213408788658266 0.80873713688170889569 0.02884484999744469161 0.00541405170811665257 0.11149852683013662669 0.00254220976076705366
1	0.00501039995234977761 0.97834320798117446749 0.00086964754123312524 0.00531059591255164838 0.00056865552331219007 0.00823945760794491180 0.00165803548143303252
4	0.02535385439088845907 0.25243419232895075721 0.06343749502843476495 0.00818862703395142021 0.35613198679943330882 0.22490755395611577994 0.06954629046222575439
1	0.18008978162259955957 0.24568023594539806220 0.18057906248178709485 0.20959488810996271257 0.05547057416086015325 0.04397448196750405880 0.08461097571188831712
4	0.02526166183748172409 0.23651375938455979075 0.01868051636548472699 0.00399259901458478336 0.49257886461476485529 0.12791112907865984094 0.09506146970446437139
2	0.00467433653923471099 0.02192083084146604841 0.92737121771579233975 0.00232104081669885038 0.00227209112880885069 0.03500338346915699006 0.00643709948884339540
3	0.03210286757706336258 0.31365813091144945091 0.03229312543272828268 0.43036666141617885284 0.12159436760578563874 0.00512716369218350985 0.06485768336461064654
1	0.00012983175316192750 0.99689333898638865517 0.00015084237965472421 0.00237093174202055324 0.00017006966458969750 0.00015275309245983552 0.00013223238172556154
1	0.00140813214489079780 0.95755953202110555278 0.02218875082108246952 0.00864479255534573131 0.00047730493403643431 0.00650903361828734234 0.00321245390525132625
1	0.00056573905385848917 0.98896165150216230888 0.00254099194943548101 0.00216687593376209235 0.00027339276314372087 0.00499030763666168803 0.00050104116097610346
2	0.40295330389567862728 0.02501955250960745739 0.46962112653882670532 0.04699715487659689855 0.04353724739649737774 0.00739779547325255735 0.00447381930954035816
1	0.00385730267048035565 0.86265123173629842945 0.03719501399287433729 0.01200718739533356179 0.03304255161213323633 0.03169437724013757229 0.01955233535274190568
1	0.00032158795197435614 0.62216505360112273060 0.00533760433713263097 0.36562218301833654399 0.00165120457864108630 0.00090179795031155956 0.00400056856248197628
4	0.01576388392054775545 0.11227463789775768421 0.03172412508509806633 0.00908601067844260098 0.71136635949477178276 0.11296570792370824732 0.00681927499967412750
3	0.11353523871500487141 0.06662740086767215963 0.03775405498426152862 0.72076345228718885494 0.00318850440453625084 0.02012970485637250243 0.03800164388496359708
4	0.00224922543583039401 0.02590408514763087658 0.00141784982585491711 0.00058175935775503897 0.80261790887808970307 0.05440874243747489958 0.11282042891736496215
1	0.03692623533515234507 0.84977146526073354948 0.00775382744081124474 0.00665320780817848113 0.02398964441240874004 0.06321001900537993878 0.01169560073733548998
1	0.00372384770963247796 0.61067096139857823811 0.01422223966038175559 0.00082518200005307944 0.01538518012139367640 0.01640190792451065582 0.33877068118544972908
3	0.05802795335132628074 0.04619962521389042731 0.01146163498038450974 0.68793052685140654301 0.17802820384703996193 0.00121646313360088934 0.01713559262235106115
3	0.15311766222190192899 0.10028991141917335816 0.09968099720709866496 0.40101874359242356549 0.07638830402666317576 0.09897806643192481879 0.07052631510081432131
1	0.02184813024942854065 0.46349735162763572305 0.02707602360396711705 0.19067800801730422355 0.19144461896625403208 0.05623620062086077259 0.04921966691454945919
0	0.51322020727340955659 0.03411112179855754767 0.05461914011698071336 0.25104522766086501129 0.05447366167259626302 0.06502804596173449025 0.02750259551585648027
1	0.00183521471853135090 0.89557977483763950843 0.00403066874794549140 0.00648281212578107145 0.01035963825343542456 0.07925012695047720102 0.00246176436619061035
4	0.00392176103868797834 0.06678035808613730362 0.01859403754795368319 0.00373234896207865190 0.87864426721732657999 0.02206622992103719066 0.00626099722677896185
1	0.00077765112381352473 0.98084791717997033000 0.01279505502322492855 0.00093507768491368271 0.00048991179490691817 0.00153517746143451580 0.00261920973173742321
6	0.01513525195844835254 0.00474278452440576089 0.00631811311791769664 0.00185448211652037122 0.00121619292498873106 0.00556587776282487737 0.96516729759489383600
3	0.01990757283212924236 0.00299290229974193307 0.00546661364249797273 0.96484159039770300836 0.00128427673991915719 0.00211440638536321626 0.00339263770264577403
3	0.01947474353990331572 0.28215623094989744635 0.02209837136427521970 0.63278431810696467164 0.01383656523619748377 0.00905672152206786311 0.02059304928069388349
0	0.98065109960125917965 0.00534160819770338521 0.00100030114779403123 0.00807670003505466493 0.00295055284541741051 0.00165928998920219996 0.00032044818356890300
1	0.00595199074053685741 0.80421586535636790938 0.10401562198521585589 0.01258349252332995223 0.01799957043590319147 0.05395476120893202832 0.00127869774971425994
2	0.03197552937216629337 0.16728567903283866891 0.41224409100938036454 0.12745544628407087795 0.01773279653427483477 0.21020613971440421652 0.03310031805286477863
4	0.00200854551781478241 0.11808225849316664191 0.00973037498064800201 0.14161612643078205775 0.60693472053336550154 0.02920758782162557327 0.09242038622259679537
1	0.00655892806194774240 0.96341848699233567643 0.00914960277746589869 0.00284283499982640117 0.00158277849670881380 0.01595437659811640291 0.00049299207359872232
3	0.00326363144287447875 0.18584962613287836497 0.00398919629638452584 0.78220092117196171611 0.00257078450868178680 0.01601095661463437098 0.00611488383258449505
5	0.00004073351955343592 0.02522729268941108563 0.00006767888105364601 0.00000276934072959468 0.00010317785607942509 0.97455709247768107506 0.00000125523549164558
4	0.00021496941504341020 0.00154875550121172660 0.00032018146629377627 0.00239293999534100164 0.99187675794813645602 0.00010163254333671002 0.00354476313063605561
2	0.00957036892408925054 0.28146036661542095381 0.64734936335516213290 0.00220220014133447068 0.04262820501497381620 0.01052594206525177961 0.00626355388376759713
0	0.68936668849931914682 0.04706982629212035779 0.01067464456276408583 0.21894597803457729879 0.01063625193059889243 0.01784800388070780300 0.00545860679991259489
1	0.01971945203235077673 0.82094770988624321539 0.07490202377985984150 0.04811177606192690304 0.01009632972164357066 0.01880222980126825330 0.00742047871670798321
1	0.00094186717358958811 0.80732274657304881060 0.06189588546590654716 0.00108269683088408047 0.00304323360035834529 0.11592209406638812053 0.00979147628982483288
1	0.00556320861114597935 0.93396160923375337592 0.00200895283128963266 0.03910978439465515044 0.00960308562723674944 0.00675638524112453544 0.00299697406079485820
1	0.00673415403836161077 0.69952853307625928458 0.08933811333458085979 0.08716491605948104016 0.01781344837323259669 0.07010825009624413462 0.02931258502183943862
1	0.00253035430939376393 0.98406780462034371126 0.00137482849754288344 0.00899887671522971513 0.00112368028064863384 0.00166146201521846911 0.00024299356162439128
0	0.68519407735482196209 0.10146089277044091637 0.07269999359654988336 0.06997511224349120540 0.03154998370221658716 0.00978034269577713125 0.02933959763670212356
1	0.03948282880508759141 0.42255705616981192874 0.15611190244696340756 0.06310382517116105983 0.25704783846915024714 0.04782978989839680589 0.01386675903942909474
1	0.00927035747106910203 0.91901193021029436991 0.02356939318152549701 0.00684509377063965193 0.03458497055227710559 0.00506134741422912138 0.00165690739996527010
3	0.01664313985298137427 0.04056660785936386238 0.00431812850999860158 0.61499516221500039048 0.27716885469711877166 0.01435531028649086709 0.03195279657904626786
3	0.00056704747788914524 0.00016812513307953126 0.00003823084127220737 0.99920071153901901528 0.00000139347590367306 0.00000457395933087670 0.00001991757350627493
1	0.00777617973262743813 0.79265922393629939524 0.01635584279367398308 0.00052288766010427071 0.00765665989501730215 0.16989597995802918629 0.00513322602424828422
4	0.00000059854545813779 0.00002581737690912524 0.00001693934448406315 0.00009619247858452118 0.99961278978334455747 0.00000680217069245700 0.00024086030052499947
1	0.15497072138284892495 0.79895780244426728434 0.01181500638642142206 0.00539204004355489999 0.02508130060011256116 0.00222341482938033519 0.00155971431341462305
1	0.00201159303986427323 0.94319647559246699853 0.00114306108929380619 0.00586194841886474895 0.00153378678630030837 0.00700689316716484288 0.03924624190604572571
6	0.12891342003959366247 0.12481437066984345241 0.01738947880425229658 0.01207433577535164948 0.04536125257746970868 0.01093020280215775512 0.66051693933133137637
1	0.05811634592570282670 0.52415807153212201630 0.03634179402314532265 0.05123624084442665594 0.08385893158422629001 0.13123438336326082032 0.11505423272711572114
1	0.00945821358740496672 0.57065594396851970771 0.06143023203632476392 0.00972787243757342393 0.11440465344451415663 0.02407242712983898719 0.21025065739582438074
0	0.36459885966363952958 0.27351923369608183156 0.02359727638914157002 0.29667623484965471858 0.00910263350068789799 0.01034077498443606094 0.02216498691635835142
5	0.00081084344042371616 0.15979210587548367539 0.00939111060246212125 0.00149144098821305296 0.01764033384571789265 0.80621830233972313628 0.00465586290797605478
0	0.63087880648457794752 0.01394455189641117220 0.00504746669087916683 0.00141052861903664603 0.26697989043434233736 0.03750642401038067897 0.04423233186437186548
3	0.08236613018249976104 0.32996013910764632193 0.03605686512538306548 0.38701911131729516136 0.02682230003794115400 0.13334386757539515300 0.00443158665383941268
2	0.00162815495536672576 0.00014471386004614493 0.99634200941836981169 0.00009318641196443556 0.00065857773391825823 0.00108216158702707180 0.00005119603330780530
3	0.34703247828393463115 0.10200093428859065281 0.01089883643238090220 0.48850478473140951374 0.01308488456385520533 0.02875625843681198224 0.00972182326301728947
1	0.07960046419926601613 0.90767024159018394602 0.00191668047120900501 0.00261916753746511619 0.00032599056718928606 0.00748693858667237588 0.00038051704801422094
1	0.00376504862446254114 0.91632853984113360468 0.00537411486900084105 0.01839536276325691791 0.02631101679124185286 0.01386846596905893896 0.01595745114184490832
3	0.00633924471421252935 0.39427628332197267591 0.00139833815187059667 0.58469467611935632689 0.01133608612732177334 0.00102838732538303819 0.00092698423988312427
6	0.00026206550239902789 0.00012719870636462225 0.00045426957281922693 0.00021103524248824085 0.00523174525889678974 0.00090453501484997047 0.99280915070218145324
1	0.02538489537259447718 0.67712952646189150663 0.08518560535523535260 0.05991824600382403970 0.06839908804952375687 0.06132031659532959783 0.02266232216160131083
3	0.01103805707520595127 0.04587858343779008946 0.01545239813223586896 0.82629086046717759029 0.03862138748000847749 0.01069615071572273084 0.05202256269185939752
1	0.00030506211396958083 0.99274340348531908695 0.00129545148815095085 0.00347960380331096067 0.00022870036812097988 0.00190465317829488067 0.00004312556283396751
1	0.00123929984850844072 0.97431533395564173805 0.00075238626174362261 0.00464926581146123900 0.00056789815171923749 0.01631239423286923174 0.00216342173805663274
2	0.02626162393013575097 0.03130268403014616757 0.85953267291214086043 0.04706574094442814854 0.00691709317459555766 0.00788662026804104813 0.02103356474051252742
2	0.00004932259401062267 0.00015358371645151253 0.99597149353320302279 0.00004361116768377100 0.00267844970018976235 0.00099551514913237549 0.00010802413932938197
3	0.00169588477813329124 0.02294199748173226736 0.00007982918903724952 0.97519151020986793998 0.00001602741555487653 0.00005225962055015345 0.00002249130512486989
6	0.13942011759544495342 0.02863379581131912308 0.01005677758036660485 0.01756404689811373251 0.06077506635471635610 0.01376506193264004016 0.72978513382739917947
0	0.39432771560272067424 0.01772163087620754612 0.01859571189041116235 0.38533319463916160252 0.14919969796814250285 0.01403512852977780931 0.02078692049357909119
4	0.01793738678758998242 0.15563782409104959248 0.03129540623753849365 0.08211169360757292202 0.57053180370415212952 0.02989591298502858666 0.11258997258706825162
2	0.00011078092064109607 0.00144357365368714464 0.98846625498093421136 0.00084340065843048788 0.00319797734214402564 0.00500743067481116983 0.00093058176935293020
3	0.02268000549780678152 0.14788309549313935487 0.02950143545519224100 0.76355023697826396312 0.00437224255222500285 0.03138261534125603991 0.00063036868211667127
1	0.01429134750694804369 0.68083482024300256974 0.01574793218823952734 0.10238809969187276372 0.11325932893947202040 0.06881297705372534101 0.00466549437674000731
1	0.00568385552301519954 0.84544618923415681966 0.07494513503504947327 0.00889721721721331918 0.00774178342000013571 0.05486782845949349924 0.00241799111107270353
1	0.00045525812858492477 0.98853804539570966359 0.00416216199120900306 0.00483480000143888568 0.00029534203027726901 0.00083836775860760123 0.00087602469417323960
2	0.00395792862727152236 0.15073703008626990196 0.80966592152123151305 0.00591136053495409149 0.00126605179277228426 0.01112639949546382137 0.01733530794203548553
1	0.00368004084872710713 0.97690401381567126826 0.00655167176265491168 0.00564353341423587049 0.00507097376639343168 0.00158225274690086573 0.00056751364541685881
5	0.00568099159092659307 0.04262175560630235283 0.04116122086438914890 0.00332945496860913856 0.22752753658865065844 0.58552640357772667290 0.09415263680339493180
5	0.00633542210472093012 0.02246218957431652188 0.00409559783280273766 0.01218346755211874646 0.04910524111938294189 0.89518063405875503147 0.01063744775790346694
4	0.00008346523713499482 0.00495657156183629526 0.00026897652075569386 0.00036150549585550951 0.98530799547597136545 0.00121584896986904364 0.00780563673857687188
3	0.03379854861943187155 0.17984382737383983186 0.02136328224249335953 0.73866916693372941527 0.00210592781530858850 0.01423751720909244463 0.00998172980610383641
1	0.13992131353307957209 0.32984825265355810497 0.04641395850028386810 0.08066140147045446074 0.17043273158555966029 0.15572247732962127276 0.07699986492744283206
1	0.24259324982840324569 0.33619451848917902836 0.04061164460654097252 0.25522981594220389701 0.05935234989650140652 0.05904572661494580932 0.00697269462222591292
3	0.00585907192619090824 0.42752760097872294365 0.00031430736335945228 0.56566850039225102798 0.00018811182320525955 0.00027138234282628692 0.00017102517344449214
3	0.00132504724630273883 0.03488617263400738133 0.06431652056256223493 0.83858799597592892372 0.01119186953574207409 0.01259339387679364423 0.03709900016866236189
1	0.26483185527025099315 0.48915503955264516556 0.00541373773959883363 0.05723279994280516120 0.11394540769707552086 0.05587310467739909497 0.01354805512022487501
1	0.00757258801081810064 0.74508329340194101587 0.03596800646840754567 0.08057934683321081593 0.00849878764016414115 0.11053750266805804914 0.01176047497740071585
0	0.49925180980085220872 0.18480105469639290794 0.00893523500193585049 0.26530412607037501260 0.02363384561833009601 0.00345294587683983101 0.01462098293527381090
2	0.00006117623442784618 0.02730559515222498457 0.90255846388535798663 0.00036945979252270836 0.00072753369265205652 0.06896196302036193548 0.00001580822245385140
2	0.06555173605048751628 0.11270517741229740816 0.62643372381989892439 0.08868019790984027484 0.05160957324409654046 0.03607060572869275061 0.01894898583468675873
2	0.09000650723684135157 0.05412063714590766017 0.57928921384769094249 0.00872536141410673594 0.07990334312891840540 0.04002639636373647725 0.14792854086279808024
0	0.94835619844402740952 0.02012539792647014686 0.00446201575479228656 0.00830954494297321197 0.00719238147367960712 0.00739470945597355423 0.00415975200208354868
3	0.02015540712266699133 0.01732911639038335963 0.00103869161590465064 0.94588187821301006331 0.00631647247030718215 0.00418315682942142948 0.00509527735830627229
5	0.02096258624773966045 0.32481632765900231297 0.01489205080589659815 0.00953212723881553814 0.11220465619479792763 0.40269386301069881595 0.11489838884304974520
1	0.21653580713652098577 0.65242180132680893667 0.00454008974182486431 0.03024732400503091917 0.00414238690233753853 0.07415155361733108408 0.01796103727014608520
1	0.09595788623668245754 0.58871386791137692018 0.01856600362432171691 0.08903067122891299146 0.05562027067523287599 0.01915598094306487226 0.13295531938040830444
5	0.00112954464182539027 0.00467606284070788605 0.01232249967466686469 0.00985495583476751411 0.01194987955113886204 0.95697432634751433689 0.00309273110937903061
4	0.05180523982196207772 0.20265466614479957230 0.02762846482682705315 0.09908763723765660891 0.39653429585821253767 0.00976894577047351768 0.21252075034006850940
2	0.00550882428707513694 0.00848221148903258691 0.86213033776984471235 0.00371420831787192722 0.01757623424714709059 0.08586130074479363106 0.01672688314423542016
1	0.03629375084527450973 0.87294175009128305298 0.00095008189273636972 0.07758603919469735100 0.00769427868344558022 0.00403540006103246095 0.00049869923153080138
3	0.00119093578179789764 0.00415428785459289775 0.00876037512863909844 0.97290567242010306259 0.00415153751680358372 0.00130721768378970374 0.00752997361427318931
1	0.01746660057477319658 0.66634963669188940205 0.00831511739019001432 0.25714194779904375743 0.01252620981987200705 0.02914920959147138807 0.00905127813275987542
6	0.16529027530393031187 0.25113056015070711613 0.01025195550860238947 0.03911041068376285706 0.23222730904159352705 0.02927571195941634785 0.27271377735198754078
1	0.00001423494181720703 0.99979169823089097946 0.00007857252387226341 0.00002389648629666950 0.00005674448924756782 0.00001291447979232092 0.00002193884808254140
5	0.07266573294945583017 0.06169624662085804179 0.33247723320596866969 0.00280670290242153800 0.00164821879078956763 0.52614212261183734842 0.00256374291866919143
4	0.11459809714075910869 0.09456240073942891178 0.12509504122456197028 0.07411947060271131815 0.50225343741911099293 0.06424045374948657294 0.02513109912394124665
1	0.00050792199717254185 0.99922052563810159764 0.00002044231834331684 0.00007178329463559492 0.00001610943141477218 0.00015866968985874869 0.00000454763047376361
0	0.45635534680408623709 0.09370665829314010764 0.05460523276731164138 0.14076969669681502206 0.09150808514239422431 0.01498311540005646189 0.14807186489619622582
1	0.03931892814173024164 0.81887705303854085859 0.00667442162972616600 0.10997817278580405975 0.01806753817928762051 0.00454690570076510259 0.00253698052414568160
5	0.00107707711264508235 0.00110217912580867035 0.00181581273768242272 0.00331452922148012729 0.00013894794130963405 0.99253718442152905066 0.00001426943954570682
4	0.00120628753214349171 0.10063197538406488951 0.01432183342174751794 0.01533416905888627078 0.84007530643549399585 0.00164754740990147395 0.02678288075776205299
4	0.09197547799541853919 0.02469689187907817690 0.01156735016073061860 0.11391994293296299479 0.48874793720044157341 0.05934501709002745068 0.20974738274134061000
1	0.06927662543676033069 0.32345371617005153064 0.20779148954744180999 0.04588748573720888985 0.24391925546167217420 0.08795244778462600610 0.02171897986223955343
1	0.04281842972826521015 0.63762843008519265453 0.01094873756159762609 0.24407108438635755077 0.01638367649784008145 0.03694880961070462488 0.01120083213004206303
4	0.10114178558198667901 0.25746660787244207702 0.01537156824350041640 0.02395200651046038368 0.41243991281239228419 0.18149555455542595861 0.00813256442379221324
1	0.00976361741327877800 0.91023546179671055434 0.00084910936920297008 0.00045133618577289771 0.00017542838608046368 0.07792170531182203430 0.00060334153713159232
6	0.03638727295570151621 0.00766557007667866865 0.01487931587160334565 0.00527695847656465492 0.00318455382716981931 0.00900811060653693152 0.92359821818574527885
0	0.40662702002096712262 0.37827900519695462078 0.01294987889972348295 0.15176551730638437876 0.00950743811866314181 0.03887605055066015169 0.00199508990664711786
1	0.02404542102984041918 0.95255250051951156909 0.00435659836442531170 0.00740394380002152349 0.00765710891330603164 0.00176814364806661037 0.00221628372482879452
1	0.10838367180283917102 0.36216807972723014108 0.07987050376554125086 0.22669670468642658112 0.12720165558324936228 0.06839034424602841167 0.02728904018868525544
0	0.81111321952866022311 0.05998588585588337380 0.03332499570303874836 0.04194651274102480926 0.01720931183560760885 0.02935981385261575774 0.00706026048316985184
4	0.00019550436853947741 0.00233599231484237250 0.00061343976865983329 0.00007963265578458680 0.99286920469264050571 0.00087093392879226050 0.00303529227073988514
1	0.00483247618643449246 0.24238174786290786478 0.22567685633543227430 0.17478115564684890137 0.12756535826990247906 0.00994362439808231177 0.21481878130039266939
1	0.04686665344552696372 0.42540303801088413804 0.03920794924435912210 0.14545278522997462378 0.26100216479312249307 0.02457728166979911144 0.05749012760633354785
4	0.00025668294172094774 0.00283531589207362909 0.00021964165003576574 0.00007196254093167178 0.98846557524119027516 0.00096144197139176265 0.00718937976265668268
3	0.00094925333523543951 0.00265705069902304539 0.00214258718341052683 0.99385508487513407605 0.00004670610587379139 0.00027016628190656099 0.00007915151941617544
0	0.98673835194393910708 0.00020806535736063786 0.00002793677519881685 0.00043443771296393981 0.00053938728026072414 0.00013413974999619023 0.01191768118028091288
6	0.03027635113643544623 0.07680156567765863973 0.00883723748575897944 0.01405517286117915696 0.36664828451738901149 0.09721214721494662869 0.40616924110663210623
3	0.00519474389039303267 0.00768157990536591159 0.01040140412799539504 0.97581272007739650043 0.00039947702023002628 0.00042533191975370195 0.00008474305886573973
0	0.68474629745673809555 0.22767766348377496688 0.00506873520305173124 0.01159367941652835431 0.03343789455874385252 0.02285212229961565769 0.01462360758154701915
0	0.67364274400347701199 0.14031491458151970630 0.01601942676340470037 0.01548036815917459320 0.03457254731661218994 0.04548472115065608362 0.07448527802515580998
6	0.07592473759260112698 0.36783847198415459134 0.00945764328175488847 0.01121184069276775011 0.04567336040343814713 0.01989883535685060822 0.46999511068843285999
1	0.00157520206188325952 0.96891380972799923121 0.00952102941907146186 0.00326052122477915552 0.00022055668768503872 0.01308573353461374433 0.00342314734396767561
1	0.01545143798347633525 0.89017194576437186360 0.02447282707498021556 0.03111821431466586796 0.03093605848603427425 0.00464959444969265459 0.00319992192677934131
1	0.01305385682518159750 0.85553640801342567546 0.00733692573706991834 0.10932468333920575265 0.00347305317171431880 0.00947837806468958960 0.00179669484871371773
1	0.16638222897295701364 0.30077360588783197404 0.25822427612589909929 0.03504895069171905936 0.14053740992242633179 0.04494670729166877488 0.05408682110749790661
3	0.00572918109120445617 0.00179016796600657579 0.00005568207749474305 0.99156537739837480316 0.00020049968559999077 0.00039180254352394711 0.00026728923779585531
0	0.94475898201792729569 0.00552981434945869731 0.00538410389675350164 0.00772195629516498738 0.02245812201410049211 0.00269514714753503514 0.01145187427906018372
0	0.96788682675424364543 0.01011533397212723007 0.00033533744073552452 0.00938048417325519114 0.00884977205609065003 0.00209676438333456384 0.00133548122021309897
2	0.05305612002923989351 0.03073283731995169951 0.87864307942117991779 0.00046082141207353690 0.02597670754083668959 0.00992810881039099882 0.00120232546632742434
2	0.00125508639990319268 0.32005452260115707652 0.52202215284804065476 0.05687776772477477760 0.01323955038968062034 0.07920388353540626369 0.00734703650103656764
1	0.04270963860320955985 0.40856546470096832824 0.04730440303675243624 0.21886286502448293323 0.12867647599379658518 0.12865569466011425592 0.02522545798067596726
1	0.07575126553683128594 0.73123024710547601668 0.00587664402262984189 0.04971178585790111265 0.10263455801847942706 0.00586791799516960064 0.02892758146351280535
2	0.01317660833462436579 0.00753393457614713342 0.85539996644762128497 0.00196109601561262519 0.02232142066944267991 0.09445933261522099222 0.00514764134133133440
5	0.01293573539786341958 0.39972902650436897831 0.00451290595535125232 0.00614538010707042521 0.00472141917737523009 0.57119063131109626408 0.00076490154687486344
6	0.05073146231015178420 0.10255310498004686914 0.18571048666662856585 0.01853302261197656634 0.03139139174058129533 0.04309172037975583791 0.56798881131085932061
5	0.05210097130424711648 0.01184016712469107210 0.02711115249472846947 0.11732670032829581319 0.07347262359960021749 0.69424952486416013908 0.02389886028427735953
2	0.00045766005907324963 0.07953866650046580167 0.70434311326721821267 0.01287784926561982499 0.13645368366442306440 0.02959172681935929791 0.03673730042384072692
1	0.00022536389104800309 0.98193151669085032562 0.01099048084113174450 0.00141511401844923181 0.00013723020227376085 0.00502615565146797508 0.00027413870477821517
2	0.00037116748472754098 0.00053624591405491290 0.99666720650079210220 0.00020211569952399149 0.00156757312267121808 0.00056330431220443075 0.00009238696602522641
3	0.00664456692668263012 0.13287038812089821405 0.03376647600842306446 0.33493209120675093704 0.26139923227286249174 0.12152369036294059790 0.10886355510144203607
1	0.05694853348818657013 0.42532301603259614620 0.04879340070325355327 0.04914355331532319071 0.20860216475739212783 0.16692953717680980574 0.04425979452643827305
1	0.02703988800047020871 0.56018124895962650989 0.01046487832354002327 0.02128650681272777415 0.34061038623947792470 0.03132178703334726616 0.00909530463080985424
2	0.00000266710727124599 0.00006264571943229416 0.99980538844067123883 0.00000957132961554763 0.00004121169546108650 0.00004135556988046195 0.00003716013766680555
4	0.16357357086221363529 0.14273510615227735787 0.08412360378023960028 0.21843220715063954573 0.30026235835524034412 0.05208007674432869188 0.03879307695506068604
1	0.04836106961336367194 0.43625441583384039212 0.08522553653314435262 0.02251342038238295443 0.01193295066183876554 0.36049727393247105178 0.03521533304295879768
3	0.00920553217744943600 0.01580549787983533475 0.00128351949002558294 0.97330902896681092962 0.00022769128606977621 0.00006856816208149291 0.00010016203772747499
1	0.01192235732785755509 0.93461146525780347538 0.01962298155155985796 0.01555235748991377724 0.00348329150325217421 0.01428854011801647221 0.00051900675159647519
1	0.00725565886142519670 0.85987590578610140213 0.06975211269970824080 0.00007974168051452168 0.00405823065469150968 0.05856336895634427914 0.00041498136121505578
1	0.03738173875809967101 0.70958660582606392087 0.02513379491493284573 0.00482199623610612190 0.09237657604913859788 0.05053627613077240482 0.08016301208488625651
3	0.00399336791651527107 0.00187024543350939698 0.00386947190746252502 0.98267146071865885126 0.00164024803142526318 0.00122675625294111756 0.00472844973948813654
4	0.19855096751744485961 0.14625500621622639086 0.06771676177444257982 0.14245328618521738151 0.22775433736084643721 0.02191618498909134877 0.19535345595673098140
1	0.01589752375800629683 0.84136515760857644164 0.00918112782937284197 0.05224199889018153048 0.01975347966372183531 0.04507529524105712004 0.01648541700908311494
0	0.76365651214348950759 0.13110068780388639542 0.02483787600926672459 0.04333035328025456462 0.01200189855507127930 0.01473579731511481632 0.01033687489291670696
2	0.00767686018980695984 0.00775075221513509775 0.98183439827576413084 0.00031440148216568651 0.00076257627488233645 0.00152774182388956572 0.00013326973835664285
3	0.04624926254309813523 0.20867947895799396352 0.00195905141541475886 0.68724453148547082204 0.03233601817970505748 0.01517820836181391596 0.00835344905650323849
3	0.00039378807868488598 0.01329116702653012315 0.00125925581240563379 0.97995461898841340620 0.00110864925368284141 0.00214639088802428451 0.00184612995225910377
0	0.28258835208471183575 0.25073878656954734501 0.05800585417451784020 0.26622193974725788523 0.03962131722204280393 0.06399604948420815898 0.03882770071771442927
1	0.01436014524062236182 0.81210050953047174804 0.00486735050748882733 0.10734931270350522858 0.01625796666731294665 0.01422390253577655861 0.03084081281482125084
1	0.00315952074242313499 0.54197573894987860488 0.00374250043549740523 0.42594867619446924456 0.00245124207546592839 0.01512750424481425562 0.00759481735745110281
2	0.00123221085696686604 0.00567792294844749433 0.83472970240265087494 0.02495698107513297584 0.05389229412414917042 0.01186826081177416205 0.06764262778087774819
1	0.00020507642097050769 0.53516684551185156327 0.44245838083512389893 0.01693061359992257403 0.00032214707522811595 0.00422862110736660531 0.00068831544953385437
1	0.04614323372661972844 0.84976380902093306968 0.01415431330289458611 0.05404503105256917850 0.00160188838443033358 0.00333943029080169696 0.03095229422175123368
3	0.00142108256590454886 0.00063694768431711709 0.00008309886423948359 0.99772688117318231171 0.00002226292620587919 0.00001144390839805574 0.00009828287775395546
5	0.01022262939595550493 0.05227811204545432244 0.01022339154563573112 0.00320508204479791206 0.01089659729235451131 0.90921343793467634953 0.00396074974112552332
3	0.00006744374484361769 0.00478238452256367179 0.00610669264536754883 0.98565926775588241782 0.00191110839330360313 0.00023855801166534129 0.00123454492637209206
3	0.09522081079264899106 0.20229189456703372541 0.05336707974549484423 0.50877513309973787514 0.07579808054855305399 0.05141802636319623560 0.01312897488333566141
2	0.04799372309152165339 0.06276871075309174708 0.65816969188060314710 0.19351147494065348842 0.01418300259334292698 0.01141251278529882042 0.01196088395548831548
1	0.00206782335515543836 0.84516467058649691335 0.00215481732845953155 0.14922773250471446649 0.00019965395060884687 0.00020320686009321859 0.00098209541447207786
6	0.08110268581523669140 0.18203528956659098537 0.04584685016494103454 0.23443711203801492760 0.10004889278065548508 0.03847977434591719204 0.31804939528864389908
0	0.99615933951688828696 0.00019329938362738343 0.00006145340634434876 0.00080189810316185753 0.00112342030923837663 0.00040471111311219944 0.00125587816762780962
3	0.02756437737916980421 0.14353405482486458755 0.08754877884422830603 0.59881977497146354761 0.07517815913643927095 0.03590387914715451045 0.03145097569667970605
1	0.00418518769357263069 0.98110270798781995527 0.00485649732558509489 0.00412079993453989650 0.00030123908496591377 0.00428894723836081675 0.00114462073515577854
3	0.16894501280309240365 0.09092746589452739558 0.14689013758995003722 0.39621488893134448883 0.07458827342985666076 0.10116289123690413998 0.02127133011432476295
6	0.17063897283726761622 0.00163571287727107121 0.00166106602997691038 0.00674479332714484660 0.02809704677105030052 0.00618066855955701037 0.78504173959773237979
4	0.00240523185650691647 0.00907747097134178373 0.00095955956557931203 0.00029349204613942910 0.92559157433411065607 0.00061113736144172463 0.06106153386487902374
5	0.00192777163435785119 0.01673320133147069080 0.02600456288271763006 0.04030371974073890251 0.04812538276155759603 0.84869722313593920493 0.01820813851321860175
1	0.00009198541018892293 0.99803792009802561047 0.00004383815355166267 0.00159940621632834721 0.00000481612735566341 0.00021753064164826939 0.00000450335290235830
0	0.64908269379449945458 0.01837888787894918774 0.00726994939809514230 0.04007126478320837543 0.01860205655588956231 0.01816971871804698782 0.24842542887131138785
1	0.00828951709354541245 0.48092933505695201202 0.01684132352831463342 0.13476026804208166010 0.07346708613297092683 0.14018400912067133235 0.14552846102546410090
1	0.06297895698824615418 0.74053522783466108059 0.01280391977535494386 0.07486455195685032260 0.02309520650304206640 0.08138734283104451239 0.00433479411080118626
2	0.01945518288891751046 0.04290737250928785412 0.89876073558592695090 0.00598365887954276001 0.02191567509590459234 0.00925250821003561694 0.00172486683038395759
2	0.00356221320707314710 0.00447712016344325482 0.91853849164224909973 0.00033455288517692460 0.04216481500985776870 0.03022743440366993523 0.00069537268852975002
1	0.00024840982084541009 0.97600440760796536299 0.01520945910389017927 0.00529906413162174132 0.00036807896502597480 0.00146265210844871512 0.00140792826220205946
3	0.00046777364716958718 0.00578729136457091248 0.00192275662449527588 0.92899860032649628216 0.04898186538328914985 0.01266306795313524095 0.00117864470084289193
1	0.03852443619179130030 0.41795360479437293488 0.06072845890205168934 0.03865561682879604249 0.10518533934259453877 0.07593302089156174495 0.26301952304883163825
0	0.46815780153022468202 0.13816892274943165519 0.15197361036833181847 0.16324702125912288198 0.03820689300392058479 0.01481015831557686534 0.02543559277339142374
3	0.03455306588077906166 0.12679736824714082921 0.03409610228648582431 0.69158590977575640224 0.02694152660239018324 0.04877764157369383902 0.03724838563375398176
2	0.00143024394636647031 0.25578256703919127757 0.34171970203241752717 0.02724755539526790490 0.11242745427787180501 0.00463862628305240256 0.25675385102583220265
0	0.36701084515038912004 0.21942110144125143156 0.08269543549386140779 0.06875177803490352402 0.04217852184998008985 0.15942854195910222126 0.06051377607051205282
4	0.00045551645869856702 0.01574461488704410189 0.00146792865310074196 0.00203340219582368725 0.97793562016519219871 0.00030646559714276038 0.00205645204299828837
1	0.00990993542170888822 0.98068659864431195761 0.00181846136400003926 0.00315681610339303741 0.00297283332138288886 0.00075619566106648441 0.00069915948413709964
0	0.37976374639884813433 0.20211911916891955876 0.05166596394397183351 0.05795435113999145016 0.13318180327469414381 0.09821464875827783103 0.07710036731529697207
5	0.00373061419210349993 0.04261826837127041800 0.02183167690524404417 0.00937838253697132092 0.00258911032309096147 0.90823412895801647338 0.01161781871330249544
3	0.00229766997448053014 0.00136384676853129106 0.00434208827296489984 0.98896015083337829310 0.00220475896151374950 0.00019807648071477557 0.00063340870841610878
1	0.00366759259020138766 0.98615570831712562327 0.00012116645537673250 0.00263558839956880286 0.00121690528455350240 0.00615435112066702473 0.00004868783250614610
1	0.00062165083465087723 0.99445370177265901557 0.00039253053764900592 0.00378940625113627491 0.00024063340299712726 0.00046802985850176020 0.00003404734240543849
5	0.00788672449674634492 0.00233038140443032936 0.00053942895568505160 0.00666927238048946151 0.01348435245583323901 0.96770807559910576590 0.00138176470770967185
1	0.01780802909835132661 0.83516018284116377846 0.00506989460643302373 0.03129237086378650057 0.00913467178814004500 0.08422853852024686505 0.01730631228187904519
2	0.00057987979275677824 0.11506996478909919945 0.68884103682442343608 0.02315368753492691445 0.07947334542903709831 0.08729310234335466157 0.00558898328640195473
4	0.02634081860430724509 0.10260799904777830049 0.01113060859152572440 0.07371009716231766151 0.44947712409479684270 0.29152043228255325458 0.04521292021672094347
3	0.08094549176906000454 0.07392110161542475577 0.00210524884130802335 0.82364948695065587358 0.00337076004849234468 0.01097042640254545544 0.00503748437251339953
4	0.00792533122340174055 0.00580407655216402460 0.16634687686490604031 0.02827512200344640264 0.68116448957222430760 0.04951115295936199534 0.06097295082449564335
2	0.00016128933811107913 0.01402875598449704331 0.96788890552528528133 0.00065333008499405881 0.00064470895253328762 0.01367225421919718471 0.00295075589538169175
1	0.10291461798751802559 0.75655205550679460735 0.00061452878866983401 0.13375400968968173543 0.00273851414840602277 0.00254195351968772602 0.00088432035924193944
4	0.00004457220915215328 0.00104371483482740605 0.00003010687653238048 0.00001591152223792910 0.99759915857020797780 0.00021410765877521773 0.00105242832826638608
5	0.00001825529539954874 0.00130159980005925134 0.00116676385832621145 0.00011740628026941714 0.00116754784407445866 0.99576485306374518114 0.00046357385812573947
1	0.01013460888425245059 0.94388326237836173149 0.00849433694216512013 0.00777596251506675572 0.01818572185659198676 0.00978243639374916894 0.00174367102981316758
0	0.99310558319336161848 0.00242362982797625663 0.00019868829975967908 0.00202889115440891372 0.00116512569949977053 0.00009779325129722312 0.00098028857369632369
1	0.02492646083423180961 0.59165597464227681623 0.01746620117783331122 0.17360018919657141390 0.02256598379322954581 0.11729956423268318721 0.05248562612317395765
1	0.02509132740895047078 0.54572645147341813932 0.03854672876093658690 0.32160341887541754602 0.01813833662112668971 0.04339957002890747206 0.00749416683124347598
1	0.00051916548621589776 0.99048360990661976633 0.00302430727147000354 0.00157238711111238965 0.00089631483124843168 0.00241076353681737724 0.00109345185651506943
4	0.13441781626124799098 0.01822615496755223066 0.01585751005445048406 0.14067093924890725076 0.47137524945681141819 0.20397800530043933009 0.01547432471059145311
0	0.71240252157198935556 0.05216163299845408274 0.05885858916809545011 0.13922786761887509521 0.01194908093270002220 0.01000334195995604934 0.01539696574993012698
1	0.00357579312417295953 0.99533444275604598950 0.00019620772277128222 0.00031678253564500328 0.00003537812966704235 0.00052496767315248145 0.00001642805854457783
1	0.00076838626830077192 0.61756701201365615805 0.32020027374989334934 0.00328633760226717479 0.00056753078846389314 0.05335472160789952317 0.00425573796951967363
5	0.37410585839487431326 0.04645293907572119185 0.01092340701911819444 0.01515476345038204928 0.07895383085052108674 0.45154666971139345577 0.02286253149798970347
1	0.08729333633141174442 0.49819682895581596238 0.04846422023084032832 0.26352706082750565475 0.04120614060644993415 0.04536203055679914609 0.01595038249117670254
