6	0.18362182599608331546 0.11948637232931216823 0.02474593641319679238 0.08308697482814556001 0.03053569647242686952 0.15275434149226055358 0.40576885246857480327
1	0.02206250249208367362 0.88512005672457438887 0.00621803547816591074 0.06035236940110870474 0.00254810978806291333 0.01035031938996452960 0.01334860672604026854
2	0.00522774286105736133 0.02227900729649218148 0.92910667564869942048 0.03243375266571755372 0.00277452520680082724 0.00604562364231483931 0.00213267267891809444
3	0.03622696557188603145 0.12551407099738504103 0.00313027290732632597 0.82933937516080724617 0.00029076347695724110 0.00332342356882504245 0.00217512831681261620
0	0.86183447440116267568 0.00102007545811378005 0.00315613362304543966 0.02137869636404155296 0.06033379551661815360 0.00023570579280013447 0.05204111884421831757
0	0.54982392662118162452 0.01683525104007200374 0.00315308298306386445 0.01051973236949618404 0.17838916755179018425 0.04096317395327412486 0.20031566548112200721
4	0.00018099514331076336 0.00352610878818948375 0.00040341843890325782 0.00115471809837818548 0.97978768161302431938 0.00003170262462448536 0.01491537529356953135
2	0.01724546755523636427 0.07578826835236909809 0.85947849153727451377 0.03357471960837190433 0.00414917440305477732 0.00743309231860136369 0.00233078622509174565
1	0.00560012886640265644 0.83280153139913126736 0.00031928441427553979 0.15858886453766710134 0.00146443169949190990 0.00062498119372817406 0.00060077788930299424
1	0.01166102340889748831 0.57266165052824624659 0.07310953375262209397 0.01982374040140124846 0.13408381885186129723 0.16475533100410921783 0.02390490205286316047
0	0.39106718476407625884 0.19828904682709966312 0.01352004322483814878 0.04077696122853103483 0.09469315704902900310 0.22411512419003395968 0.03753848271639178419
3	0.14398051264832306684 0.00572265280141152997 0.06607223967426897882 0.65091588306126191288 0.06765498363009418703 0.02176447827577342523 0.04388924990886694522
2	0.00408503541867500253 0.01982107150976019500 0.87167982735418103601 0.01572005502327419521 0.00164841064053659284 0.08671712837858248923 0.00032847167499088794
1	0.01043988519657664503 0.97587141908131680434 0.00049592761834105475 0.00678957378577153652 0.00031069891540250693 0.00502244200863846430 0.00107005339395210733
4	0.06150500901337523085 0.24344539325318020895 0.12281296075295598802 0.00656860459239498075 0.28312306470098974609 0.20175274793846140198 0.08079221974864235489
0	0.26953487113317931012 0.20812139516729444289 0.17127121255514934917 0.17339207959902891432 0.04411572600953351381 0.04176333443773250914 0.09180138109808166913
4	0.03300464105975363382 0.13723830722069130239 0.01540332855054290379 0.00156904005871359178 0.65916380689048381658 0.05164401509747174046 0.10197686112234277678
2	0.00272751046870671910 0.00512837740834078300 0.97027925270571047101 0.00050448614579736383 0.00063971763344143335 0.01843173341997231610 0.00228892221803139815
3	0.05507153226276574609 0.28796594518711726707 0.03527031766496743770 0.35910123255296144684 0.10785558309827153467 0.00577206240597343510 0.14896332682794291569
1	0.00008284454829786702 0.99583974427720745037 0.00021696081819097605 0.00323100214417331106 0.00010038299413823224 0.00015350136656918108 0.00037556385142299356
1	0.00258860257843198825 0.95637706695484947517 0.01741369656020558265 0.01090015348213948729 0.00033394560181968658 0.01031820193239443850 0.00206833289015884896
1	0.00051398962391391951 0.99151654086543961064 0.00113035360535613172 0.00135647031656786895 0.00008241033833548176 0.00523648751488667210 0.00016374773549960846
2	0.22163570889107014894 0.04137135670644592755 0.38604290742480534826 0.26798657582335427829 0.07162064659963585100 0.00816025184748941923 0.00318255270719908093
1	0.01035519253780815482 0.84843990478568720448 0.03350777494383649913 0.00654558817446279900 0.02587903627919368663 0.04122964466082787438 0.03404285861818379111
1	0.00046713921236833260 0.69721704616985391567 0.00380919519444483526 0.29538633791934598705 0.00055026366650125951 0.00024034970110357062 0.00232966813638223408
4	0.01456159266548463956 0.07259876711422358353 0.02247096158699155716 0.00463888154628321579 0.81013603739615036581 0.07379055543564004560 0.00180320425522686469
3	0.14690093633026940489 0.04639992216227542543 0.02980411159097904120 0.73388471119698017731 0.00152989479030269629 0.01517299943817526295 0.02630742449101799649
4	0.00490086695709790552 0.01038343386937025381 0.00148276165258384891 0.00031327844604713147 0.75099809592020061455 0.07060649312097092012 0.16131507003372824727
1	0.11015713288704211126 0.82843719542226545993 0.00497740549997654092 0.00347342323022395818 0.01578823418686436941 0.03221053418260429180 0.00495607459102346843
1	0.00277400797342163604 0.64385042371377121384 0.01244149143216092233 0.00043613569975423197 0.00638096239595320816 0.01408173596156927186 0.32003524282336887063
3	0.13275559311347076563 0.02719515874672445363 0.00712163903893020360 0.62391927515864231690 0.18243481844465497810 0.00030175742576730275 0.02627175807180953671
0	0.49894213530698161563 0.04194576398080759883 0.07554026273559982796 0.22373093342920805093 0.03511644763959981264 0.08051089922254764386 0.04421355768525549179
1	0.03554454305430549549 0.44526941414992565749 0.01988189085577722962 0.18364762740980045130 0.22028072109399760015 0.06173833722609892855 0.03363746621009452986
0	0.62597400403169067840 0.01997438290044369416 0.02790661546651704988 0.24717989822332295247 0.03329467185687008668 0.02535677160369557287 0.02031365591746006616
1	0.00275271012415736127 0.86311948762845103200 0.00411998985135740309 0.00734891238566821783 0.00775105965332720422 0.11133961027510806685 0.00356823008193055775
4	0.00900692164272287599 0.07353310949554121845 0.01117768493748697196 0.00252043596030288941 0.87138654590804642819 0.02697743105640452999 0.00539787099949556089
1	0.00097153617855567779 0.97339039108440195136 0.02204422505195435464 0.00050675503156945236 0.00025540855725778087 0.00154891080872333799 0.00128277328753705088
6	0.00596839150192500847 0.00069710313530564985 0.00179423186262776704 0.00048483635175331928 0.00020986080053124513 0.00195060430458362383 0.98889497204327292401
3	0.01934000592155101297 0.00188714877991728544 0.00447633519961760686 0.97098651579372841081 0.00048243074548396492 0.00110899231514869604 0.00171857124455285009
3	0.04494411929628489011 0.21949700193025575845 0.01870477291818721868 0.65307624735754599143 0.01659825507334430211 0.01316013332526773730 0.03401947009911420600
0	0.99541825870418254585 0.00098350335439620004 0.00026787631546364680 0.00168800726711564671 0.00115292427349227597 0.00040221049572956565 0.00008721958962011504
1	0.00352634702447263268 0.85042806927152236884 0.07307008907535507414 0.01437297377160266267 0.01462791348421845980 0.04348678993765504874 0.00048781743517380366
2	0.05882469427950180740 0.17765305086037649906 0.42561397308100568093 0.08471775471606161900 0.01370569428072845874 0.22275643715024243119 0.01672839563208364244
4	0.00526751246846489558 0.04953799389801680914 0.00632530100698830162 0.11197770335644029183 0.75353261967873896854 0.00868145852065862512 0.06467741107069219231
1	0.00391930345536037252 0.95670609251598281997 0.01168489169771680901 0.00371317532304951074 0.00108494681692779585 0.02229047226833436729 0.00060111792262915458
3	0.00338914534368874769 0.24522139958953712013 0.00381320945736475861 0.72012430992215115122 0.00314484338083411124 0.01800642604265152366 0.00630066626377224614
5	0.00089631248579504061 0.08515191885459139076 0.00282740640208342317 0.00004690021061932669 0.00257234579904397397 0.90836443762569485383 0.00014067862217199300
4	0.00028680288437511216 0.00142075828406600449 0.00026820664840940039 0.00225874296823011392 0.99269651363665789567 0.00003790771655527879 0.00303106786170554299
2	0.01062366636700635102 0.22987057390896342701 0.71455310208619016166 0.00087025375163509518 0.03559362477235519795 0.00543770057891562134 0.00305107853493514656
0	0.68455644333118403910 0.01897518487171023435 0.00307489052077350358 0.28238759486527553744 0.00220156361881248229 0.00553552893402110488 0.00326879385822320461
1	0.01819147698985641021 0.83174476622168036499 0.08036899354881259228 0.03758727005126476228 0.01176968658707635944 0.01426799412646752307 0.00606981247484252983
1	0.00202387625772673359 0.56706388401337082250 0.14647284310352332026 0.00057748469185218369 0.00150522449417005307 0.27273042238080197341 0.00962626505855434904
1	0.00917672568199908757 0.90960064304523258194 0.00144726637824953977 0.04967546250690567378 0.01037922325759645624 0.01178369655797733596 0.00793698257203848123
1	0.00413021671479141868 0.76470182751915294350 0.10863921896372970288 0.03029353862539102202 0.00904699725282469627 0.06806666730704960533 0.01512153361706062606
1	0.00213627480621070547 0.99214066449229043609 0.00083923038343245132 0.00348650821378457742 0.00055373161001685237 0.00077530491466435705 0.00006828557960028445
0	0.82564231429259626882 0.04743548714644742204 0.04495344556406251357 0.04817561104467113497 0.01539819263369738601 0.00463752257738826289 0.01375742674113721899
1	0.09290364447483116794 0.47980341062295178700 0.10600472915742609192 0.05227277917425932757 0.22500582516547543155 0.03107457120084235885 0.01293504020421378485
1	0.02350283875102162495 0.87786497817863506921 0.03241312394878263087 0.01241174789654934246 0.04339620546750188462 0.00776918335241977287 0.00264192240508982334
3	0.13614988240307582257 0.04355493655200685238 0.00420190792619610110 0.51596374209703943503 0.26921229222827830485 0.01383732274691446516 0.01707991604648886885
3	0.00060804898911769533 0.00013736394069011442 0.00003560464587196088 0.99918178385817102427 0.00000258760876380450 0.00000506406235888214 0.00002954689502680259
1	0.00904690783459115300 0.51390418840785123678 0.02606271569316093162 0.00016306685935326166 0.00802653854132010826 0.43982004911708461048 0.00297653354663836864
4	0.00000269249420400196 0.00002328948843682417 0.00002594413195372051 0.00011279987766425978 0.99969965369214208728 0.00000719319830336877 0.00012842711729502699
1	0.11929752757747578984 0.81714949726210706071 0.02940626489227639653 0.00463361450030468254 0.02489461705793643079 0.00302218182647648716 0.00159629688342289265
1	0.00217587570642289747 0.85506319369607108882 0.00076452967332782580 0.00953803188440442880 0.00075499691911890801 0.00861251248273607606 0.12309085963791875640
6	0.08284614010203400492 0.05150864823867060821 0.00686163547731219285 0.00172193450414808422 0.02193830803158561271 0.00159499459218302719 0.83352833905406653603
1	0.05143551019700343813 0.48480768473145119390 0.02668886885856185803 0.03056811794531836060 0.09544368495704264044 0.08375130818924318710 0.22730482512137928364
1	0.00619137005245186823 0.63714994296320826006 0.09417242674334688757 0.00501256023319221564 0.11601779547725292463 0.01751687068902108360 0.12393903384152697711
0	0.38929965001942257175 0.26601008490310557031 0.02790047324348480379 0.28317458066969686259 0.00847296527948829953 0.00475680999377259186 0.02038543589102912584
5	0.00089618553080677828 0.08420917459362958768 0.01164409155694217345 0.00075220987381678780 0.00842419545435511841 0.89294757200504026873 0.00112657098540956875
0	0.41716297055029899488 0.02146132076507680647 0.00911008454798822170 0.00083456298551560907 0.39893823804569822356 0.09553158023551701350 0.05696124286990516400
1	0.15679760747030785373 0.42168875993949744840 0.02006559854904052878 0.30007110228877076352 0.01436763806135319017 0.08495051526548662302 0.00205877842554362230
2	0.00128590978579898470 0.00011820222912631122 0.99690856983040876393 0.00016918228588875837 0.00075397172417228343 0.00073111300480437460 0.00003305113980165374
3	0.40176253566599334777 0.09532520272563914376 0.00615213872708713153 0.45929916112219026925 0.01059243895189638553 0.01851123119698969144 0.00835729161020415390
1	0.12313805582788002468 0.86835693980157435679 0.00175570003033336951 0.00122576066325147609 0.00031298297538968553 0.00488883777180548675 0.00032172292976560802
1	0.00723409224547503019 0.92422068168910742614 0.00382661692815261262 0.01228251073468303659 0.01620529147456387098 0.01900017127678727685 0.01723063565122979687
4	0.02744987723744519645 0.13038754283397621658 0.05173585038220786247 0.10702553393449384944 0.53111035076431867274 0.02945468024149904690 0.12283616460605928378
6	0.00023735108468334899 0.00006119421322445511 0.00025806737266712655 0.00006019755877713529 0.00357032926766796691 0.00033986546765840941 0.99547299503532060694
1	0.03299408644547619646 0.66661564215713076109 0.08539035599006505883 0.05113348842771171104 0.06479517107940664655 0.07457921247930744679 0.02449204342090195025
3	0.01623769718849775098 0.03891330404056559528 0.01050324474757615735 0.79642862978422579445 0.05319168071183533186 0.00982326098144182570 0.07490218254585759294
1	0.00046452752313538484 0.99643744024007729898 0.00065532492680405027 0.00144555900957783279 0.00009471170665116759 0.00088762147107106541 0.00001481512268359154
1	0.00451677897301307890 0.97056042345998005949 0.00067846065716045342 0.00543932067193419501 0.00027128037094563162 0.01530670389859558993 0.00322703196836995063
2	0.02412760829883414671 0.00635698377999408849 0.94035634137945978139 0.01029942764548080758 0.00224749646341461081 0.00285547941216230099 0.01375666302065380563
2	0.00006094531913391833 0.00011333616087827961 0.99736728873519409078 0.00006107628992233880 0.00137495888028703220 0.00097058763596260091 0.00005180697862024297
3	0.00098249862302992176 0.01631344258852703011 0.00006520270912507557 0.98254917724347712316 0.00001102962934112851 0.00005852400388865161 0.00002012520261141157
6	0.26611406023725237002 0.03512968530448517396 0.01066542184022466894 0.02190080233590243133 0.06711319727106333788 0.01727550763590242344 0.58180132537516948688
3	0.41984730565492345278 0.01206990486663297134 0.00973542671978350899 0.42803104745692677202 0.09348533561398987557 0.00769248660724764464 0.02913849308049562548
4	0.02248621331686618749 0.12616128024724329593 0.01670626819129210350 0.06656850828177532375 0.51013546738096149369 0.01203594098364556275 0.24590632159821609881
2	0.00074209233319907193 0.00096941823069881595 0.98622270247205079396 0.00251255333828018018 0.00326669977720821540 0.00569975072653095081 0.00058678312203209570
3	0.03357796879236652626 0.21081095334659574747 0.01778703576423350252 0.70782398133493062975 0.00236831795106268433 0.02731331849845158172 0.00031842431235883686
1	0.01257487801117059684 0.71192602121573211882 0.01028761284918359650 0.09721267086417244296 0.09024137610895177630 0.07459348112209582271 0.00316395982869461731
1	0.00552061923187568623 0.85719353297980060979 0.08726759565760212889 0.00416542307405128563 0.00718227507582951900 0.03701191716274525312 0.00165863681809607635
1	0.00044756810330171177 0.99324589381096828333 0.00330570767153346920 0.00218502943458633156 0.00013089815788862988 0.00045000278117741943 0.00023490004054387231
2	0.00426128390387379638 0.08671996693226594055 0.88758774681475893775 0.00271995122546361563 0.00039296553734467635 0.00749681061359569207 0.01082127497269670148
1	0.00591067626294641737 0.97111338674373737234 0.01277397097473305550 0.00310963343842749233 0.00484648075964374224 0.00167548939065750597 0.00057036242985431830
5	0.00331833908772581967 0.01268470071886512035 0.02791907059320123188 0.00075956562217911153 0.06250106202005396849 0.86214860402358439728 0.03066865793439051829
5	0.00934885284858466385 0.00642594583317241796 0.00213435965892388134 0.00265815610186896601 0.01206935166016601634 0.96516199546632785999 0.00220133843095678518
4	0.00048523973280562103 0.00521094911449276107 0.00045933976630250443 0.00055678342204119088 0.97413876334292415216 0.00094072877489156839 0.01820819584654230494
3	0.03128194145768515427 0.11410310691833520924 0.01110233931180172433 0.82888829051141443838 0.00095358777173620509 0.00668132185949370759 0.00698941216953348141
1	0.16689941026468127494 0.31425845050934408942 0.04146071000782557830 0.05562689597559344890 0.15955021712049158311 0.15686878263009196299 0.10533553349197219418
0	0.32612221322394230327 0.29813482826040549334 0.03951843764054976949 0.19066786887154760222 0.05723701962661337239 0.08317650235201437536 0.00514313002492690959
1	0.00246499639669543573 0.98840420221388025634 0.00026042869663658527 0.00815735608477619230 0.00026806464089624410 0.00033155475043202025 0.00011339721668386486
3	0.00244186508300705055 0.07680291430398453190 0.13476837041300659958 0.72203571927853149592 0.00822258236764363340 0.01855200432842995031 0.03717654422539728998
1	0.28955941257381018206 0.40872036606922990121 0.00618123702968313444 0.02743581750160811045 0.16676865382410566152 0.08832953866804175991 0.01300497433352127558
1	0.01040719312187540421 0.78988610759022392926 0.02469133885771700176 0.05721602011589938669 0.00344457834274309498 0.10932835829811356210 0.00502640367342723111
3	0.10991315335885901150 0.31301023071494055161 0.00869371875987966225 0.53643894683954285174 0.02015609732498720164 0.00329755617772955556 0.00849029682406170390
2	0.00002704672564994293 0.00437532284132291505 0.95967689070589012879 0.00013981937337469445 0.00012312225871734933 0.03565667575332123751 0.00000112234172502401
2	0.09070702898111936141 0.09906914202216603182 0.62883565854605028012 0.07030630482075117538 0.04613740406586434861 0.04664429443012251680 0.01830016713392637259
2	0.04624017516743694767 0.01592735277081707562 0.83569379138025201570 0.00217167772990201936 0.03376419603404081510 0.01075150393491070173 0.05545130298263994950
0	0.96062534000324417693 0.01297558810083995068 0.00481266708230098424 0.00278211013766550266 0.01250417391737155930 0.00456359913099687372 0.00173652162758078073
3	0.01846763054803671200 0.01319305672681899896 0.00070788378768557949 0.94593624112308605234 0.01035891864245931139 0.00457290109089321817 0.00676336808101999677
5	0.03832798732098545436 0.30566104612303318655 0.01874021246514668768 0.00647719955814101984 0.08965301205457458511 0.41635949344367340075 0.12478104903444567353
1	0.26353050874377498269 0.65420600804662176753 0.00504343021749237286 0.02877083337577989591 0.00248392040249902340 0.03348315643576760953 0.01248214277806430905
1	0.19765797127138348688 0.47531420796449730393 0.01048500796598133590 0.04735281140967680102 0.06931899757750409341 0.01298568311415659003 0.18688532069680030556
5	0.00054737006679039238 0.00203137446095706317 0.00623370269429194233 0.00318414154325703759 0.01168788889221022281 0.97456121264231665435 0.00175430970017668997
4	0.06360937916541078985 0.15815286004437978384 0.02849030614437063347 0.04506534129410378481 0.41777697962095183826 0.00370352274202327345 0.28320161098875973327
2	0.01532615400072445677 0.00423443146739262144 0.83474055021613746685 0.00198299311271822772 0.01291706583113936754 0.12126892552972759476 0.00952987984216046614
1	0.01888689474819781056 0.89726932547691484743 0.00060108552270871486 0.07435957522614823623 0.00507539911091294503 0.00331786410165394634 0.00048985581346297567
3	0.00187452600010841138 0.00393929540945010554 0.00715281778948772661 0.97259893008877007503 0.00504406561129486491 0.00038806285962677682 0.00900230224126251193
1	0.02907725160608550657 0.72946255503685109023 0.00433632706621891670 0.20293972572700488821 0.00902802231387810593 0.01565974613484499497 0.00949637211511691719
1	0.26814159040698259950 0.30952995640182284776 0.00355742239312323988 0.02138985569334754880 0.14665234919372030498 0.00707424837362800613 0.24365457753737551627
1	0.00000709178400692991 0.99990098978695951537 0.00003566769359550856 0.00001451031146870732 0.00002477589963104982 0.00000576976203811644 0.00001119476230125918
5	0.02887614342774194945 0.02008763722653754413 0.40106639635193502835 0.00064546820488719299 0.00015586260514312083 0.54875040802456453992 0.00041808415919019666
4	0.14638326484915431536 0.06690323119535669660 0.15524743678718985751 0.03742570179690233451 0.50656279884387966916 0.06609261322013616768 0.02138495330738127490
1	0.00052122725302592538 0.99922888819058486298 0.00001793001334799792 0.00008791021898858893 0.00000586252922868429 0.00013360763466596729 0.00000457416015747854
0	0.52049560312836706810 0.15317081594684428536 0.05255261708307035207 0.10437042803302513938 0.06822685599571931547 0.01720261246977589434 0.08398106734319818467
1	0.03327556808245313996 0.78653717006767009945 0.01611871669907901511 0.11104621273824408223 0.03457539574961451118 0.00887073367002504803 0.00957620299291382301
5	0.00328787438138725564 0.00066881610533484721 0.00075516262161258636 0.00246497358721053375 0.00005683140979265280 0.99275607285219324982 0.00001026904246866011
4	0.00249114391702715161 0.04562092328563722293 0.01279492967452963877 0.01310091850650753689 0.90752718260811315876 0.00224909586766444897 0.01621580614052053546
4	0.11616799350964029935 0.01224089626359727706 0.00566097073214530660 0.05767132625735153784 0.55898441240274443498 0.01359272972376391123 0.23568167111075732922
1	0.06625326879996272511 0.37441916166225824858 0.17812814068891155705 0.02870386213484815707 0.24176698688709125085 0.09317485368140773772 0.01755372614552024035
1	0.10671757378405885563 0.58257471792688708678 0.00927781287867155899 0.25759796068159718230 0.01408753780823622341 0.02191856380883287075 0.00782583311171612152
4	0.19832849965077081755 0.17667690590306989185 0.02889623470090151719 0.00553426639104413146 0.31519559517725848075 0.26939321972443192044 0.00597527845252345154
1	0.00731652270902180893 0.89756963154441304908 0.00076403430152168080 0.00022024303175845878 0.00009909730823504625 0.09364585335163425062 0.00038461775341615951
6	0.02382463439325394408 0.00225525657858168796 0.00690914340873466370 0.00104181922305575424 0.00160642855050777827 0.00146324795539329875 0.96289946989047292547
0	0.69049753436486094316 0.20799483977386298839 0.00407032655309516947 0.08025111705628870662 0.00375151412029073187 0.01256993960292268273 0.00086472852867873950
1	0.02005618281609803169 0.96705720495756497535 0.00130390143689284514 0.00429357363160016558 0.00469550487243751598 0.00097929783226585526 0.00161433445314028813
1	0.13238430403238404809 0.41325262499523945925 0.05552565070737087299 0.18541163437190497087 0.13377775143024039917 0.05766987972797456286 0.02197815473488581861
0	0.83281742824272697590 0.05628543269864284826 0.03376601523544398020 0.02925325058890749022 0.01565129388898284929 0.02471747971975886068 0.00750909962553679942
4	0.00034249533489948548 0.00156326635384807801 0.00083027147481604319 0.00005968978767995679 0.99388587104692360796 0.00182055853779935985 0.00149784746403468249
6	0.00850835069770215953 0.28347378698918779261 0.15784826739665991369 0.10636263121463715442 0.10524981301590766170 0.00668977731875749094 0.33186737336714738911
1	0.06707986439904038700 0.45337292736494577694 0.03543486352884323010 0.12723182103887881178 0.24592800554570004579 0.01847136707874095021 0.05248115104385110002
4	0.00021082375171766867 0.00069896052724766273 0.00012031785210893909 0.00001972584171405872 0.99702439253181363021 0.00050750222583471926 0.00141827726956139525
3	0.00161899550617314878 0.00191242678101934192 0.00085201635979447669 0.99544774349340059416 0.00001850671601499896 0.00012595081520988733 0.00002436032838690980
0	0.97879481007539304027 0.00060036669947236248 0.00002746290856611557 0.00039716343086113948 0.00110744515221834500 0.00018500703729586369 0.01888774469619313237
6	0.04971907267205671194 0.02248138830058816345 0.00398471100559922350 0.00669683190674907718 0.21708094966780339119 0.06997683470174148601 0.63006021174546189556
3	0.00209318571778583512 0.00505881587819288943 0.00644812142049747909 0.98590745515623634532 0.00014534330649547923 0.00029748138528424119 0.00004959713550714108
0	0.69888910434458428877 0.17491355647551767860 0.00490926721272201896 0.02267012220405385803 0.04530228147161596136 0.03032038689952297819 0.02299528139198314322
0	0.88924248075056255836 0.03664194484434615817 0.00609050520185690746 0.00382972520024151952 0.00894197539772181513 0.00932741843021696153 0.04592595017505434613
6	0.17230315458820089081 0.10197982857826835834 0.00345479503634207874 0.00216290062797993080 0.01563591437154446956 0.00566891844676920085 0.69879448835089519321
1	0.00238938104826025115 0.96837172596470755259 0.01052243396741205962 0.00141461953829890544 0.00009778705510399385 0.01539183956237911814 0.00181221286383949267
1	0.02433360601254822356 0.93157268103578716456 0.00739035571781341931 0.01176968111972847078 0.02074031415392431008 0.00182064936583110773 0.00237271259436754121
1	0.03254877584980042649 0.85104227013532196544 0.00633931504312184712 0.09461646236481359440 0.00223375040384273015 0.01189273181198500888 0.00132669439111411029
1	0.15999282232805991932 0.30893631181766956217 0.28483732786838922291 0.02356857548214709788 0.12896627563516699366 0.03800810713641816080 0.05569057973214911611
3	0.24985068956432249232 0.01566267699391351437 0.00040560965056981669 0.71337443160067037784 0.00496787171661156393 0.00540116522034876645 0.01033755525356334394
0	0.97454307149752816830 0.00130036232376319117 0.00162686255170651052 0.00104066222852476544 0.01606494890533356756 0.00046283327421535307 0.00496125921892859572
0	0.95459372614869741902 0.02306720280803148740 0.00018421044686582139 0.00566290162583829061 0.01364354984224892299 0.00214349952431104347 0.00070490960400682772
2	0.06224147873270471226 0.00916407089666927861 0.90744608814020766285 0.00057761568289471839 0.01010221068581106975 0.00965132059802405358 0.00081721526368864019
2	0.00156804002078128005 0.42155242544023052709 0.45587852237148351886 0.03774591295981926525 0.01059947390100421036 0.06692154409246930946 0.00573408121421247179
1	0.08924942905302436780 0.41983049075550205043 0.03733056838647800385 0.21542611395800415064 0.11137532938865388199 0.09631927326682195034 0.03046879519151582741
1	0.07963405663569723958 0.74905862434942294126 0.00327250291761343797 0.03428267638589498068 0.09942118024306093038 0.00493746690119003379 0.02939349256712062847
2	0.00673294655002746115 0.00340662322445979288 0.87833863344761753389 0.00053175475272625530 0.00738394425228176485 0.10217829079775667123 0.00142780697513106574
5	0.00925557000015047454 0.20301415687668533661 0.00446517911295337896 0.00253344202472732078 0.00300388198981589409 0.77719030176469716675 0.00053746823097019451
6	0.06719613225148340918 0.03743079182918202658 0.11564321951082716378 0.00675595171735869551 0.02795526789622916272 0.02780889813981270858 0.71720973865510695422
5	0.06748767915156030084 0.00885053955681464923 0.02001335911021811381 0.07747335664228857666 0.11676505931757868995 0.69088102076302282395 0.01852898545851653853
2	0.00168474808761092895 0.12185155433144694015 0.64282176561088621991 0.01877701665513621665 0.09971106201921788037 0.08262006395699969530 0.03253378933870276768
1	0.00027396861244437899 0.98779909689043976506 0.00683603884234110486 0.00103333532601915744 0.00012112161167571885 0.00383190139727366099 0.00010453731980718054
2	0.00060018994249422686 0.00059779089647038518 0.99575914763849371347 0.00050943695342289277 0.00202058035156616996 0.00046480630205029803 0.00004804791550203917
3	0.01719454119022662680 0.13248706645746419208 0.03804247206354945815 0.29104097300814379956 0.22799340758013841857 0.19618499099640818173 0.09705654870406954515
5	0.08539703408020503372 0.28403060844460042977 0.05035469093802695528 0.02751663664656278305 0.20774640043090744634 0.30687763218722696745 0.03807699727247026295
1	0.04960257075806497051 0.66339339211160186505 0.00752777450297769431 0.01587263509621421667 0.22899424199618262366 0.02900586059842592476 0.00560352493653287851
2	0.00000151680562692580 0.00001717462610534940 0.99994387545471918877 0.00000691086540469952 0.00001580206878897514 0.00001032657996010928 0.00000439359939366666
4	0.19698066130644920069 0.12602254613120539295 0.07911301219664172713 0.18044575189511163904 0.31697286922963624489 0.05789912429164836144 0.04256603494930746162
5	0.07294816887274166439 0.34980247006265263732 0.09687647261164512857 0.01500937204573126252 0.00762177713552522011 0.43313012055207755768 0.02461161871962630476
3	0.00457037740876605446 0.01141866718690925410 0.00108445670168606139 0.98240843210000539099 0.00034995317636769753 0.00008918304011874209 0.00007893038614692342
1	0.04785626930730561834 0.89285937322207553635 0.02223202210408913027 0.01266182254939573169 0.00299920556012148870 0.02075719207049374695 0.00063411518651918647
1	0.01481589336418145768 0.92788265090477606289 0.00156392910682186291 0.00180645128199994395 0.00179372074484165055 0.04214038613979703696 0.00999696845758212861
1	0.09376433844766016157 0.74303495802029451145 0.02262449414676457812 0.00271435757713152023 0.03332889257902887925 0.02756475428117363333 0.07696820494794620604
3	0.00538815058228822932 0.00121350227437024612 0.00366250826208864557 0.98466499623174885691 0.00109702534926445997 0.00043939804292945174 0.00353441925731083195
4	0.20181978374885867211 0.12900397907217750482 0.05418115813620444365 0.10372932910359811132 0.31322820660157463246 0.01453768982815549157 0.18349985350943118223
1	0.02221851517910373996 0.86848986235718073079 0.00703461004629362188 0.04694017883863131624 0.00921227466835831781 0.03033889225062324363 0.01576566665980903142
0	0.82554768258661603841 0.08975417846074831840 0.01649916490559166782 0.03511311716451533116 0.00828765916374554594 0.01159989107776984024 0.01319830664101365528
2	0.03033651333599851618 0.01927813455419961561 0.94472985247728324953 0.00192815430229667582 0.00110507359023636178 0.00245162934652433341 0.00017064239346144795
3	0.07489373761483307523 0.16734435749690804163 0.00128092328807350104 0.70759861905285570405 0.02971062679264182410 0.01498310859968765042 0.00418862715500054137
3	0.00049251764272883374 0.00886983419955347102 0.00038664254745638803 0.98872503869427563750 0.00032000900617655634 0.00061689176780707069 0.00058906614200208290
0	0.39655514946893460904 0.23414603741065409537 0.03335162556487607233 0.18970587583042045066 0.03171801965919979205 0.08788899420787080197 0.02663429785804417513
1	0.03055285226299134238 0.86575779060898250261 0.00247031191145293677 0.06561755831037630049 0.00813565171477818004 0.00747403905195507482 0.01999179613946384590
1	0.01025096283054847263 0.48356884139205746909 0.00370698236027132162 0.46650001504788740636 0.00140111226841556661 0.02030481888766743834 0.01426726721315274733
2	0.00240234419881818831 0.00293432529450100843 0.91200822968765515864 0.01284466910291065349 0.02019906357766391991 0.00538230231690882844 0.04422906582154186722
2	0.00029035409662735070 0.22743857036360776158 0.76138198040882398843 0.00794834872827844020 0.00011010904074528005 0.00246239414645160488 0.00036824321546457053
1	0.08736011463238649299 0.81948607874763168546 0.01197641632139108403 0.02255983310695820407 0.00167898133288922656 0.00100447987669586083 0.05593409598204829997
3	0.00047333144370183565 0.00022590863085717938 0.00003970392569283193 0.99918272666003526972 0.00001695504504736436 0.00000498625337833237 0.00005638804128663520
5	0.01871747416516969867 0.01995675329541514442 0.00435373720206898296 0.00120077692081443704 0.00153259294233732096 0.95279018877901500151 0.00144847669517916226
3	0.00021905242320532014 0.00630499101488674833 0.00187187007782837101 0.98947490319624897825 0.00134178640689657652 0.00008634660976835163 0.00070105027116515158
3	0.13718861476533802946 0.16457192358030808821 0.04096524912498963888 0.53867848475489366056 0.05913795275315714139 0.04877393725814894304 0.01068383776316458519
2	0.07435829257989078067 0.03877515380030346209 0.72341887009330019254 0.13620279707846894013 0.01351550172375132718 0.00542342496772668485 0.00830595975655824652
1	0.00156346273181408898 0.92028771441370793571 0.00117123383080292780 0.07577909305620707248 0.00013535491616311837 0.00019184466063661081 0.00087129639066824073
6	0.08938730247680863605 0.11764982091017048282 0.01997901512679417166 0.13852873309859323192 0.07131263198497829470 0.01455471347400010863 0.54858778292865506554
0	0.99508683005314757519 0.00035767042695598780 0.00006555251254134817 0.00073401696614210673 0.00186803289427568860 0.00074025165018802379 0.00114764549674910136
3	0.03860993720239610377 0.16549005965165855536 0.10285956374693303039 0.55686535732885833472 0.07278328449618851059 0.02707453705842419872 0.03631726051554141216
1	0.00625765539799975901 0.97309980345187285788 0.00794290053233093207 0.00576465341713266327 0.00023727359734621804 0.00504457495977860253 0.00165313864353898552
3	0.17292622275562485878 0.09697870241504967515 0.16255315911981488286 0.36524752294046086698 0.07689605707463535722 0.10754204916103286827 0.01785628653338165381
6	0.13692535412334258527 0.00062270355846638799 0.00073266656095294618 0.00311658895866928892 0.01373107749217878509 0.00388428942189471705 0.84098731988449526575
4	0.00564715993821824323 0.00202271607094310982 0.00190715310147080200 0.00012218171438889663 0.86280445719565734830 0.00075429921910479447 0.12674203276021728248
5	0.00622524747690841700 0.01199035963767874219 0.02587585951231492418 0.02711674699435531743 0.03984606544689948265 0.86973950198950789048 0.01920621894233554700
1	0.00001228814311865916 0.99961361210965893331 0.00002910722774257532 0.00000839804287626563 0.00000939333747881095 0.00032536000019402976 0.00000184113892971511
0	0.68491598432507783123 0.03354794732998395146 0.00819668318447227401 0.06018286270479162453 0.01889474811180538380 0.02818412421998385542 0.16607765012388528425
1	0.02205636277657732278 0.40184110919408472240 0.01573123851988129582 0.06636877686600874127 0.06221081335470452639 0.19920899477321968307 0.23258270451552323643
1	0.12884856541722036760 0.70253036085833153734 0.00725909211738648072 0.06046876841901917959 0.01349342240368194869 0.08438118657385093591 0.00301860421050949377
2	0.02466314299385382811 0.02372001518186379887 0.92531097319486221853 0.00225939316042162537 0.01849205674832137686 0.00467675450554504071 0.00087766421513178771
2	0.00761891494173028497 0.00651230542408169372 0.89058790211822225213 0.00114230683365557821 0.06024696789034626049 0.03318950581458640636 0.00070209697737804767
1	0.00100185527405649783 0.96940958840115232231 0.02341937260652649649 0.00252084926792232270 0.00032522178187727982 0.00147499877717127020 0.00184811389129313909
3	0.00099773627589392570 0.00458797643984663623 0.00102024241235233845 0.91127899309436199982 0.07063442523984239663 0.01059313535391467366 0.00088749118378744069
1	0.07183567836122457806 0.43732126859611053504 0.05926330148649597979 0.02671651324777485695 0.06594505481410385672 0.05952773381621324911 0.27939044967807713515
0	0.50278829249946732638 0.16303671345834519490 0.13606464256735334439 0.13151453755403955115 0.03003810728284936338 0.00995246564247240229 0.02660524099547300833
3	0.15329688086156786908 0.08646257571933753383 0.02423808831760349697 0.64094640382753542696 0.01599074373603351015 0.04587697670786437115 0.03318833083005756635
2	0.00164675240798798739 0.30606240755685715227 0.31382143801719225573 0.01235435565458054517 0.08496469012769110318 0.00371454032960882863 0.27743581590608218379
0	0.59210300795047010602 0.14284176085453106908 0.03661890558028810944 0.03494633301789983049 0.01865438136988915169 0.13473008947387554723 0.04010552175304612360
4	0.00096111223793879407 0.00873341686831021098 0.00182106342437988035 0.00168724958906408011 0.98484546401946171379 0.00055440801898254497 0.00139728584186314697
1	0.00802712652365841425 0.98761488124943941358 0.00093033061337368663 0.00160443967770314603 0.00124935809666821065 0.00040500498336554827 0.00016885885579151166
0	0.44660403980557877857 0.12506642665294878669 0.04860225413068147010 0.03756154302102943793 0.15025919684723887393 0.08163913325899616047 0.11026740628352627027
5	0.00294970549662102897 0.01508361975308450051 0.00715669124599259930 0.00366079446846845433 0.00093676697885829261 0.96465316995709782244 0.00555925209987659288
3	0.00598156323620657130 0.00342485497966286793 0.00271394410433191489 0.98570735734745540402 0.00153153811519045227 0.00007458287931097375 0.00056615933784217426
1	0.00599112144921048508 0.97058725275127477605 0.00016384641069829589 0.00503244576735625837 0.00102814285686246803 0.01714704828435188733 0.00005014248024663370
1	0.00096867070772879054 0.99637266420461412242 0.00020193514390875756 0.00211839569670027941 0.00014139852179804002 0.00018704772075306175 0.00000988800449633563
5	0.02411947060259230988 0.00293697142215730740 0.00059436088465958652 0.01181974910113190065 0.01110663705680381939 0.94708907533427277858 0.00233373559838213809
1	0.02809766178390353183 0.85270732737216947683 0.00373378985361430028 0.03118589181844167585 0.00548952666512328609 0.06496912962984972839 0.01381667287689811521
2	0.00149319404167308728 0.14044851280363948587 0.65310768226044568774 0.01981347933147522070 0.05607741975360135134 0.12518853528882561976 0.00387117652033982596
4	0.02726268933131905867 0.05403479695840403968 0.00698037366752493702 0.03543718261847004364 0.49792334803907034591 0.33395479486605617048 0.04440681451915561018
3	0.09286227471995099625 0.10776044647749087602 0.00106939043300524552 0.78240552052707557085 0.00145631770100818894 0.01227238651652339495 0.00217366362494520035
4	0.01025525072859504935 0.00394291767980878196 0.16619358395298369779 0.01102118639609318308 0.72694231591287739036 0.02332770933906644362 0.05831703599057579124
2	0.00017411884447794503 0.00927362533067040140 0.97820127340837659258 0.00027431802439219357 0.00019696690312567160 0.01037873542917569503 0.00150096205978085886
1	0.27204399673212814603 0.40531570146356676876 0.01637441555980660365 0.05060686453641960458 0.11471434782952757980 0.06494483867834577318 0.07599983520020543726
4	0.00011946574473861847 0.00041468064613349600 0.00003726591648372329 0.00000515965055466860 0.99814075702913473975 0.00014998829163464912 0.00113268272132037852
5	0.00002206528578712444 0.00060090884825613573 0.00058625463797776884 0.00004138176360614154 0.00048432982300974849 0.99795734075734732205 0.00030771888401549835
1	0.00744942331280706079 0.92719885458057649252 0.00752204570596891244 0.01068742743230266003 0.03010192918925812949 0.01455537286652149216 0.00248494691256480760
0	0.98774905510998367575 0.00457348828117974410 0.00033945487519469563 0.00323923300874323118 0.00209608591015800812 0.00040090640348935751 0.00160177641125135552
1	0.03925747541139081032 0.66562440588944549180 0.00762504514969445345 0.08295619094270645366 0.01768002849038528834 0.14097654957518696017 0.04588030454119029766
1	0.10444457913559754281 0.56737276317509865997 0.01172248075207359130 0.28815700008538169818 0.00822575617900960995 0.01506780063884588516 0.00500962003399330405
1	0.00168058195787514574 0.99148338637809341201 0.00208455967111382742 0.00065674785086721518 0.00083658229631911290 0.00267516495614341298 0.00058297688958745418
4	0.11495370570398544263 0.01138492002427145787 0.00646359182655237979 0.09583808440041891030 0.61566448606839707658 0.14285006155364896041 0.01284515042272572037
0	0.83651763172409965286 0.02367588622474037577 0.04170120455899044287 0.07817320609714797919 0.00521950516489845442 0.00580649695767837277 0.00890606927244474295
1	0.00703793060866323306 0.99186020427065424432 0.00020423717068800230 0.00027338445603117181 0.00005024315620291752 0.00055892744525579163 0.00001507289250619101
1	0.00147187292275896054 0.48922517580404262239 0.44379463865332385852 0.00258771777614661422 0.00014294674652470229 0.05981136971887499737 0.00296627837832795895
0	0.52656730648034932862 0.01548093163979048260 0.00587883454046064704 0.00693085892374364562 0.07178753853240765759 0.35885783986276126312 0.01449669002048690862
1	0.12275775671238950415 0.52849158075863000850 0.04200963423022932575 0.19618452088014548540 0.04958054505448218630 0.04891905745438019509 0.01205690490974297736
