1	0.04557499536900856685 0.53603532676271636870 0.11419973659292310952 0.12460446543975210731 0.08357479754807677075 0.08628039210926037594 0.00973028617826276684
2	0.02145619604848864742 0.00086283875796116648 0.75580605432795477938 0.00053192690251882622 0.05693944425058429515 0.01792791709748319667 0.14647562261500920999
2	0.00414655469519524533 0.24456772028761333826 0.55458308250358712144 0.03247419623191824534 0.08077151801315511637 0.04257051274742822133 0.04088641552110237193
4	0.00650491997687731912 0.00057622738443750788 0.00676606264202097435 0.00372934022240394535 0.97133706128854546691 0.00963385540652828692 0.00145253307918619275
4	0.00070020945919496713 0.00786519772841281703 0.00142859873145463503 0.00335207644479657398 0.97917004629432446983 0.00380358662423878899 0.00368028471757700674
2	0.00719678873523716192 0.02550634943479571440 0.75107336734445284687 0.01898634568684623089 0.11209178150381052252 0.03710220604491737406 0.04804316124994129772
1	0.09280241691227809897 0.63840296640276095186 0.03512990718002517027 0.05039632244495331065 0.08500094758019928476 0.01806364997624271967 0.08020378950353995728
0	0.47370942708506663665 0.37707697766838316200 0.03661696540139641048 0.03813474758010215737 0.00260468796171134083 0.07025857309944119611 0.00159862120389910587
2	0.00024535320475054862 0.00225258452208066838 0.99529518265999783466 0.00013836823091027673 0.00169864991623569473 0.00024817825682255671 0.00012168320920092531
0	0.97268182752222409615 0.00112030190196638979 0.00359504659923690637 0.00474459808187215320 0.00461021083821368163 0.00531023454492389035 0.00793778051156290333
3	0.08182925399211783690 0.08793568003099819230 0.00801090274504872787 0.64077339666832178189 0.09132523969576188116 0.02130008988152323063 0.06882543698622836659
0	0.33105630644600120283 0.25576628836047959892 0.09216891073970434611 0.06573098137081984094 0.07509744756419181599 0.12120152333912373455 0.05897854217967945373
1	0.01715453111040017922 0.84868876169233598006 0.03440405637575177922 0.06694554780034712993 0.00186744012232126048 0.02445701405242331483 0.00648264884642069800
1	0.10607764127820006050 0.73181294615288139394 0.15979444107690599086 0.00012100282691075477 0.00112936552795615580 0.00024395731214539766 0.00082064582500108812
1	0.00005305590055128451 0.99736434378656169120 0.00182027145476897512 0.00022986317150569871 0.00006869588518803510 0.00028601922679738923 0.00017775057462799743
5	0.00850941677967447657 0.03829250719446277568 0.00466411479992749362 0.00608707844648877141 0.00276288647220567559 0.93385544426695099585 0.00582855204028962220
2	0.00005672899739073076 0.00002433412923856628 0.99836435137023671338 0.00004635234021427479 0.00094662944369444354 0.00024774666978383036 0.00031385704944159520
5	0.00010922374334516889 0.00003166042795900105 0.37817821561549169740 0.00001594597792283983 0.00018345773568681251 0.62110869087278985923 0.00037280562680609681
3	0.00019354204356411282 0.04930130798191675878 0.00147785387865847205 0.94446275073546404055 0.00060194436100372245 0.00175163418177427875 0.00221096681761887015
1	0.20318761938705950931 0.24315617503115441456 0.08468790055808766981 0.08486838946209274148 0.12688997637512378081 0.16692728923091290638 0.09028264995556888051
2	0.00000270076901458398 0.00005861757988591448 0.99979945074188725229 0.00002084870139363489 0.00000322313764960926 0.00011303448278922416 0.00000212458737887260
3	0.00187158118809858530 0.19187630872121219650 0.00067124947130663896 0.80229116507901598876 0.00038608381917815403 0.00209470057783466262 0.00080891114335303674
2	0.00418976534607893528 0.00566477977722467003 0.80991471680162574476 0.02271887195979529692 0.15030184469480531440 0.00645987836216678490 0.00075014305830294525
1	0.00027981062821566419 0.99149189540906967899 0.00432708890117911894 0.00112092003123725895 0.00069528491917992077 0.00195644590973213491 0.00012855420138553568
3	0.04172118078152072668 0.00562248058204235530 0.01485133506024827708 0.93463288991278159479 0.00030989509219318817 0.00050085841065573204 0.00236136016055778393
2	0.02132589912006936650 0.39250505961111847864 0.55084925152211416943 0.00557864251700844124 0.02167843129781939215 0.00639036778121954141 0.00167234815065075417
1	0.00187198431014269639 0.97581254129531669328 0.00150059298399797948 0.01994989820724826779 0.00033473646961190386 0.00042059990048793630 0.00010964683319526083
1	0.21978029168721041620 0.49938017490977654189 0.10384862963031968319 0.08681195726276987046 0.06579547721653912495 0.01169504333758155171 0.01268842595580245078
1	0.06424711693924631262 0.31209139561920556938 0.18494371329853950825 0.05589436069212613822 0.25852321005774286933 0.10315899989333621178 0.02114120349980334185
2	0.01465270023204739286 0.00111583325582432125 0.96510866155794239329 0.00059918122865239049 0.00827062884895775514 0.00970749308753670638 0.00054550178903927445
2	0.00138082661114610652 0.00007312917498821901 0.99581406811000960921 0.00027218578146921755 0.00167831560428004949 0.00033169362998471976 0.00044978108812250626
1	0.05274145415244393259 0.80651639698071264650 0.01151095316733961524 0.11309412421433076568 0.00678332792266185536 0.00719860115298767266 0.00215514240952351327
1	0.00055724804762213420 0.99763744989991143264 0.00087336276280746946 0.00025686629058987016 0.00022667664464314692 0.00025821623373314630 0.00019018012069374046
1	0.00000845253224957623 0.99979219854182688199 0.00005765899398777744 0.00001398220389640306 0.00001553302301376673 0.00009521620509739822 0.00001695849992710007
0	0.42294325093281676109 0.03386191453205426860 0.05516461830859144960 0.39649155854699308366 0.01660665741956025149 0.03828154147212018549 0.03665045878786398620
4	0.06515798772519257320 0.00576474753808834534 0.00753624540487150829 0.00512762561647133342 0.89443128389458970151 0.01072282443123082248 0.01125928538955566979
3	0.32388902963034521543 0.00371495732716736011 0.00616453666693977682 0.66089197233184482361 0.00414639980998003470 0.00068227322039772996 0.00051083101332489729
3	0.03309606417463229616 0.00264972536773688079 0.00237852276586308659 0.72419533931709234587 0.23173077658775873000 0.00434023375097725237 0.00160933803593894635
1	0.12577805708188113942 0.76207762697050296374 0.07190013120880181519 0.02220526292101303312 0.00108119351044856757 0.00156843368655258122 0.01538929462079986939
2	0.00002023217380472701 0.00000973091115518369 0.99955014441300316097 0.00011417501964083786 0.00007505935206249164 0.00022030946070619744 0.00001034866962901418
3	0.26378739306978893353 0.08401059679926167756 0.04132441558908524215 0.54911251603516031405 0.02604506072565232824 0.00986633152570228454 0.02585368625534931186
1	0.09346926845427318276 0.75321171730773861519 0.01434577798906400310 0.09197345808696746894 0.00595163815878998071 0.02792243912634733913 0.01312570087681935033
5	0.00006732885029249724 0.00286800630735694348 0.00073376009014575552 0.00003234205651197064 0.00457899255591530125 0.99152878134531752252 0.00019078879446040572
2	0.00000136798873360478 0.00030439729715040116 0.99669989484093690635 0.00003966520294052688 0.00037083703155972630 0.00258200934427227748 0.00000182829440745575
2	0.00010699929230281343 0.00002817474829801522 0.99953604471962409495 0.00003168588202925467 0.00024035974950751049 0.00003469366989160118 0.00002204193834840257
3	0.03131248645837979988 0.09864318632998221592 0.00225241850018246398 0.86406706415320921888 0.00098724044259326208 0.00260310936646323534 0.00013449474918983897
1	0.00875929985984517066 0.96942689931427827865 0.00823867380328357699 0.00411939892168641970 0.00717823834142559177 0.00106135942700213743 0.00121613033247942870
1	0.36328048970113879790 0.58027791411475149186 0.01278033869129194949 0.00725725237784594687 0.00242205087568966295 0.03255819045274650769 0.00142376378653563370
1	0.00089598923395479882 0.93177857354422299885 0.02991779029675114415 0.01109028737775533298 0.01918511221748711928 0.00199114181590446951 0.00514110551392339687
1	0.01123954336477740040 0.96581450388243039740 0.00187830963844673460 0.00725926933459111572 0.00628663312120763575 0.00655075535753787616 0.00097098530100891826
3	0.00398572633434405698 0.00021336917694765540 0.00035197741275997681 0.99346628218156840529 0.00089122767214105329 0.00039100414437142375 0.00070041307786740002
5	0.00215096326157366386 0.00704764326165847280 0.01343569246328558085 0.00439386400819664815 0.00504329206386062469 0.95542644146651389825 0.01250210347491123065
0	0.99773214874519877693 0.00023365679810663875 0.00004592587123636547 0.00172527653544379714 0.00006953366500836582 0.00012931381671629077 0.00006414456828973988
5	0.00079928433146656409 0.00556339877563605516 0.00338635157413995401 0.00032364342299193876 0.00241485489976056870 0.98731501325640458333 0.00019745373960094651
5	0.00181856626491638871 0.01896912864407466690 0.06601417748439256106 0.00778707076647730013 0.02764687219702540583 0.87466893634618714248 0.00309524829692647049
1	0.00198928401428314847 0.98818182530691045518 0.00428113056254527443 0.00090248979054415707 0.00394855031262217587 0.00037222486642179080 0.00032449514667276996
0	0.46455312827909017726 0.02654526987791984427 0.01956136433040559300 0.09037805644765600777 0.04014663626152312897 0.05154426593331068451 0.30727127887009469953
0	0.43739213500745044438 0.15795781962606122995 0.09444151161323204036 0.17027845747973655022 0.07589323299325123617 0.03363723315006823811 0.03039961013020031633
2	0.00012607562679217850 0.00010827233386088642 0.99933811442848663464 0.00005540613266363552 0.00012288266613292713 0.00022255359834436045 0.00002669521371899777
4	0.00002705094937583903 0.00089789981514736461 0.00051105505362513673 0.00012348322523604013 0.99827079777686722473 0.00010673877674741963 0.00006297440300255423
6	0.00024980492088095538 0.01399377967095077023 0.00093362326543056638 0.00073675094782257064 0.00039041370214525333 0.00015157361877888678 0.98354405387399090888
1	0.00332193701441328313 0.99218496810605227854 0.00144242837303409943 0.00047823510932088034 0.00049981376376302482 0.00198039846562745496 0.00009221916778976547
3	0.00290854347732007017 0.17270896702431823289 0.00617661778361140116 0.81376074890791205707 0.00160262246497543028 0.00048792293757775877 0.00235457740428547191
4	0.18769409882526036371 0.21025134851250476542 0.03451070001650350522 0.15891616660863622235 0.21937105202346735000 0.17236343421175501223 0.01689319980187283313
1	0.00030535394098386745 0.99652593340082995521 0.00024990187571753307 0.00002896164453898393 0.00001297874576578619 0.00272902318857434680 0.00014784720358933535
1	0.04697016971395893276 0.92852246106390512459 0.00473936991596881404 0.00097758725730003374 0.00825137216384005077 0.00808667485831176744 0.00245236502671419875
0	0.25083487810727644884 0.14782850075842254856 0.09925514373679310276 0.18827339128426268111 0.05749289784934596276 0.01975559915164486549 0.23655958911225452579
3	0.02968676402194823580 0.05608444584750200967 0.09351017690229128376 0.50265487904360861560 0.08051172733434082407 0.08086385657920139303 0.15668815027110782889
5	0.00017253054725148006 0.02513928323896701469 0.00184777705728325615 0.00015418522488248916 0.05881549305823897955 0.91348753438706320473 0.00038319648631223525
4	0.00662653808267569134 0.03706831998144068108 0.00242771990970226193 0.00504915768968562401 0.93621888304098954681 0.00043396216447169530 0.01217541913103495528
3	0.00164979660689783063 0.00015395520491633154 0.00055443543901836597 0.99644423680379701214 0.00011884080553012856 0.00063007320476359734 0.00044866193507715421
1	0.00029332826711210168 0.99522079767909066295 0.00274022747228012389 0.00030374863577134519 0.00014271154124120906 0.00041355972986826872 0.00088562667463572037
1	0.00061218014190944983 0.99628133104184091184 0.00173048354415517762 0.00059722524335017210 0.00003419942533510826 0.00071678197001788968 0.00002779863339087193
3	0.00126053048901329746 0.02010320228043260479 0.00245924572937068764 0.97293448877268395858 0.00205629258860534452 0.00065567956016228520 0.00053056057973221017
1	0.15349552759123638590 0.40768113280624862504 0.07732694399562785315 0.24558808711039536998 0.03123206484495377050 0.04406022967685215702 0.04061601397468590086
0	0.79610759623985649647 0.00399574523594222950 0.01107753060189993130 0.01109969195381045430 0.00831745857162789759 0.00091304786182787334 0.16848892953503519232
3	0.01789764551665944808 0.16418845946728649610 0.00812137366883829148 0.73141868086005190630 0.00264881983962916888 0.00549562860071095127 0.07022939204682412950
1	0.14312483228667158275 0.43125563035704700399 0.07593229020322916911 0.24269050593097563073 0.02607384799077567053 0.04133091715541364897 0.03959197607588725576
0	0.84407309984649625534 0.13217782323432755720 0.00244949484858201800 0.00517337093759648921 0.00755321699272972630 0.00269694267003599145 0.00587605147023215462
4	0.10151257398162315260 0.04738092357348604178 0.07134279864104514646 0.25105718342467642223 0.43394563834191657303 0.02445546028623490215 0.07030542175101781033
0	0.80600608782038773992 0.09683674161966618343 0.02141239074497732625 0.05174753156230727652 0.01191820314462541976 0.00178036576232853613 0.01029867934570761513
2	0.00000927116893389027 0.00000286576298914898 0.99980439708944768284 0.00004567780383462101 0.00003690648459710989 0.00007555900454259549 0.00002532268565389118
2	0.00716035472164504219 0.05443426994072283337 0.91021366349170107490 0.00615062883544354941 0.01297111397670912790 0.00463968040816745315 0.00443028862561038132
3	0.16120416828928113562 0.00212966083316084177 0.01162214463649775126 0.73422444456992641548 0.03933155633399938733 0.01288860875779049807 0.03859941657934395226
6	0.05169949282985274869 0.10065875822219987057 0.02375662684487010040 0.00236180246580277101 0.20816534837554881432 0.16478471786540105359 0.44857325339632453387
0	0.61903880271260269819 0.22688180697691651133 0.00649598726935594895 0.00438373001348782432 0.03698937731428707243 0.01076572312954499240 0.09544457258380500964
5	0.00015625203482584754 0.00011060964579329903 0.00004003103263515282 0.00021775895652943785 0.00004121041263975592 0.99942833937439923275 0.00000579854317860743
1	0.16455671052707521174 0.67713172237303831391 0.02754919830545791287 0.01735209233413230120 0.02152630859245408673 0.05007123501697754303 0.04181273285086444663
1	0.00126350414312264084 0.99400533637969501477 0.00163137879490738943 0.00162785031015653860 0.00051056219269898621 0.00086857340897876154 0.00009279477044094114
1	0.00322165383130073625 0.93723330368891588638 0.01079192833756414949 0.02289189236924136367 0.00949239074701106918 0.01515415512959097932 0.00121467589637687563
1	0.00694195642607438237 0.69479328631516423798 0.07147963600314363730 0.01400949658424328025 0.08000993420329466366 0.12642014467872988992 0.00634554578935002129
2	0.00001803617452396434 0.00009127987030557836 0.99939896290640062304 0.00011362903388661818 0.00012861915810129037 0.00021609504771713411 0.00003337780906560546
3	0.01558143828548037846 0.03088956328933744819 0.38063743076728523418 0.52561915808879100531 0.00426759420398023850 0.02775681701849891034 0.01524799834662726380
1	0.01692589743165178254 0.97484374361123549146 0.00022495912014498662 0.00514840847924593996 0.00166830061084426097 0.00042761934658654046 0.00076107140029058257
1	0.00261535057962650544 0.60862688582642887614 0.25023858282604766190 0.05717393802202987152 0.01751574505117620834 0.05157218420771114004 0.01225731348697995000
6	0.07956719692858427173 0.24369203151235568905 0.05927354963253902986 0.15430220612873032926 0.08225826839899653964 0.04530236821770410732 0.33560437918108965150
6	0.35460908173633431950 0.10746591160482049654 0.01540825434009181726 0.03235523819216022667 0.06780707269694112582 0.05305256373121421815 0.36930187769843780821
0	0.44761096221201135403 0.07718884604347985012 0.05334710712326878879 0.30295271686415825574 0.04920557188709419327 0.02296258310825685309 0.04673221276173059047
4	0.00004550835777841406 0.00016484371906139937 0.00020143990826011253 0.00066209470771623241 0.99869406555293915861 0.00013789174818043309 0.00009415600606467773
3	0.29450284957968048127 0.07560511855619869714 0.04769531092987409210 0.51910682271203367755 0.02170680403370185696 0.02323044614521912327 0.01815264804329200926
2	0.00000693698118474621 0.00000623527095542748 0.99935659641245289109 0.00000154467138427009 0.00033155266100512307 0.00026743812421488978 0.00002969587880449371
0	0.59546965746042634926 0.00114111343997804079 0.00088242575093177027 0.00155045610546259522 0.31724854435236582439 0.00170686569198718642 0.08200093719884846144
1	0.05698877909074569897 0.89744567141652331621 0.00377261487020900043 0.00311254618877394298 0.00097490375802180792 0.03518222117596932902 0.00252326349975671516
0	0.98811376067520728661 0.00313187665020093911 0.00007715383246211958 0.00154985584660709470 0.00198360286517744499 0.00229804955964749624 0.00284570057069765152
1	0.02460070146260244853 0.37006884673509821138 0.17544544930736655219 0.19445885435170517930 0.06189834735400098764 0.15360300837388310424 0.01992479241534383938
4	0.00151182762854588340 0.01429861550891335133 0.01183360285873520309 0.01017744253465948864 0.95952991594956771326 0.00136713764798570463 0.00128145787159315220
1	0.03982586772104990819 0.49375539455414668710 0.06744658097922640039 0.28693351047782000851 0.05087272546932505857 0.02121776496038065701 0.03994815583805125941
5	0.00002147709427278466 0.00000180056088032365 0.00005273663689564962 0.00002447100745496655 0.00012202553320431678 0.99977394534519226088 0.00000354382209942494
1	0.00167263932799926519 0.99589061243800502954 0.00081399633070499593 0.00051105596111487405 0.00032078025634870783 0.00076635923922527911 0.00002455644660258790
1	0.04745921069291784283 0.67762331307963863392 0.04856305798567827486 0.05155186636725813537 0.13268746070924858360 0.01980826682207311590 0.02230682434318551066
0	0.63032063623242806649 0.07597689806710875016 0.01226559267389837164 0.04846967838617348423 0.18535317854429050888 0.04274243408040435954 0.00487158201569656314
0	0.71547034827880506835 0.04269976796010151870 0.00758438858126511163 0.03001672370575431473 0.11934640348323644066 0.05818322703151426051 0.02669914095932336348
0	0.94967117580829685242 0.04203961673863114423 0.00234373343881071885 0.00277113747723845873 0.00099966659102879098 0.00037360150221468633 0.00180106844377936272
4	0.00505574555806728634 0.00236666543374253321 0.00687301721827963865 0.00615333242096131709 0.95674105834585909669 0.00991843852826291422 0.01289174249482679009
1	0.01940675013933314957 0.67897697648336929888 0.02808544336597871421 0.13299444114185862698 0.07906204491749480034 0.01927298767291915280 0.04220135627904633008
4	0.01912654089056227066 0.10363881178645771575 0.07036028390600390647 0.29540812319168258115 0.36598894998596076533 0.00740096394665877393 0.13807632629267391211
2	0.00000652351924623667 0.00004913862242855266 0.99985919145241297645 0.00004059347044139232 0.00000392350947444363 0.00001726034736641779 0.00002336907863054465
3	0.02401105076568601712 0.20911640994002067551 0.01007995172534763978 0.44313212948792068957 0.30207845948685752013 0.00755966162243325388 0.00402233697173422482
5	0.00072785984780071513 0.00044538440367327135 0.00117493139849927128 0.00015201384473221188 0.01022179861078363096 0.98684638485468445523 0.00043162703982636364
5	0.01281798536284748519 0.00139019900101566298 0.27057824742062608347 0.00267704456941766531 0.00170895698082453680 0.70992852674666573343 0.00089903991860282599
1	0.01621066308807055101 0.95667643767220134077 0.02181101957891799087 0.00267137995275394148 0.00034870301166327686 0.00190729944978415599 0.00037449724660916625
3	0.22427301588553394396 0.06557404240256727024 0.02437948199721200540 0.60626061671890707494 0.01430855794449498522 0.05830544076659621711 0.00689884428468798532
3	0.01599350483229920045 0.01541114169371346487 0.03124704140525955132 0.92943852093300816097 0.00316062947455686589 0.00233650016712226224 0.00241266149404048905
1	0.00022732612654684692 0.95211057779062358009 0.02040841585811356204 0.02084566473575863790 0.00127177827852247602 0.00453604138163655503 0.00060019582879756127
6	0.06084531924107696582 0.11170910463699745829 0.31946200243833711152 0.01490598870910899397 0.04681677192744677918 0.02052495633112743495 0.42573585671590519208
5	0.15569295334521152108 0.05937769362833639208 0.06782214135358437257 0.12655181644862237289 0.12834087197502158650 0.43298306603322672670 0.02923145721599728145
3	0.00227439663536527182 0.16208756015037376064 0.01108299303237130808 0.80989824421822542710 0.01136169269722379395 0.00148980553675700004 0.00180530772968311376
1	0.21391607067842249856 0.33262651669542298016 0.08458763585146091002 0.17210543668748226609 0.05134529325720792875 0.10556385264245343736 0.03985519418754970844
0	0.31560440758171820486 0.27665364618600368773 0.03432639620764182942 0.12349972071281284380 0.07887449241919103349 0.15352326206522876051 0.01751807482740386571
3	0.06342541855738591250 0.31110581832074951647 0.12713901114948999993 0.41963142329932223706 0.03832380490633568310 0.02475617094607938246 0.01561835282063762237
1	0.03489739384806623407 0.74116991790003661222 0.05647064043888716522 0.08119789783070979761 0.02515693153186802228 0.04005573310076975674 0.02105148534966253329
3	0.01401867018821926179 0.07408602106386272257 0.01672081191316075743 0.82215875432082075047 0.02339826763159181047 0.02536470684443851292 0.02425276803790596403
2	0.00301847480941066018 0.00002752253140579353 0.88608544594830385144 0.00009885119865293523 0.00050696098735404324 0.00015687450255204408 0.11010587002232012643
4	0.00006780653449013264 0.00138146793334233500 0.00000925818167233225 0.00006967134773760603 0.99840513414596010477 0.00002364090783894134 0.00004302094895948216
4	0.02765756531191076659 0.03614198682055821954 0.04761024671452022267 0.02618880756789073241 0.80359566110672364658 0.01215011110117117377 0.04665562137722516906
5	0.02499792012874938255 0.01496820134519685590 0.00872741544870094324 0.02228183741967489084 0.01912107417841500331 0.86368342809087428336 0.04622012338838872580
1	0.00041881159451904754 0.99534249896238236044 0.00086841742121838983 0.00081981412460401621 0.00014536199151346632 0.00198972697646641623 0.00041536892929578388
6	0.00154079315050105817 0.02319928004704507191 0.00079820135661488824 0.00029471919848403740 0.00325799328787486223 0.00057658425362368813 0.97033242870585623141
1	0.00018253197040481888 0.96495235636322351791 0.00477883204045984403 0.01568829023930422978 0.00136544413231552957 0.01255617487894923785 0.00047637037534343189
2	0.04010936526442020200 0.04844895614177253257 0.50303510222546854447 0.00479428152015303269 0.30219241445121525214 0.05759670475933408723 0.04382317563763656054
1	0.00183046105037430436 0.96003174280697622933 0.00451135219334644188 0.00228217340482285121 0.00197830710758083129 0.02928295564275583754 0.00008300779414246673
0	0.95276719462449699360 0.01612484357820641659 0.00575991786450423624 0.00438219594131643211 0.00627643498807328379 0.01002546145974444677 0.00466395154365800094
0	0.92136490454269925898 0.04664283606783572317 0.00029010664053349142 0.00031786404059283818 0.00440861540172121733 0.02563569646358981186 0.00133997684302779524
0	0.63951628781881186825 0.03238169956288551588 0.05569455594325684739 0.03631088855302193330 0.02663298304914631098 0.13281535096543647945 0.07664823410744095455
3	0.02244175812990572769 0.13965814598140055547 0.00932208627538796790 0.81485504958678323106 0.00807129183175192555 0.00317544037767947696 0.00247622781709058888
0	0.52699088905845958841 0.16028316155925653730 0.00250294292260547788 0.19568608258230749120 0.01997589513452049589 0.02102276879271371829 0.07353825995013647809
1	0.09759788905717216301 0.74458951017205299294 0.00390835985788989294 0.00312349068650516351 0.11369042021661102115 0.01880875750155587903 0.01828157250821280111
6	0.05617233037347175995 0.01688242242694847073 0.02785919057773967450 0.31558097705593196602 0.01966123544771201936 0.01711590438795749028 0.54672793973023858793
1	0.00035205848940401941 0.99826369750772780964 0.00052586905944822801 0.00020218741369283253 0.00005701360571019612 0.00056838274567568231 0.00003079117834096780
3	0.00026671663930214054 0.06090129106327633879 0.00033869855839300318 0.93841299688136337043 0.00004555345951603957 0.00002439805553110127 0.00001034534261834126
5	0.00465328830229265206 0.11875063468064557537 0.02384829087439392994 0.00930133400408748520 0.01386728964255091144 0.81767928623413477229 0.01189987626189475435
1	0.00070365361429449054 0.99914819366163942771 0.00002714512527589924 0.00005698081547884903 0.00000195484929997766 0.00006048174168263365 0.00000159019232899313
1	0.05104623598256276262 0.94742874072874627700 0.00093894024763354407 0.00011240343394476562 0.00004480758305120247 0.00030385121243682898 0.00012502081162542143
2	0.00034245107835287748 0.00006514910439340335 0.99821163296322190650 0.00013201548907697667 0.00044932500304843389 0.00067717342355052168 0.00012225293835641793
2	0.00002237251922895317 0.00004635944660810721 0.99960394764961091330 0.00000654589576320759 0.00009157050227464324 0.00001776147403480279 0.00021144251247996902
4	0.01614102562991868647 0.01192168100062150800 0.00073180418050689964 0.00131025755294652624 0.96852158263210419431 0.00015861726077362202 0.00121503174312814549
1	0.00391747450571128773 0.96465327276167123216 0.00646058999001582115 0.01778510939226720516 0.00374029634955075916 0.00094412002459643568 0.00249913697618721819
0	0.30442887183833622355 0.22953203465522045712 0.00562454066908261822 0.05851681835573203233 0.12128902142750200288 0.11531394139030172463 0.16529477166382491871
2	0.00000590081747395221 0.00000652830089885586 0.99815297961175830643 0.00000158168036009449 0.00006607754894825913 0.00171238194292075039 0.00005455009763965951
4	0.04663482211821059348 0.06957129497471206681 0.00461373676723768680 0.01782106284743953037 0.85294615333694079329 0.00812056042034282714 0.00029236953511663970
5	0.00683423005408244615 0.10994865077076541870 0.00265425235483045903 0.00005612915774024313 0.02913746040619601824 0.85133337017466514940 0.00003590708172024427
6	0.03988257135299280026 0.02271464308855756370 0.05345975244776161872 0.00322670486955545319 0.01893241432558914403 0.00353599045156253186 0.85824792346398082188
1	0.04108077775148692018 0.59769902514683903583 0.01774142353363132585 0.24688275857541913672 0.01398394870880585207 0.07404706279305235672 0.00856500349076567795
3	0.03485118360554557287 0.06882003074487247352 0.02993598597854379983 0.82227376649221650684 0.03669442023658293917 0.00409558280371265324 0.00332903013852610440
5	0.05624356688132183674 0.02490260423864787409 0.00660389573386625794 0.02292315317238805689 0.02560800987052587810 0.85979885805827716005 0.00391991204497299951
3	0.02114220541956330843 0.06145632981324417737 0.00825073046048963206 0.89143408624453435163 0.00032212099881142258 0.00157442993786096296 0.01582009712549663563
0	0.54034066637041122672 0.03744155454738167660 0.00203615971786535099 0.00510158440230112746 0.39993076079811484824 0.00471672083983633392 0.01043255332408962732
4	0.00251188982608882864 0.10617613447523409353 0.00673179916690719131 0.00528637223179970802 0.87624535732194108739 0.00185138978355385976 0.00119705719447506134
3	0.00246803238374153312 0.06276193344418164177 0.00421304641975757833 0.91153115735633727379 0.00306187057037509867 0.00115305106314636291 0.01481090876245994177
3	0.00546053739996890750 0.00870192212617108309 0.00640894805083525813 0.95823822015451498579 0.00434070461158495013 0.00529462710958776561 0.01155504054733689362
4	0.03896359987284398613 0.24098083869982001026 0.09644959822806202510 0.25725337971820261274 0.30665745211778783208 0.02780851688184435289 0.03188661448143939592
3	0.23755841947412981163 0.19185453049274373005 0.12760357844641442848 0.25502197716292368534 0.01430573062440057032 0.12842822725060881739 0.04522753654877893076
1	0.00091163432818483427 0.96437839573336270327 0.00038679338780189213 0.03420431431714932718 0.00006838583110970083 0.00002991491993863801 0.00002056148245240695
2	0.00022783371833478991 0.00016390620373471937 0.99625280549407302377 0.00116565945265140018 0.00177224144881289779 0.00021378053912024948 0.00020377314327401998
3	0.01867011618770287110 0.03621951967435520225 0.04304081003119695353 0.73044582683363268316 0.02873542643525154455 0.05054784375200454399 0.09234045708585614243
2	0.00003153204585329165 0.00892590203296266503 0.99080851567571026628 0.00009282135165536604 0.00003473986518747796 0.00009778354175017372 0.00000870548688001477
1	0.13543806788562151588 0.26003353761276620792 0.06890337620026085186 0.25404926887768219945 0.06795369466510979561 0.07648446943236655859 0.13713758532619277353
3	0.17832642737699103130 0.01670804396855432583 0.02910163323971098198 0.71948521646840246646 0.03126422785999718318 0.01865099604183357088 0.00646345504451059996
1	0.25090207627277577584 0.36232318670878072009 0.00219693029877724745 0.00301450081678178092 0.32063196291174467234 0.03142048921279799734 0.02951085377834174878
2	0.00322366733119131997 0.00465570260517934442 0.97677187230486650638 0.00243759723169570527 0.00137446086593061051 0.00672802497338784253 0.00480867468774849507
0	0.98788536367259027760 0.00298367323136682593 0.00035588239347247635 0.00522671364141484487 0.00075026702632944881 0.00026707901269216067 0.00253102102213389373
0	0.55227563543856883488 0.01117798528033632846 0.01593844663230225417 0.04015639482481597050 0.15960858821750345538 0.19814618001313499818 0.02269676959333804742
1	0.00024862123848544117 0.52425975746159714230 0.43019301778282392767 0.00999478725840085257 0.00452514141099203716 0.02914436390171352281 0.00163431094598615696
2	0.03417095454664430959 0.13889636455220771838 0.58110695052347960399 0.03048170333567486873 0.02035455291588758250 0.08432550981460701367 0.11066396431149910784
5	0.00573867137818572046 0.00499056117488997936 0.00848201447876857119 0.00575625525384172200 0.01149925777398098752 0.96090265723472967352 0.00263058270560407540
3	0.32372209241865196327 0.13282656180180021921 0.00261871188670421539 0.48522299248286038242 0.04565591187457525985 0.00234185812137567909 0.00761187141403191648
0	0.80189714043621518336 0.02027515155361550928 0.00140717852052838995 0.03735234709285290694 0.08822568778013341328 0.00884461784767500390 0.04199787676897964034
2	0.00081829421941492515 0.00010384687389783922 0.95520690617549375290 0.00113957137372518126 0.03082247146225415915 0.01112576951351375645 0.00078314038170071388
3	0.00072344314672134974 0.00266568291124943827 0.00059638371791563994 0.99273011404562860882 0.00048695606655515172 0.00189847656916509555 0.00089894354276474518
1	0.01165921280651659002 0.46501941102017507745 0.10866613641790554001 0.25717990268039486734 0.02881205482507005408 0.03718654180315185409 0.09147674044678646976
2	0.13650259149716711948 0.14378085998322495676 0.50636184690783836437 0.07083893004959118667 0.05227908671157907583 0.04950744657168951179 0.04072923827890996551
2	0.00003530607544588115 0.00022069973953703904 0.99934175819325266055 0.00005077848807377230 0.00003698491627939825 0.00029502896335853029 0.00001944362405200858
5	0.00016869868808481431 0.00033111791745464667 0.00395515079008616766 0.00053614393722756118 0.00224567998140373561 0.99271977281703982499 0.00004343586870243375
0	0.24886123667939416548 0.13765923955755096642 0.19145805923979244967 0.19095734671252331816 0.05841585587108130695 0.04674763921614216028 0.12590062272351570938
1	0.04770823900056270217 0.94105872395278822307 0.00030903072045800078 0.00068547702738804776 0.00003036042914470174 0.00927876227348727739 0.00092940659617063936
1	0.00503195649879439530 0.91735031328194549527 0.01024683715920840683 0.01434914341539565708 0.00406343187701602247 0.04660488822542012410 0.00235342954222037557
1	0.05981314812105371914 0.72677844399077828896 0.00791004404228916498 0.17768047519225649289 0.00620952235763721789 0.01778421336459657873 0.00382415293138881063
0	0.74931337753363713716 0.02520384177837315179 0.04023227877243048395 0.01815762701821193106 0.04453794631409294102 0.08285088018544159438 0.03970404839781269818
2	0.12672360523245831954 0.04562475601096636219 0.50836176221116935459 0.02403955826454838227 0.20000603378089387707 0.07624906866286093599 0.01899521583710229999
0	0.59833072173362844559 0.27141626809268698528 0.03577239096852518480 0.00547886650019563815 0.02000217449217692525 0.04606096656803366357 0.02293861164475309231
3	0.05572712685578701947 0.03044295327069891297 0.01130845810142951623 0.66977511263872746561 0.00289462428236742864 0.03018971926515249746 0.19966200558583677149
1	0.05720538357697754067 0.86885358866747985918 0.00150517721185680154 0.00067685473778272896 0.00254733354529527523 0.06858405895113640904 0.00062760330947190114
5	0.16113980189439761070 0.05863178334593294183 0.02454916588252321202 0.18730630252381436085 0.05927626089071612314 0.49965500774421922614 0.00944167771839639867
4	0.21513468165061019888 0.00935790126837033817 0.11029833211524728287 0.00323205076725353911 0.50390931578219433362 0.05364675119331564768 0.10442096722300849010
1	0.01675705610785129668 0.97708704233616661128 0.00051198471827301219 0.00084727306600474697 0.00395912935397824302 0.00063113500408925748 0.00020637941363557018
4	0.00317600031707274306 0.04439445775723261517 0.00106426594011317828 0.00333217425194736296 0.91664256864552007276 0.02712918562106500855 0.00426134746704893725
3	0.06173660391574951195 0.04469971506357907354 0.02663470440461510741 0.41662039188859412153 0.09613447722469041501 0.34095917860327817905 0.01321492889949336946
0	0.87799700270015845760 0.00996548183523245611 0.00805672003037992933 0.04449759106955363669 0.00817242518019192961 0.00514799906000347474 0.04616278012448007950
2	0.08095968890123940442 0.32610185677924352632 0.42795018595542166917 0.09255774095270714874 0.02846658374375228909 0.03387702794155147273 0.01008691572608409227
0	0.53649585372467478717 0.01376431638678289777 0.05134126889391724125 0.34139093855329044613 0.00384918357621486266 0.01694611066124819890 0.03621232820387165763
1	0.03792194520862501167 0.79308913162349126136 0.04811725769980906148 0.02124663860624470199 0.03129690817075168885 0.02693599408475728235 0.04139212460632079454
2	0.00135336227196298261 0.00889642626163391834 0.77826566328555812913 0.02025572393720185410 0.00559351740284322156 0.18420734319097081810 0.00142796364983000597
2	0.00009840267725453159 0.00000997207515315598 0.99960440180339915628 0.00001477570677804543 0.00007118615953045790 0.00018198901879807716 0.00001927255908566488
3	0.14298857743655651875 0.01553946939784085074 0.01949384115750008029 0.80270113997017511487 0.01280004875264210626 0.00472448129370500996 0.00175244199158019532
1	0.00607438435204725284 0.52540377224779799548 0.03830864483071740045 0.00833016161095841666 0.39651829453313786056 0.01702114215203576197 0.00834360027330629389
3	0.06939643944113046969 0.02472796237438904671 0.00789932519447036734 0.88091239363842266386 0.01321443658692655031 0.00307145773184737576 0.00077798503281313646
4	0.01209765092306624469 0.05530717848932065889 0.02150497977049124071 0.01268667091607079793 0.84804230675244351989 0.04243697456078066033 0.00792423858782705277
0	0.75525708810687641748 0.20473578760204044769 0.00280866928617251599 0.01068400473390650716 0.01480475485028184823 0.00251517496203848773 0.00919452045868375881
1	0.00453745594488634465 0.43375033894294634518 0.04146632360891398111 0.22825982773592409791 0.01314640251138268941 0.27082151071848081791 0.00801814053746594327
2	0.00063143173435210040 0.00108710777283884362 0.97822277512809274747 0.00691116062675773725 0.00779317107035816439 0.00066042720305641315 0.00469392646454301361
1	0.00560085903272467250 0.58252404450055483842 0.11376316170393974136 0.10032850731778593378 0.04360503806841714569 0.12669626447682424963 0.02748212489975278283
1	0.16159873388332565702 0.44084076575034042422 0.01484233631870563244 0.31052524678606607811 0.04691725182802391342 0.01578224258267204097 0.00949342285086634055
4	0.00000421673740878258 0.00039165203563568010 0.00007378380777421528 0.00006140375404568561 0.99945629272256697462 0.00000462439825053447 0.00000802654431725317
1	0.00552477241129967385 0.56694756140477164941 0.01665174731516475687 0.20309667458223643055 0.12540220265435264579 0.00687351229196174040 0.07550352934021266338
1	0.02241437841258041991 0.48509732490280998984 0.27583702013758376603 0.15462825615456354811 0.02701731287140783644 0.02563402378207762372 0.00937168373897693738
1	0.06800852116276194514 0.85670158320687239684 0.00632225683037758359 0.04599703288331236789 0.00815896412115216588 0.01120330380318707887 0.00360833799233637245
5	0.00077685531141586674 0.00566544916020796183 0.00658151005858365057 0.00036963807007168331 0.00044566454993675815 0.98579447781995099831 0.00036640502983354209
2	0.00095168559866089762 0.00051345084673774246 0.99756575172056660694 0.00031907159544480933 0.00031816950726104077 0.00025979482272150164 0.00007207590860792054
1	0.00929319689022089016 0.88606343337120618830 0.03632245596581867852 0.02094082679584478857 0.02019215349004163662 0.02109561347354869595 0.00609232001331865870
1	0.00004436178121152927 0.99788014821753223682 0.00003543340594749687 0.00197832860037631128 0.00002283368059251053 0.00000814316649568484 0.00003075114784606017
2	0.00010631949649893723 0.00336824338925417830 0.99580636624565221915 0.00002790584833687163 0.00001132020299746869 0.00067049190006802592 0.00000935291719209680
3	0.00915716902236580338 0.00905708850833248161 0.00215301252036132363 0.97851892466376111379 0.00016008008848561461 0.00045819868504378986 0.00049552651165083860
4	0.00705305538859630609 0.15891265231217507892 0.10712291377205399034 0.02671461260413807506 0.64420315844819353579 0.04941069197924320699 0.00658291549559993170
1	0.30918833536275286411 0.66959146916375045233 0.00144735802757644475 0.00308615485434066616 0.01080800837309678353 0.00008582489075816853 0.00579284932772445790
1	0.02019674813228192894 0.87810734330433160011 0.01026831408311542834 0.03786315780417626176 0.04292188488267766749 0.00378943487782403693 0.00685311691559299142
1	0.02046085375855584074 0.83314575514625277552 0.06250514809833339347 0.03562462812210712843 0.00837788363633999202 0.03349797470037207958 0.00638775653803854478
5	0.00436403487017596181 0.00899073845319004958 0.05076277453329769429 0.00307459448543312159 0.07616203567119114726 0.83980062578038650045 0.01684519620632568895
3	0.02819355194961946018 0.00010877956792294992 0.00018607856272902156 0.97096382508945977552 0.00043896151366551738 0.00005921629553272684 0.00004958702107083552
0	0.61035894155522019133 0.13285386910810798033 0.09622076367263605878 0.06589730513062408424 0.02106188516451420675 0.02568135122402455395 0.04792588414487311543
1	0.09833473403256696999 0.46733171534012063475 0.22610745912334234697 0.09171974438765677362 0.07504253670259689035 0.00549935713906559657 0.03596445327465089270
3	0.00533711043630581434 0.04159775151608567645 0.00467108077035811690 0.93973387850529910281 0.00499311965919167332 0.00041524112525020518 0.00325181798750913019
0	0.28413394771653843751 0.17128417626544698016 0.08213620825553631655 0.17867406216149883669 0.08425793717703866648 0.03963729188518628349 0.15987637653875466648
3	0.01872505090121008228 0.37335869164092250205 0.03606135849811141492 0.49188662557294843269 0.04215061889814255419 0.01692965275624468829 0.02088800173241988842
6	0.06587906883517952172 0.19251609615639816986 0.04111488959562212969 0.06208716448322899872 0.00721637393026217707 0.12128815530352415886 0.50989825169578495423
1	0.00406989678892413255 0.97161259474738748132 0.00029830139775863799 0.02230817180616232603 0.00104075988816879333 0.00046176723532627103 0.00020850813627235903
