6	0.18705961482903574189 0.11959507607332939272 0.02505509419476323676 0.08087592596646428489 0.03130942896610396098 0.15127656108739262475 0.40482829888291071985
1	0.02044494848325390315 0.88613384005851947300 0.00599200632094574592 0.06212017030143136137 0.00253803402227158019 0.00998623964015343812 0.01278476117342470728
2	0.00510535391840143734 0.02145713164890881638 0.93204581946191233932 0.03050512141254040077 0.00278005108539033192 0.00602281202832693260 0.00208371044451908681
3	0.03346706013729019297 0.12556607206039635538 0.00302079664709135279 0.83222722584577224492 0.00029060721880344001 0.00327456107995698900 0.00215367701068920657
0	0.86437712909848662957 0.00103356122763951217 0.00305183753688723905 0.02099022363728303073 0.05996399599523331153 0.00023854533179077452 0.05034470717267952589
0	0.54611037563253916893 0.01664234024443975168 0.00305395561441856563 0.01029662278130220529 0.17953920827572114605 0.04063332219792969296 0.20372417525364941437
4	0.00030792426153188052 0.00462181346665361138 0.00041403788345639752 0.00199165951911856780 0.97707980040343445083 0.00004012538331289770 0.01554463908249226721
2	0.01737165437679210472 0.07503444610352806576 0.86114341140559336196 0.03273540569350489454 0.00413927754400925715 0.00729613642991639496 0.00227966844665678436
1	0.00549671963076008973 0.83625739431136170143 0.00035941815217622937 0.15483729027337600481 0.00166496923791630133 0.00066302792072309321 0.00072118047368583803
1	0.01124491290249146104 0.54919964595149883824 0.07478305466064803786 0.02006483808808138744 0.14380649899944145109 0.17699109349166070038 0.02390995590617899652
0	0.39426624200992799185 0.19670015407693175469 0.01388140111450384025 0.04210203561754212453 0.09180102727372008165 0.22291280612476233047 0.03833633378261181585
3	0.13794358687411198416 0.00570608769675586165 0.06532258861632418701 0.65824536223200935670 0.06680218438081597654 0.02174365438442503809 0.04423653581555759412
2	0.00412397797444116060 0.01947339448868077791 0.87562630886601167113 0.01512313791455574020 0.00176134570218265001 0.08356476678308404071 0.00032706827104365483
1	0.01050076835413267518 0.97578090849300092025 0.00051696765229325404 0.00681064889436613224 0.00032282406166316832 0.00500652552752359984 0.00106135701702010643
4	0.06071260181902652514 0.23959705458308175330 0.12698540118608644955 0.00654879681286600190 0.27936720711010787355 0.20818836169245308332 0.07860057679637803829
0	0.26928742022020180080 0.21009372140586388134 0.17119519207697067587 0.17203295108088706433 0.04487993141173397815 0.04103606627318288902 0.09147471753115989090
4	0.03115129857665747959 0.12901730246284009995 0.01509424412907281986 0.00157347612572878077 0.66956670908434201550 0.05120883375101616120 0.10238813587034223396
2	0.00278090129598869244 0.00505125346032926290 0.97016449600104071038 0.00051709069584145932 0.00066954714864691036 0.01846442570319340934 0.00235228569496028937
3	0.05141236623673706152 0.28867227757449670511 0.03497012122307137372 0.36830614107013653902 0.10537047072499848566 0.00560458198512261713 0.14566404118543738178
1	0.00007727227947577046 0.99585134977486111652 0.00022452555547130260 0.00318610870898961224 0.00010158432540082068 0.00015431008871979513 0.00040484926708113009
1	0.00247855886375972787 0.95727478684196520842 0.01680045580424283785 0.01102892039835812361 0.00033292268147299081 0.01003328600361347994 0.00205106940658723435
1	0.00050358817961307411 0.99163970887512253860 0.00114356433722363564 0.00134425405886576493 0.00008648200943514333 0.00511252559539428740 0.00016987694434464234
3	0.27501028404911442848 0.04886097130490853896 0.23158045522159023677 0.37310239959413965538 0.05969501508007817037 0.00680727370679259404 0.00494360104337640115
1	0.01029311983566335437 0.84441113326718975074 0.03465399404546953832 0.00698616585192511023 0.02727746040343915004 0.04175170517103994616 0.03462642142527359163
1	0.00045140941800436501 0.69561950635492497685 0.00381873405447743413 0.29685569943397766002 0.00059720290253230152 0.00024035546223804267 0.00241709237384532278
4	0.01397673379320763312 0.06970545424224854070 0.02225192736730599238 0.00450794894746866896 0.81560933666939683384 0.07218543315676742567 0.00176316582360617341
3	0.14546291370819361410 0.04514351419031601559 0.02911672092530842929 0.73752815984051367515 0.00158118949547808433 0.01503118738326943149 0.02613631445692069996
4	0.01172234347209495653 0.01675039344130030070 0.00177881968828790308 0.00069985537303535877 0.62002018565966754426 0.15853329037133348511 0.19049511199428051378
1	0.10876665400245287552 0.83015982965409396144 0.00486166539306411884 0.00355848722365761970 0.01620429057718352633 0.03165012062744220617 0.00479895252210555453
1	0.00270351818733479852 0.62361607987959366550 0.01322098505001698468 0.00042885478237085912 0.00658636643877791653 0.01413831448600646849 0.33930588117589866037
3	0.12497590824687117295 0.02592603862714747132 0.00710353916502873012 0.63743517319755815809 0.17810291572438069485 0.00029174662190681555 0.02616467841710700196
0	0.51128691823558081175 0.04142943617111130572 0.07289885850648057664 0.22294284491991853137 0.03280441471406880111 0.07599766368380868331 0.04263986376903115827
1	0.03521131149311942238 0.45168844863441254267 0.01956118530125419697 0.18116775515358549131 0.21991657667393096909 0.05958174165024279073 0.03287298109345487135
0	0.62838989052229687893 0.01956252846953939611 0.02765569310572956949 0.24413851660772398211 0.03419004439909983234 0.02453616464175347248 0.02152716225385703161
1	0.00337292420079032904 0.80229798354756121093 0.00482437461429973801 0.00825991585985477728 0.00880844846452970114 0.16770660302087417315 0.00472975029208977989
4	0.00861261704086564023 0.07338000812820956453 0.01106909941405124359 0.00253126481336175867 0.87105797687028307941 0.02803514952893185544 0.00531388420429749434
1	0.00097747903561614313 0.97145287640954447461 0.02376391028599378341 0.00052007133202031780 0.00027456642432726372 0.00163283162560778038 0.00137826488689009666
6	0.00705975507876413760 0.00066474812590707442 0.00174171836742426848 0.00048995224597013021 0.00020596752400135152 0.00187512259932089403 0.98796273605861217870
3	0.01862729604171606268 0.00188881513124299137 0.00439895735592549762 0.97190802520651520258 0.00046095794334961350 0.00107841844018850461 0.00163752988106150347
3	0.04331162776011211746 0.22022429493260703426 0.01853874102612281666 0.65300695221613003216 0.01737637951852822465 0.01323641820078514525 0.03430558634571469201
0	0.99604433981743600857 0.00086428847109601306 0.00022914134823661536 0.00145708783023547578 0.00098049422335306949 0.00034523278376828812 0.00007941552587488015
1	0.00370355246547659491 0.84733805916492377364 0.07465885195960372811 0.01502061831993065436 0.01517267760586675333 0.04363312850810569660 0.00047311197609240473
2	0.05476764850697789233 0.17054497607156771100 0.44854424892276684167 0.08159155712645650704 0.01396911208410156133 0.21425262385437027213 0.01632983343375937063
4	0.00489213456541415844 0.04717561851253801453 0.00617136380117877265 0.10888599839485106624 0.76249788375831906162 0.00822075990869551923 0.06215624105900342811
1	0.00404093562927694983 0.95564129028418121070 0.01230177980083129244 0.00367063185672988207 0.00107805241802964185 0.02260938733777503179 0.00065792267317589157
3	0.00391026344088216821 0.25340168307900706735 0.00643923836085624497 0.69055037676325170537 0.00544415590864416946 0.02981077567567055886 0.01044350677168694348
5	0.00086525074418953381 0.08303638056702278281 0.00275200240996085164 0.00004801927629676130 0.00272394212371593206 0.91043491022195277562 0.00013949465686198743
4	0.00030100255353036984 0.00147496601003147877 0.00026970672994306013 0.00217812360514624227 0.99260746076089922951 0.00003866607222043951 0.00313007426822886408
2	0.01039834487734309261 0.22331511961408334610 0.72272549968028776401 0.00086750221924109514 0.03425375143617791218 0.00548726885913424379 0.00295251331373204374
0	0.74027965294876285629 0.01518210359117798738 0.00264096567700923329 0.23251933205114933001 0.00191700550870844586 0.00462841610247700583 0.00283252412071515651
1	0.01840463457746085649 0.83051441277837112498 0.08145733538008662067 0.03780723147757101416 0.01179775444589615044 0.01401904973230242747 0.00599958160831146406
1	0.00191886893153814155 0.54359231946953823211 0.16084459068551215655 0.00057973349976254420 0.00145975024915354621 0.28249749739222368428 0.00910723977227159871
1	0.00932539481587882010 0.90709455862595567144 0.00153659933723791298 0.04992490822581092946 0.01068964763705451161 0.01231890080898192727 0.00910999054907929082
1	0.00413205884379838455 0.75924595112637360828 0.10991421235510336063 0.03104052842252068983 0.01005535148438700850 0.07003632269562631851 0.01557557507219058807
1	0.00205514504687280336 0.99200638669663443459 0.00084094829458210047 0.00367383075382530198 0.00058624856086664354 0.00076637236577116723 0.00007106828144673585
0	0.82499070158832543687 0.04866985222235010317 0.04356832821981144327 0.04822262833699744039 0.01561304936406214712 0.00468198534918074904 0.01425345491927255091
1	0.08952572194451155485 0.47974615825221400556 0.10597561300358676606 0.05321449811003950425 0.22805265175429567659 0.03069778591794327521 0.01278757101740941524
1	0.02516340286734357681 0.87075002025690395602 0.03417186789801137520 0.01289098983710201991 0.04619511614822947865 0.00778846551682597921 0.00304013747558351446
3	0.13063781086994402658 0.04256628235581273734 0.00424020469920616868 0.51267237475057392260 0.27944591778602378973 0.01371861983833829249 0.01671878970010109641
3	0.00067000553561405484 0.00014636422226364928 0.00005535805931478498 0.99906508141655570032 0.00000449022964220288 0.00000830705746979913 0.00005039347913987345
1	0.00895460148992378684 0.49632874675782179263 0.02766906571881145790 0.00015401936632637232 0.00805643345171122051 0.45601741395693923264 0.00281971925846658715
4	0.00000488918216771688 0.00003244410516147671 0.00003074502405776301 0.00020575908204065559 0.99958112550326216894 0.00000999649879547909 0.00013504060451495891
1	0.12145353386851293065 0.79060364239917912954 0.03691764538371332394 0.00476668568888329383 0.04055276626617214386 0.00343117253001922569 0.00227455386352031679
1	0.00209101990595975205 0.82974610632511047736 0.00080150833402077429 0.00950762709561285731 0.00076042759464944214 0.00871934659743264957 0.14837396414721318316
6	0.08104765431923648122 0.05401449807418486071 0.00722532773433706092 0.00175230974978707560 0.02362049000934335341 0.00159616322832338152 0.83074355688478795923
1	0.05397311221039479551 0.48722928305139800997 0.02694382783060256248 0.03019914024212196069 0.09453450174507647963 0.08735786274924993433 0.21976227217115629209
1	0.00613051501993438618 0.61155446808915492340 0.09795388952799495563 0.00493355755917490070 0.12502211911818902901 0.01809715362399249433 0.13630829706156000203
0	0.40206332197406813300 0.25837417797181683188 0.02666286931355304687 0.28049177138479064464 0.00802909664391614555 0.00483623753849585919 0.01954252517335949846
5	0.00089705155237090959 0.08520502409868947746 0.01203957703818582005 0.00075678709358430055 0.00826956864075255489 0.89178079192136028297 0.00105119965505684303
4	0.40128456985805760482 0.02028118093106486691 0.00957336770654496592 0.00079374353035412137 0.40665913492258559669 0.10358361601321246226 0.05782438703818035958
1	0.15036562243209289358 0.42378481692491509758 0.01971077159626409211 0.30488903988722909633 0.01439214133075247815 0.08476481186574813531 0.00209279596299800485
2	0.00156411103642345927 0.00015853465663053962 0.99640297805518229790 0.00026871319866623918 0.00078816752633017789 0.00076067451989332926 0.00005682100687455675
3	0.38884217858976405369 0.09515440592880466952 0.00597057411568798543 0.47095828073762818766 0.01113505576604444970 0.01926442291915688582 0.00867508194291367711
1	0.12474747285622617143 0.86657408005838632015 0.00180932284413075307 0.00123929153525003050 0.00032952951380697018 0.00496864286698220012 0.00033166032521750229
1	0.00743139407075808084 0.92297654465925282885 0.00406952379357267309 0.01235012493272062521 0.01645016584731346515 0.01922568356498598890 0.01749656313139577937
4	0.02690553281914501854 0.12956338980138479289 0.05203253257687437405 0.10830918210747292330 0.52829601483683186203 0.03003850752360593540 0.12485484033468520482
6	0.00025758876426455523 0.00012632300595708199 0.00047236152217533924 0.00011024531507620582 0.00393919737618428703 0.00061337182618988065 0.99448091219015355424
1	0.03373608028910449197 0.66289020300292211818 0.08605380572320377175 0.05202891863374149023 0.06692523961994635562 0.07289854983534756194 0.02546720289573400214
3	0.01584111441866163303 0.03860257385417501658 0.01044340362527008785 0.79618639870765273159 0.05376766018179710005 0.00978335994785501512 0.07537548926458931264
1	0.00044163871876112083 0.99646199612652108790 0.00067719087035075516 0.00142420169848658405 0.00009710639114759169 0.00088274849665041766 0.00001511769808304187
1	0.00461873235948660928 0.97055151772755787754 0.00069000171694382536 0.00545650606925735492 0.00027315359346713502 0.01520019296862974365 0.00320989556465735813
2	0.02109902514107846530 0.00639061406623327860 0.94408697671422436848 0.01005754926703817352 0.00220339905989235712 0.00281848115627143661 0.01334395459526199583
2	0.00006941881994752934 0.00014239568850300742 0.99723985245642410291 0.00009425405437511371 0.00138942171784328466 0.00097926480169116797 0.00008539246121653262
3	0.00122214080706189543 0.01781915282312443449 0.00011738476220660664 0.98068548431719970715 0.00002041386337970585 0.00010068418801956955 0.00003473923900816067
6	0.25665067815060843559 0.06130331339109675037 0.01633341674269679633 0.03487393016345458063 0.06285024133684558034 0.02606331493609996205 0.54192510527919757202
3	0.42107852305032350548 0.01140220238931771886 0.00951112910806941290 0.42362195284063430822 0.09662027402444972601 0.00740715322543203294 0.03035876536177319063
4	0.02310413075893016574 0.12722117026383858440 0.01617560185449281804 0.06524126404463204132 0.51754347202030714925 0.01192056608551107615 0.23879379497228805929
2	0.00079251382880751264 0.00116238828993915264 0.98443311160303348384 0.00353317707332955399 0.00333898442708477914 0.00579829539218807907 0.00094152938561744648
3	0.03220790839567970465 0.20106294800761501107 0.01677862369729058237 0.72082139341742512695 0.00239748889776271543 0.02641231678381658621 0.00031932080041029403
1	0.01279695396738581882 0.71059319849502322608 0.01052029484244925046 0.09705612150517632652 0.09125641503229918461 0.07407794847931857551 0.00369906767834894852
1	0.00575671054329747554 0.85023093122812309907 0.09204721139318827738 0.00429849200364559522 0.00748986910779655610 0.03847484977609468698 0.00170193594785571830
1	0.00045106423282512755 0.99292112121928854940 0.00354791925610711432 0.00222678514071530118 0.00013951759649238925 0.00046692431922740072 0.00024666823534479895
2	0.00399455036279500793 0.08743592737896778433 0.88714940996577873467 0.00268052425092351471 0.00042231297558742784 0.00767224318500820453 0.01064503188093900848
1	0.00533915070680238742 0.97158037696914967274 0.01297593092157372716 0.00316435718531643453 0.00476657674095273126 0.00162549442487488539 0.00054811305132974485
5	0.00313266033808732225 0.01222544113536608648 0.02751907992119092747 0.00069676267733987101 0.06120915989205654578 0.86535887387568888318 0.02985802216027000008
5	0.00887840124295308925 0.00622797558592442548 0.00213228982011975368 0.00255094710059752599 0.01210711387016761252 0.96597476355515932145 0.00212850882507875780
4	0.00079452438102833552 0.00669332248231721983 0.00049026802769905147 0.00094061163230034755 0.97047214047482333044 0.00124135095847238068 0.01936778204335874720
3	0.03187057959309685939 0.11536725308922182731 0.01086712465296697967 0.82699533884416742691 0.00096656266540926428 0.00659320294694308584 0.00733993820819424467
1	0.17142969680040723301 0.31798403769137806307 0.04122137810259186852 0.05619344538933747357 0.15432604925144527419 0.15548365494326740754 0.10336173782157233314
0	0.34921732683171574640 0.28670077773818070099 0.03982395220199017732 0.18287582811586494680 0.05643616410974378050 0.07997956240845026377 0.00496638859405449350
1	0.00241680305519137873 0.98844144822882340495 0.00027810320372234935 0.00815627993564481228 0.00027094843641289727 0.00031553214327642326 0.00012088499692840416
3	0.00232755649751434195 0.07562038726370250152 0.13738541679612248370 0.71940663448534269975 0.00847032948236246114 0.01868157066729815574 0.03810810480765660507
1	0.30006525348941287534 0.39882689791225872655 0.00618817855923297754 0.02683538427916811603 0.16680355761804671610 0.08908543282697371779 0.01219529531490679865
1	0.01042238281415355100 0.79445476953109162022 0.02431490033797977998 0.05568212081633004684 0.00360014297216226277 0.10641948636426321051 0.00510619716401952608
3	0.10121438480079421318 0.31414275854865236770 0.00885511048414902406 0.54342620655242612759 0.02008280506927660400 0.00333377443097397077 0.00894496011372760726
2	0.00002636999051189824 0.00523827196152056463 0.96044749107701965496 0.00020684115861045377 0.00012442677572324783 0.03395487328142694772 0.00000172575518667011
2	0.09115691913180215544 0.09818177163985676581 0.63059379132243154054 0.06972534058412042934 0.04547845425676481229 0.04658426068340930370 0.01827946238161526349
2	0.04410751250377064475 0.01488313111358688552 0.84260230363785404428 0.00201917208940064841 0.03319330224542618030 0.01056712011684278647 0.05262745829311873264
0	0.95955208833154115311 0.01335015071898117654 0.00477772167808203883 0.00286582411097804565 0.01282106196599179515 0.00483994793742851138 0.00179320525699718739
3	0.02063729314877552762 0.01443392093339322321 0.00118569739589085904 0.92492801788571010757 0.01934776698831553246 0.00754681800876779232 0.01192048563914733031
5	0.03918267706962150904 0.30930064007303637030 0.01920255397037128400 0.00642881564275677754 0.08730982246244252398 0.41729394023694843519 0.12128155054482324393
1	0.25003688752829011932 0.66492755631910460679 0.00525167129954229924 0.02920979915132186286 0.00273884849430082239 0.03447116412925471662 0.01336407307818548648
1	0.19490722567719884206 0.45541033330617286534 0.01083017385405885512 0.04671864560911444947 0.07468744203005661664 0.01275170729367569415 0.20469447222972275702
5	0.00055425928275435973 0.00213656682866590576 0.00608728464686891530 0.00328287588377670653 0.01165458710478916270 0.97446921023404331486 0.00181521601910175265
4	0.06109726946338681769 0.15168398481763317731 0.02908487419789911738 0.04563257735711570562 0.43102601791394851150 0.00385182311643503640 0.27762345313358172127
2	0.01481951526898111701 0.00429088526926395611 0.83405632607830515468 0.00187440312725097036 0.01323373099096952950 0.12267009740217646452 0.00905504186305366131
1	0.02088932508880964739 0.86241892687158250297 0.00068193039717318494 0.10666573543179923289 0.00527761222963957308 0.00344811215769948859 0.00061835782329558344
3	0.00188567687792986030 0.00406257936407668566 0.00700710947412589054 0.97198772511592312906 0.00530145246537141058 0.00038545399369381122 0.00937000270887973843
1	0.03007795093521962310 0.71555333046540836595 0.00454283707516395761 0.21277201057718722610 0.01021774763651726869 0.01657465910152723307 0.01026146420897649722
1	0.27062682829196194056 0.30614708195254097811 0.00358009740252580519 0.02089599951254882820 0.14771850837043276616 0.00750274332890767722 0.24352874114108186143
1	0.00000709040184269197 0.99989827900432792784 0.00003588978870521616 0.00001486518499784796 0.00002527372042089087 0.00000591801291328045 0.00001268388679111156
5	0.02794988251798376233 0.01966887932081918394 0.41751243417779421163 0.00061387539391417141 0.00014698444944494246 0.53371752616305645489 0.00039041797698693227
4	0.13735459276674563678 0.06840484121921329430 0.16100505092633998760 0.03839179059109350256 0.50538491888020686815 0.06911290337145890861 0.02034590224494178812
1	0.00050357405619573699 0.99923540524492804327 0.00002015641189614915 0.00008649039465355743 0.00000641523369715362 0.00014275758530776862 0.00000520107332179968
0	0.48081106105092391578 0.15889179727496094419 0.08097038081336514759 0.10945079418774644742 0.07126375563783396427 0.01898341363310344226 0.07962879740206615931
1	0.03970118510213026253 0.71739692471688631947 0.01910783397689452129 0.16497449318897483561 0.03616868753196596231 0.00949723140007222542 0.01315364408307603816
5	0.00344561459916333315 0.00087937076785967318 0.00120402307897741817 0.00275043739298807969 0.00007066740075311707 0.99163330812033523287 0.00001657863992317509
4	0.00565199355628684310 0.09048750509554599752 0.01661908806058028792 0.03148290636978312573 0.83119278180417077717 0.00389449228256885096 0.02067123283106475293
4	0.12023205685444099400 0.01243332177547534778 0.00580722205430211479 0.05752488404588403798 0.54916191923813317821 0.01359895845007675838 0.24124163758168770677
1	0.06966746588965627707 0.37322254180924724354 0.17765346025906733618 0.02897112130941663019 0.24195130624423799581 0.09080422870885174191 0.01772987577952215774
1	0.11607834455586336919 0.58111296839082149379 0.00901494719233598973 0.25186041238996170755 0.01345484568078823134 0.02087640671182961274 0.00760207507839953667
4	0.19850562748852149109 0.17851484247584914478 0.02909360697713431199 0.00557521029794154528 0.30834454128713417731 0.27422912361232859579 0.00573704786109098790
1	0.00740936341644925570 0.89553572623222821303 0.00080169647409207340 0.00021940980367866127 0.00010165797871277527 0.09553168815077857368 0.00040045794406008559
6	0.02511389258059737450 0.00226708165171526617 0.00704136418420098654 0.00102122324048182361 0.00164633919321804153 0.00154708199937977561 0.96136301715040684002
0	0.70459352332263813778 0.19752167700922348970 0.00420774450436827308 0.07673083919950547671 0.00375695532620149483 0.01232819790597767910 0.00086106273208574945
1	0.01784875176501918986 0.96970280071350012374 0.00123722300740421328 0.00440574771345804070 0.00434698924189653134 0.00093156744297131599 0.00152692011575195270
1	0.13275652116593245067 0.41213120433609823356 0.05502070280507147249 0.18541489975234692889 0.13627831624292452428 0.05655191875563262555 0.02184643694199376457
0	0.83279111976150088648 0.05669570056030958510 0.03307699408407371172 0.02927540556639132013 0.01514654188422867413 0.02553526939429481141 0.00747896874920100409
4	0.00055822993096563210 0.00196675233911166626 0.00083953240337861245 0.00009580950160567790 0.99267420690097218916 0.00230583927897240817 0.00155962964499365688
6	0.00826117545690482902 0.27990882131374733577 0.15112262724022962335 0.10637623570802033635 0.10930541776129701348 0.00666887000709306087 0.33835685251270780638
1	0.06738650388550684878 0.45862204975364578852 0.03452293848998552739 0.12678827536233280848 0.23941036866798345861 0.01923109495647462933 0.05403876888407065787
4	0.00038915084477385509 0.00090726029637725370 0.00013057368879914265 0.00003347793975447217 0.99634398061301077121 0.00068931270027078188 0.00150624391701417596
3	0.00152061694099402426 0.00193930823624110572 0.00085186131431009020 0.99552381846452964176 0.00001809475283952107 0.00012270685440669244 0.00002359343667907894
0	0.98231365714036100734 0.00052717723811429888 0.00003679427343612740 0.00033675388137846535 0.00099148844132890268 0.00017362342055351703 0.01562050560482774672
6	0.04826222838699673751 0.02263551848781562501 0.00394474786609671797 0.00712304169762113023 0.21339046197436306596 0.07066107516479419592 0.63398292642231279803
3	0.00154742828823591365 0.00354519946507445699 0.00464082713614626281 0.98992442466231500564 0.00009990323736001793 0.00019963989269748569 0.00004257731817074434
0	0.70668609091877054862 0.16694130150134101065 0.00479853241472139903 0.02206338393334294698 0.04427731946836109544 0.03049048327344080003 0.02474288849002224608
0	0.88775659974123155571 0.03549198166275259470 0.00605592210952998235 0.00366903660205377454 0.00923427392562477072 0.00913084079237938204 0.04866134516642795643
6	0.16945622477290592234 0.10332487410082902279 0.00362036129109149412 0.00222032537428742049 0.01574046368868358206 0.00588883995092216554 0.69974891082128032327
1	0.00228337703894203152 0.96843118825276552908 0.01061800103141042478 0.00139937213600372940 0.00009908265120666116 0.01543463042394177705 0.00173434846573002001
1	0.02380697620896220223 0.93204173934229472831 0.00693778809223736821 0.01209118519012557583 0.02098293216934936367 0.00177399912200129736 0.00236537987502948499
1	0.03334823536133004612 0.84627682068296838924 0.00659837102784748344 0.09710269555563881549 0.00238673745324209869 0.01289076231061131450 0.00139637760836159772
1	0.15592481809842398399 0.30717369767905616795 0.28712238300382447731 0.02390691006492863882 0.13117425588745032505 0.03711653370950355330 0.05758140155681293337
3	0.22625337852615676204 0.01683951580787881180 0.00061742558274177335 0.73419925335252944620 0.00549955377556258975 0.00599065969158533128 0.01060021326354545872
0	0.97455688072957902257 0.00133017727677482212 0.00166216465540042235 0.00107869961302209968 0.01581868015755277801 0.00047390683575805685 0.00507949073191294679
0	0.95013198597560433178 0.02517972184387744575 0.00029376195835182679 0.00604147491085324680 0.01533682343247522867 0.00233077734852488779 0.00068545453031300981
2	0.06534427692614434846 0.01099966235268486081 0.90167477368411030891 0.00085580808346562287 0.01028417777495630771 0.00954012503254697553 0.00130117614609128254
2	0.00155346810698888879 0.43127134339295514209 0.43810601400409199258 0.04045879810427133877 0.01110730051413667645 0.07131939230605911784 0.00618368357149657634
1	0.08828465065451135407 0.41162886058778297427 0.03806106068616819244 0.21669098918853238467 0.11724283368773306957 0.09645586688144994203 0.03163573831382216622
1	0.08589273762983358484 0.73501286596899650938 0.00323614586511809799 0.03550396942575281822 0.10358602320714847822 0.00509349611914108446 0.03167476178400956133
2	0.00613389551452723104 0.00317216739447017532 0.88027334101788345944 0.00049411681736521952 0.00710090130485858950 0.10147906047535658336 0.00134651747553891552
5	0.00896152065357352402 0.19567853845666283163 0.00438476551603749105 0.00236334319314464216 0.00298183238155323585 0.78505863238720352548 0.00057136741182447061
6	0.07177885651978052617 0.03871062298763024156 0.11546318113060920207 0.00678164043754264645 0.02759878860099148137 0.02874395550454296455 0.71092295481890288578
5	0.06820193474955972557 0.00892225378624887308 0.01959600212843880598 0.07537473647890555184 0.11922632953416734125 0.69068638579041830017 0.01799235753226133619
2	0.00171558700958846996 0.11478080483203886852 0.64954012253941306732 0.01811560217725436198 0.10317437640594746828 0.08037502659762275903 0.03229848043813438735
1	0.00028849414185003625 0.98758807571597384545 0.00695066609156467455 0.00107071531957088199 0.00013222564473686438 0.00386196127314092971 0.00010786181316336077
2	0.00070700294222084852 0.00076223827434422945 0.99515207819918505283 0.00078872558248672985 0.00202942227234614034 0.00047994940760291244 0.00008058332181445071
3	0.01627536904936721998 0.13307096108232857601 0.03856341850106367874 0.28580212142064104208 0.23865403759319789301 0.19253021008035856032 0.09510388227304317210
5	0.08722417230360181295 0.28142938960037977569 0.05474153714710745799 0.02741016167307725598 0.20350174459977168895 0.30770996625129537483 0.03798302842476641850
1	0.04740329778259279314 0.65598603391252574557 0.00761422676242110713 0.01522468277456263432 0.24016536838018801014 0.02800840928323513473 0.00559798110447454200
2	0.00000167578670133241 0.00001958119282470934 0.99993600852180664074 0.00000971983261141718 0.00001626958579795450 0.00000998470230004018 0.00000676037795915076
4	0.20234771677016941127 0.12480914197858773707 0.07905341917376432215 0.18076125363141334890 0.31338452406009076334 0.05776505568092635268 0.04187888870504782174
5	0.07468436985689876073 0.35395203915219786150 0.10233074404691611115 0.01514926069352654121 0.00770163204607933211 0.42180680583492463631 0.02437514836945684979
3	0.00507615462838803804 0.01196609102337033159 0.00178040142656419762 0.98031355658974395073 0.00058556134789354434 0.00014766097958395451 0.00013057400445638380
1	0.04788697057027021392 0.89304121747085807304 0.02138359544233545476 0.01315268769409733834 0.00310806868299953959 0.02078099293116859522 0.00064646720827058564
1	0.01328713326833397441 0.93008822294307913481 0.00148938912304476777 0.00183247483215617899 0.00176937053779459286 0.04189776700038102403 0.00963564229520982689
1	0.09229111322099785297 0.74276192823113218466 0.02211854730741007538 0.00273760304385557750 0.03331848086133528536 0.02787280716758338064 0.07889952016768522758
3	0.00517860051329696591 0.00126111859752859917 0.00356249863944303529 0.98494478057022338824 0.00109829296822206986 0.00044668904109588603 0.00350801967018957855
4	0.20612366036641985301 0.12946650608605966837 0.05320323075395295975 0.10423989917224230073 0.30993530876850622358 0.01413205362635607670 0.18289934122646320236
1	0.02097198809151188184 0.86835776787057239456 0.00754139504979272225 0.04727692651572022731 0.00956186655461204599 0.03049836180454441187 0.01579169411324655992
0	0.82639575630185713173 0.08719262583773677855 0.01688829754320126872 0.03539612993147513847 0.00896222051255117155 0.01117728409745557747 0.01398768577572269238
2	0.03436598945957303891 0.02400099655516169453 0.93481225135435441764 0.00298722357679141520 0.00113833140349662394 0.00241114381290763588 0.00028406383771522990
3	0.07321294439929351694 0.16274756270400317359 0.00124320984495608373 0.71479885138447563087 0.02919641515548423299 0.01475014340920817631 0.00405087310257945619
3	0.00046561193116474394 0.00896885325688232156 0.00038090563611916885 0.98869654388665406675 0.00031966191246486159 0.00061064234774215798 0.00055778102897219739
0	0.37088578015864670512 0.24344035873956401672 0.03359429411950924649 0.20251572704308520856 0.03282395886844798744 0.08930840635268683103 0.02743147471806011914
1	0.02908533037464780882 0.86682142241302961860 0.00245636536122869177 0.06512857182838839576 0.00870443614707700104 0.00768893551954922053 0.02011493835607944605
1	0.01010981888826586149 0.47516756031796936188 0.00373743478337732870 0.47291388826572000603 0.00148057396968665953 0.02151004244961418274 0.01508068132536590292
2	0.00229519152101674388 0.00277248777306284260 0.91846570883620459735 0.01191445498618025692 0.01915348404396522222 0.00518072621861851573 0.04021794662095127398
2	0.00022997934306615228 0.21018419811393665442 0.77949544340848220259 0.00732811389975247893 0.00010454122171307771 0.00232632320566119070 0.00033140080738886381
1	0.08249782674455628795 0.82489930115580678560 0.01158174314743295845 0.02251304874495804048 0.00168434112029603486 0.00098777780166993488 0.05583596128528045544
3	0.00052611571889085306 0.00024390654615138305 0.00006550666542661590 0.99903358032412681311 0.00002913833820919708 0.00000808241221616585 0.00009366999497971797
5	0.01961218690518452476 0.02033023850003422631 0.00457487540713311710 0.00123115297221649384 0.00167405982841151006 0.95107715415274163284 0.00150033223427869611
3	0.00022395684072491390 0.00601724506145725948 0.00173141668210625012 0.99005047485687314168 0.00123480981129923712 0.00008043367201986740 0.00066166307551915576
3	0.13364906999673795140 0.16420773295431495553 0.04252438746102416012 0.53635099367421401606 0.06323357866047216169 0.04887125332902426261 0.01116298392421268340
2	0.07474406189803849132 0.03905267491944260788 0.72406300182689276035 0.13501353151875225556 0.01353463184286251078 0.00530981105631561385 0.00828228693769563970
1	0.00169283806549224455 0.92272759389503000715 0.00191173786794832600 0.07169131629600312972 0.00023645287353405057 0.00031132762324145060 0.00142873337875061243
6	0.10166083768896150286 0.11536231964115786774 0.01916340373371779385 0.12997882540110602956 0.06854302053103408787 0.01344748106639821576 0.55184411193762439307
0	0.99452619181567969431 0.00038479877245055567 0.00011424570941752628 0.00078925842784814541 0.00210738884731878195 0.00088658808353894378 0.00119152834374653977
3	0.03933746269855328825 0.16389397667953745086 0.10235893581610468195 0.55859656157493586814 0.07237850032638755426 0.02707920738965531246 0.03635535551482576427
1	0.00650334355021500894 0.97197364762326310395 0.00846317360361897864 0.00590708757426245887 0.00025092470253959488 0.00519148215642039820 0.00171034078968010199
3	0.17937855737789715205 0.09463742369133316956 0.16228811654838490308 0.36370544485924616307 0.07658781469001081643 0.10570051669594096588 0.01770212613718671890
6	0.12932905320724030762 0.00063096538078866616 0.00072163215371653445 0.00311341270673976076 0.01379637130660100498 0.00381166561691202678 0.84859689962800199936
4	0.01066570024520780736 0.00284034819838194924 0.00210272318471722147 0.00022428578028993172 0.84373208163985746744 0.00106085094595622233 0.13937401000558849451
5	0.00648110177527192778 0.01152450705395970283 0.02417943619041027642 0.02661446518306311362 0.03963913357327043807 0.87283060984417759620 0.01873074637984712201
1	0.00001173260736625650 0.99960657738316816001 0.00003041067796228912 0.00000907578840934754 0.00000985470104507385 0.00033025990861818195 0.00000208893343035125
0	0.66623747611839534422 0.03555653394106814830 0.01449122192689702819 0.06136102791308219173 0.02170828125581983001 0.03319538470363606053 0.16745007414110166244
1	0.02196899219472330661 0.41279830310191995002 0.01520212370178465437 0.06621474426386184109 0.06183155291534328524 0.19548541748856879119 0.22649886633379878731
1	0.12521668736740149130 0.70547979537050020671 0.00742999155012944064 0.06245076866540542893 0.01361926859056380307 0.08265836388458548678 0.00314512457141413650
2	0.02478350285638706435 0.02340203358419849083 0.92551153248404915974 0.00219804795195157601 0.01862443676467948755 0.00459636738262108203 0.00088407897611230833
2	0.00871749830076905610 0.00813709593118915053 0.88601756752573401776 0.00174748997971095978 0.06051597915376519254 0.03371953936849758637 0.00114482974033490881
1	0.00092039017112375003 0.97004299067057209172 0.02293774791385816067 0.00259929510009756799 0.00030394530446832313 0.00142157543227193375 0.00177405540760849174
3	0.00099066359623353685 0.00443687561843711300 0.00100942782743760674 0.90937778545281877651 0.07307219055063540747 0.01023122455402635661 0.00088183240041119978
1	0.07012661489097243850 0.43994167695945207708 0.06179883839466573936 0.02662838636978864110 0.06565875360283975060 0.05960403881973538182 0.27624169096254608258
0	0.50427960140377070530 0.16255479079290269251 0.13471512063373849988 0.12980725578833235412 0.03117804989091405021 0.00973529302312885550 0.02772988846721287717
3	0.14599690783949420547 0.08087971377729917533 0.02312834443181807642 0.65596131996983253476 0.01643872299834401446 0.04395328832250883222 0.03364170266070315440
2	0.00150280614106023465 0.29506604600607533317 0.31468672703801292556 0.01194087115387751884 0.09179402733212024823 0.00381180062302537105 0.28119772170582768567
0	0.60128728011339782622 0.13745617240041985152 0.03704103177753739068 0.03449937935772479786 0.01802371824647654511 0.13345932206702931788 0.03823309603741429502
4	0.00181471422997698953 0.01217029985434306578 0.00200242520916257220 0.00298839750353445963 0.97871569698955396266 0.00074113744886796483 0.00156732876456074522
1	0.00788593164515871345 0.98787927948145415336 0.00088191629454849785 0.00158008407278597694 0.00122525920523315428 0.00038179154390421369 0.00016573775691546106
0	0.45309434591768327216 0.12334590291625888159 0.04817153839786555286 0.03744518927112770040 0.14773044463839829499 0.08046097368035942665 0.10975160517830652440
5	0.00301385507808374885 0.01488539010150641620 0.00732724204635287497 0.00362657081131039514 0.00102697301729690721 0.96398945442059968958 0.00613051452485073763
3	0.00576802328822853365 0.00352140529980125806 0.00272092719707651542 0.98584394465750790904 0.00152410576234670507 0.00007384094152369187 0.00054775285351572639
1	0.00652965000066023978 0.96976472139150315943 0.00017158094163923420 0.00509899664051930400 0.00099200553463133271 0.01738686791458655262 0.00005617757646059150
1	0.00096273605318781283 0.99624010893893411023 0.00021264294586390725 0.00222293084513119302 0.00015073476251537348 0.00020041030985250147 0.00001043614451463420
5	0.02516236476730235663 0.00378361662496582958 0.00094438757290757282 0.01279132439785303672 0.01403893654690347749 0.93962425429652984832 0.00365511579353798707
1	0.02735284175564197534 0.85292825133504301949 0.00383047173456236862 0.03115017457079134744 0.00548142090980979855 0.06523601796191513813 0.01402082173223651029
2	0.00155881529486957522 0.13565203468609263182 0.66106257271742774329 0.01948636211132617410 0.05925861360918666110 0.11918609626786517974 0.00379550531323261673
4	0.02755561271160896636 0.05445620485079197964 0.00705768439058569123 0.03556541788657594655 0.49890251852403832977 0.33283554401196668859 0.04362701762443270403
3	0.09390679035777509120 0.11004218990128218636 0.00105768747728889382 0.77866589220755633161 0.00159927246034652945 0.01237646372453738049 0.00235170387121348603
4	0.01087907606363735027 0.00407468969650765216 0.16498417556538161333 0.01115828888361623979 0.72694378786446289809 0.02352456307839100036 0.05843541884800338565
2	0.00016757131503386007 0.00876101145649119291 0.97860777437346013752 0.00026665509723192485 0.00019954743861964967 0.01050249248183199140 0.00149494783733257084
1	0.25165919338128528437 0.43854987345893037265 0.01637627351038139015 0.05089871803628562980 0.11072072219191697595 0.06233880867273596665 0.06945641074846423124
4	0.00021698043883795984 0.00054002320761048332 0.00004206607254933441 0.00000908398115875205 0.99780560519787619977 0.00019698560161897740 0.00118925550034943307
5	0.00002133643976155899 0.00059888241853151350 0.00059549510212215918 0.00004160592974921897 0.00049721158511975517 0.99794642700291169568 0.00029904152180470746
1	0.00787211768213964304 0.92538160144994141554 0.00782217416313651590 0.01078696279692431363 0.03108176506135719441 0.01420725256275955951 0.00284812628374171402
0	0.98647060769682648473 0.00489192522024265147 0.00057130249506799646 0.00341638572769705114 0.00251118738240085947 0.00046148629469084350 0.00167710518307438998
1	0.03710158926038242128 0.65799973038481185394 0.00761725926961605293 0.08088137977317470806 0.01963011891638812012 0.14686733141574628836 0.04990259097988059694
1	0.10461844085436305951 0.56637381146282639310 0.01165030877614305592 0.28831444603758499268 0.00861942388038487196 0.01520083227925867093 0.00522273670943899579
1	0.00159479312010855977 0.99145593304687273939 0.00216785864138605185 0.00067199690932401681 0.00087008365779899064 0.00264004748493613765 0.00059928713957336588
4	0.11112253088224141595 0.01111684372963348509 0.00613229037739713035 0.09798342140959090396 0.61670928537598690422 0.14352261048837014479 0.01341301773677998528
0	0.84490013468317959333 0.02265462179921685568 0.03924248047993664917 0.07369987786478586489 0.00518656895247780313 0.00546566893220063691 0.00885064728820252403
1	0.00694329427252736962 0.99194827445429323287 0.00021110705360663089 0.00027653050434015773 0.00005174784157846952 0.00055404300300462036 0.00001500287064904055
1	0.00143614990667847130 0.48339769444212710159 0.44889093201060392690 0.00263028445250850645 0.00014615484233924790 0.06075873944074827032 0.00274004490499464614
0	0.53244484672769964995 0.01521546010264535585 0.00571037013847668171 0.00687499470618346212 0.06928350547066888798 0.35618188159411007243 0.01428894126021589862
1	0.12418876905886533368 0.52530714940543321578 0.04287882952609529952 0.19683793352065279136 0.05063503170124228348 0.04811595787460151014 0.01203632891310944114
