6	0.03588927658089672429 0.12302537322900539141 0.03607592776074993596 0.15944465948197783511 0.08570424635609916186 0.26169650640180969203 0.29816401018946131485
1	0.00449037649158942967 0.77088365375318568251 0.03704998554910516467 0.10830772885932316019 0.02182934813455933779 0.02617002214437116198 0.03126888506786520971
2	0.00037970800057141431 0.11798736195184762743 0.73552532049386232238 0.10516565635828319103 0.00879153523925223397 0.01639199158326316158 0.01575842637291951023
3	0.00490429222087711194 0.14086955747030424635 0.01046871923309123688 0.82272582377770919759 0.00255801479577319078 0.01051877935051392758 0.00795481315173128881
0	0.89957291955719353993 0.00245211998497142604 0.00612281404533490323 0.02795385231659265265 0.03442765647002034302 0.00195164932727049083 0.02751898829861674015
0	0.41216064275795621930 0.05913971436903856654 0.00887719886168070703 0.03258597865436217017 0.23372394488279524261 0.09695360351156963319 0.15655891696259746637
4	0.00000414366117730926 0.05177441532936712804 0.00482993253341857352 0.01576140486408939001 0.88580234192869555798 0.00120320097455638131 0.04062456070869536334
2	0.00393647037875651407 0.13387977231285430602 0.72753062595185591377 0.08747477292398422866 0.01276307245135215387 0.02440906021965466230 0.01000622576154222738
1	0.05345553685408768047 0.88151699853132348128 0.00051811530697645010 0.06006942105110689434 0.00234098208665875539 0.00097356268414694989 0.00112538348569970743
1	0.00023079849265989093 0.38534766030804845638 0.13075475903728087101 0.05590743646631107094 0.17028649595106726267 0.18511610379469109477 0.07235674594994151443
1	0.04243091190130347801 0.47853018264699243023 0.01705171718700335126 0.07239409629781956568 0.17769709849931400458 0.14912530663965806177 0.06277068682790880316
3	0.02980590903034851386 0.02179384153693731535 0.08702181712375395284 0.63643126449367826147 0.11931965316942351463 0.03717740287968528817 0.06845011176617284143
2	0.00007896898734540653 0.04992499859462582595 0.78708210243422715990 0.04485060364001498823 0.01056015053203658918 0.10039213804812573139 0.00711103776362430589
1	0.00176639907969684037 0.96182763176253449622 0.00233091542553222472 0.01052528939619270382 0.00234312034926525319 0.01643282642017205794 0.00477381756660610109
4	0.01406339796277726074 0.15062265947559430601 0.06408971007980551748 0.01922488005837329553 0.38463779027709293912 0.28222392546819669024 0.08513763667815985037
1	0.11079154320995975025 0.27623776840326291770 0.18070183208878889958 0.19417833535227471686 0.08640022374061172294 0.06237136268406124479 0.08931893452104071318
4	0.00830711730514849082 0.25870541318557449539 0.02781786633551039389 0.00872394516481862260 0.41793280903503859935 0.16182892911851198825 0.11668391985539799949
2	0.00325817743005446959 0.07602884916392009529 0.77974247753480263601 0.00960904505644574920 0.01244169341020615743 0.09137503374929130395 0.02754472365527914357
1	0.00547638839899493735 0.37990579323603340667 0.04079176462036197826 0.36809850918282410737 0.14273365758167766426 0.01105940018443482033 0.05193448679567429921
1	0.00014217236376153975 0.99310904957450618635 0.00040180391864373265 0.00493101188754000667 0.00048920348693794961 0.00046839294972262957 0.00045836581888755322
1	0.00019481125247775642 0.92189063074204946613 0.03726652173291097186 0.01875372231509929780 0.00172088045119016459 0.01319047347809255630 0.00698296002817924959
1	0.00007445378889667527 0.96918396940022122354 0.00788719155581358439 0.00712122627035105451 0.00147629548640740467 0.01182511288458639939 0.00243175061372652478
0	0.80615288357670611408 0.00806893147595032396 0.11124688438356440667 0.03352922469795733412 0.02716689096318839966 0.00801155655427572382 0.00582362834835768988
1	0.00096947664829176363 0.77543513037592015635 0.05901307144774415453 0.02588057070630009338 0.05586382149177825107 0.04713282660573428484 0.03570510272423116360
1	0.00001625996112668935 0.69100882841634791998 0.01401892266089613953 0.27734065217066522502 0.00537169877425903650 0.00412254822381141837 0.00812108979289378856
4	0.00903458847822843393 0.15918949160375903129 0.03947977378990320113 0.02374351725683828546 0.64026098500189210228 0.11399354470913758419 0.01429809916024206602
3	0.10247260319638971937 0.10639370925320908168 0.05931684515118524487 0.62285106418567359743 0.01084047837992083499 0.03702405161279301304 0.06110124822082860924
4	0.00004994512756851250 0.01586213663306492230 0.00358351190349854827 0.00191570687175029639 0.78874889943352755051 0.07416915146390143376 0.11567064856668941852
1	0.02232155540808539521 0.78154094861358280877 0.01595339069359538731 0.01270199485652325107 0.04840833412243369244 0.08774025878138801138 0.03133351752439111210
1	0.00424529625921909320 0.55751988787789497071 0.02694233840937342375 0.00325104679779400756 0.03324192160532987717 0.03803391552631523592 0.33676559352407348102
3	0.04339824117609302617 0.05923306750182596309 0.02564841807957538369 0.65479810139348215703 0.18130098027722818532 0.00549983416559186866 0.03012135740620322522
3	0.04173040584001160014 0.17925542382409268005 0.14538148755732072104 0.30806045261348175002 0.11128822864404977477 0.12367367940500385848 0.09061032211603990694
1	0.00932077664477218813 0.42790763591176400604 0.04221010721230974289 0.22034766819139306460 0.17096531248393989633 0.06937207897217573249 0.05987642058364536779
0	0.57739028150913340731 0.05036714907884175946 0.04957328693821148879 0.14479424264583548587 0.06248009241517787915 0.07467308183226874230 0.04072186558053128569
1	0.00075129480510585146 0.81896486067825324806 0.01400752551232454894 0.02226750927709836639 0.02300741199807967638 0.11167779634469705841 0.00932360138444101282
4	0.00158501359604036303 0.14945921607606635351 0.03454266581870605451 0.01341476424265951838 0.71874029297426822449 0.06108408173544274677 0.02117396555681638412
1	0.00005387529251107960 0.96048984179349217172 0.02180626011590844002 0.00361662740258929163 0.00197172432745788611 0.00484890864870655795 0.00721276241933346222
6	0.02481958924159678725 0.01795917507012166972 0.01541144042831548398 0.00767869653771734249 0.00860810217740491657 0.02564329956135050562 0.89987969698349334902
3	0.03860776450515106262 0.00858021953798903357 0.01488273637416603207 0.91292990925658934476 0.00568122640875243223 0.00881810876478024419 0.01050003515257164240
3	0.01120618013670588407 0.43951486526717159498 0.02929973697765360374 0.45089094778912808259 0.02406493464221985679 0.01800840213487657840 0.02701493305224415484
0	0.99773735153452514091 0.00085055977886850937 0.00010486439274418017 0.00075250873590208952 0.00029140436270626275 0.00020453987417572392 0.00005877132107791013
1	0.00051145037552940823 0.70758230569570312873 0.15397258151248419122 0.02733060200155237873 0.03353993892920391351 0.07176770075972568885 0.00529542072580000377
2	0.01763910393058575748 0.25662736383870832224 0.33983155980072093927 0.14217844904820212126 0.03987959533435765647 0.15617694031328896442 0.04766698773413599599
4	0.00142045917567439170 0.11922252340004316218 0.02078770418269357614 0.11225312486989397209 0.58370197407281043667 0.05479517567046616328 0.10781903862841839270
1	0.00728726482960638001 0.96896672196585242887 0.00628439710244574259 0.00382606057239831196 0.00205045105507541212 0.01050854988764955179 0.00107655458697238212
3	0.00007277333120333207 0.17056294562607543508 0.01174075316464878033 0.72541200230943236882 0.01501687480463236718 0.05040775350786964176 0.02678689725613839570
5	0.00002696035030199910 0.09822659215723654469 0.00047304327812936018 0.00005673136449715814 0.00076256710863407170 0.90041378594407683877 0.00004031979712453588
4	0.00010320785729650560 0.00389455648764736343 0.00164953111490268815 0.01013304645468880195 0.97408505836951397860 0.00108285444407260146 0.00905174527187783268
2	0.00201716947253939528 0.19460557826296887018 0.68850646893058997655 0.00825340612554690579 0.06764814390736419158 0.02479264920232133670 0.01417658409866872846
0	0.41995973442957040822 0.14200612622808628238 0.02016963946697656815 0.34975971485097284708 0.02292859778347737520 0.03097436787367913516 0.01420181936723730748
1	0.00460749102525984458 0.81971845316859859309 0.06700380933989016907 0.05949423277134945065 0.01424031317767240901 0.02313865363727719143 0.01179704687995215655
1	0.00003312383992688894 0.69763606884522066931 0.09581201474310464816 0.00587904091389031703 0.01438623848055002770 0.15779563854594769179 0.02845787463135776574
1	0.00184264198605465774 0.95270797521482608605 0.00156464364090313124 0.02754106808599944209 0.00702236037486157413 0.00614066569589886545 0.00318064500145662753
1	0.00049837327901388956 0.64793007692050863522 0.10844763472052396103 0.09387708102806122112 0.02688373248107309155 0.07507148787858947125 0.04729161369223045669
1	0.00074075529042387349 0.98098577019955657263 0.00216911548823314412 0.01097029385573175878 0.00156615461749838179 0.00293349018114803317 0.00063442036740794555
0	0.58039613632893938266 0.13988289639729589720 0.08790414782040274766 0.08288248968184658283 0.04068529746678638259 0.02298192075535445550 0.04526711154937443360
4	0.01798554624490318610 0.28377537986447054497 0.16352914169366083996 0.09565142652917629773 0.31877903826248599195 0.08876925093782055132 0.03151021646748340677
1	0.00281523099668755687 0.95099747730302408577 0.01360138382063508407 0.00751036537844689163 0.01740177935922999561 0.00533662119331199548 0.00233714194866442874
3	0.01206054652117009504 0.06387339745715388262 0.01066707692043462885 0.51108749628172123192 0.30499017337698874908 0.03564139969392639967 0.06167990974860468323
3	0.00006346825929706217 0.00033192079374765802 0.00034247743133825282 0.99888790783934111595 0.00003196456706878846 0.00008557724048869391 0.00025668386871797576
1	0.00082325740746536189 0.81144098324033298031 0.02086403868432284633 0.00206046694686465911 0.01306441340296243640 0.13918694120802108105 0.01255989911003141390
4	0.00000000197237062672 0.00008153932785292492 0.00013473928604499182 0.00046554656982190343 0.99807252437012716761 0.00008435074764034454 0.00116129772614165759
1	0.40314426841340206265 0.53452210805263222770 0.01316101133167236516 0.01317136673721798837 0.02753418624962443786 0.00455161833100438482 0.00391544088444666181
1	0.00162827518924191770 0.94134204802160015291 0.00188230753448430594 0.00724032243503307509 0.00349975605048908570 0.00872594125840697558 0.03568134951074328903
6	0.11107498824344740063 0.12595629286048481976 0.03279699161738526547 0.03032065736498241668 0.08667852430788730578 0.03205632678677638320 0.58111621881903652298
1	0.01761303694882487836 0.37740510318015169089 0.05217169702711069862 0.06708040138466597746 0.14100513626177532678 0.18346395899067680091 0.16126066620679491148
1	0.00122060368342034051 0.54531173488166440055 0.06074937106805761849 0.02154501914762295758 0.11872970510813792011 0.04211389478627742405 0.21032967132481875105
3	0.24225332670697682924 0.21382888216403228565 0.04662053974004441020 0.37450978462557826809 0.02648915231982994223 0.03500831789117633819 0.06128999655236203048
5	0.00010804589960261130 0.16090150729415120257 0.02057919069999546852 0.00542127789870557996 0.04549660414383384366 0.74825960332022656285 0.01923377074348437549
0	0.72849806728868260475 0.00990512386887210279 0.00676126764215758541 0.00337895642551882354 0.15540752792835815788 0.03926302055254718426 0.05678603629386358431
3	0.01181618853960102536 0.34368731845513861289 0.05057822031179377842 0.40690312543281814683 0.04795691585715770866 0.12866128239362231711 0.01039694900986868828
2	0.00144735236855245836 0.00030925011683200973 0.99128425710704026752 0.00076269135613535202 0.00229546794954591828 0.00345986193342014223 0.00044111916847541885
0	0.47383892117595799442 0.10375090622866831036 0.01693069798581325544 0.33196223586436962583 0.02118620521324305131 0.03587809123810780515 0.01645294229383998177
1	0.04722083408621827183 0.93555762819946930442 0.00253843798066242078 0.00384983472120220202 0.00101089042609132560 0.00873118000349296097 0.00109119458286368307
1	0.00025181655291028286 0.85240851556675245604 0.01187849575316673838 0.03684820701859591735 0.04494224702874866084 0.02636884621600699488 0.02730187186381896267
1	0.00071968604227738784 0.53483827059295863116 0.00404149101190442745 0.42807268621525851326 0.02230461020679853912 0.00494813404523867899 0.00507512188556387238
6	0.00042058600868975966 0.00045370634148348126 0.00159244155423127263 0.00093281203030982289 0.01194599748395196170 0.00456317546327941834 0.98009128111805410288
1	0.00779349999603474834 0.65537333397415198366 0.08092865368091825551 0.07757211068656084951 0.07568255246010673065 0.07052045937290864208 0.03212938982931833748
3	0.00594412821020445185 0.06373311843643478247 0.03046054482071298281 0.73432476456449813362 0.06889483709135790779 0.02870205420123562653 0.06794055267555594579
1	0.00007368101385069277 0.98622924142714551987 0.00264621598849801645 0.00705246024525884099 0.00072815767041824609 0.00304557630236951954 0.00022466735245670456
1	0.00030111532225433663 0.95600002187791721653 0.00214979890957889231 0.00838853456938345489 0.00217502550276512481 0.02580680398985753243 0.00517869982824396662
2	0.00305833114005006320 0.03712934698372548359 0.82346624785583422135 0.07460860797722587701 0.01442750638395100433 0.01586655985091401169 0.03144339980829906345
2	0.00000766168792526959 0.00024992621328184751 0.99022393150767884507 0.00028891635202420363 0.00566563889800062500 0.00287263434202880870 0.00069129099905999869
3	0.00014502893085727774 0.03147777061109965913 0.00052494630863505120 0.96678599985865454336 0.00023155156855794726 0.00053569816596834793 0.00029900455622587245
6	0.12420686969842453795 0.01884887287868513076 0.02018384662403792731 0.02508725972820156219 0.07278336827922671226 0.02701003440019721785 0.71187974839122691861
0	0.67213554226413863013 0.02737845622406531038 0.01875945438815654689 0.14031466230920808247 0.09842472559658546616 0.01530335296473490231 0.02768380625311117962
4	0.00296205095208988082 0.12091813179677086965 0.04459985219897535935 0.10908687662182241229 0.51763086997274343481 0.07145416738721943606 0.13334805107037930871
2	0.00000600687616419496 0.00260702804048211631 0.96954949238034326964 0.00389500929105292054 0.00788917555370613477 0.01240966407360391544 0.00364362378464897548
3	0.00818949737269058717 0.21694222868672599636 0.03874761071308061716 0.68537517288395555237 0.01047834631997903408 0.03796943172418335705 0.00229771229938440652
1	0.00713965566351481076 0.68418835846010805923 0.02366537131592504756 0.11566833146237644192 0.09585887582690690023 0.06282261716383030770 0.01065679010733901373
1	0.00119834100408721983 0.80622202806748133330 0.09106579052303197253 0.01876651705737914302 0.01821221821290064380 0.05682653248446305899 0.00770857265065600337
1	0.00012669669950006232 0.97908272618670844079 0.00682287720686433532 0.00863583559853432770 0.00105426187061710805 0.00224691556458146311 0.00203068687319294533
2	0.00009446245926327218 0.13734541748757631008 0.80513931522685133757 0.01409164509466204196 0.00353365732696197957 0.01708877697594909928 0.02270672542873705679
1	0.00229252681091898520 0.95281338087112477098 0.01313264693624852271 0.01637166255685025204 0.00901660878991570637 0.00473054783875942204 0.00164262619618275592
5	0.00167633425004992610 0.03378165115388020306 0.04621785583404908193 0.00819220655931892847 0.20634330784931123604 0.59522655324869488958 0.10856209110469568213
5	0.00094878997614054731 0.02544720895525073162 0.00843443418969411912 0.02462154364444474677 0.08164883774382258874 0.83814225520738516728 0.02075693028326202824
4	0.00000072114090775604 0.00512236926289689771 0.00092719568857667248 0.00083895946535653121 0.97317371515590045394 0.00469426989170404225 0.01524276939465814620
3	0.03780656942247791197 0.19694249349515671743 0.03058183655893384478 0.67977265914120377222 0.00847972090140138024 0.02779833116888753494 0.01861838931193867536
1	0.13347955308529985130 0.29899008647347835588 0.04696405311968981228 0.09160323406298366555 0.17269382643254546639 0.16826799308542217393 0.08800125374058047345
1	0.17818403963360557318 0.44922193943494792556 0.04250669344044160497 0.20694575964822131686 0.06208217035733507028 0.04978201090570067572 0.01127738657974783343
1	0.00060533213545736211 0.71268311373080883708 0.00089514404377716772 0.28229214091846649426 0.00099468276668393443 0.00160267087772378455 0.00092691552708282807
3	0.00005711180828018422 0.05490606680770278997 0.09396901595563915410 0.72487882630204303336 0.02919571366552036265 0.03560310613776046518 0.06139015932305460360
1	0.18792516359814659399 0.55114945860019881607 0.01099965982522480880 0.07159901097373153056 0.09978531226184725322 0.05583376926853012012 0.02270762547232087203
1	0.00215968522232333395 0.71510983072125033910 0.05189538533997151842 0.07952716353369218560 0.01842675744329254003 0.10597568972054559333 0.02690548801892437419
0	0.75003873105708207536 0.15885800041860781429 0.00355728351173906134 0.07366514579147813435 0.00778887014159143284 0.00245553736687791763 0.00363643171262382353
2	0.00000193969399601222 0.00878950108203573575 0.94970758240898622837 0.00080567039022097682 0.00208216949862570500 0.03844802394538425483 0.00016511298075075326
2	0.05035317673636130476 0.16077359673146160435 0.48878324273295786773 0.12680952105449008749 0.08227712160979992750 0.05311988002126460245 0.03788346111366493879
2	0.01262234773728903268 0.05498449002392376966 0.57904945544365893362 0.01609194597992804135 0.10538055892603667707 0.07929637106767410681 0.15257483082149003728
0	0.99335847947171773686 0.00221722597810267716 0.00047111421797528682 0.00130106221489804203 0.00093719988807217428 0.00110532167799880254 0.00060959655123550484
3	0.00332033028176663631 0.01558474772160297998 0.00346597030220818130 0.94348853498236640025 0.01385034868512812628 0.01026434164070377623 0.01002572638622405317
5	0.00915540131296113495 0.32237649947201862943 0.02643368455200920467 0.02099059672856359512 0.12384667953195088730 0.35163033687179579001 0.14556680153070103434
1	0.21036538345266272976 0.57967429037522166801 0.01057880759180868623 0.04900861331004874311 0.01419380194648970500 0.10485982867579012046 0.03131927464797800570
1	0.04164695704860234965 0.65108964098869093196 0.02837473874467869722 0.09673070486025643622 0.05887576322316547678 0.02952847128264498786 0.09375372385196083236
5	0.00041321488454175746 0.01147170920983102416 0.03724963930805334084 0.02770864494579236906 0.03342329248388710428 0.87878910294461354269 0.01094439622328082298
4	0.01915874815712191245 0.23493191885449515866 0.04016810883351674272 0.12219366728587574555 0.35251323166705839096 0.02444057341702011998 0.20659375178491168334
2	0.00070091944761962934 0.01128309674845729207 0.81253973805738122227 0.00814750378720370018 0.02416879994931689021 0.10964186848350451764 0.03351807352651695049
1	0.09773923557119823524 0.81364220771744510952 0.00170063076782949515 0.07112624778743539822 0.00874363234080579969 0.00534759534533226465 0.00170045046995363487
3	0.00003617322327916989 0.00839008226198242023 0.02137788986307745734 0.94050185022113030886 0.00852208346181485693 0.00538083040573608413 0.01579109056297853947
1	0.00659721114616077312 0.72352410884674656089 0.01206878068495624567 0.19934470502483842003 0.01983583201819344444 0.02635467885149385403 0.01227468342761059601
6	0.05337943114905228936 0.22999935424505435488 0.01999389272175689999 0.08881592483068104227 0.26648625747291165844 0.06724676792525260960 0.27407837165529091994
1	0.00001431053791064917 0.99951885929726536073 0.00013301180091488448 0.00009430399196873241 0.00013441479288774718 0.00004134655288555297 0.00006375302616841703
2	0.02299645795768946385 0.08523767962104919493 0.45836789934601651630 0.00961307472611005152 0.00638048065081938363 0.40934790278017585408 0.00805650491813974211
4	0.01765088196976866836 0.11864304366469966001 0.18270584276547544023 0.09949076548501756267 0.43412994903199925156 0.10006596279720786358 0.04731355428583180339
1	0.00049661574975117808 0.99894754361767434947 0.00003499033511591161 0.00015033069425914145 0.00005362897127951979 0.00029312177400365005 0.00002376885791617456
0	0.52395125275707687962 0.10674418465591974103 0.02575596359185034281 0.11377304328814080714 0.07214468876406829323 0.01289620232106543363 0.14473466462187850601
1	0.07843316120040998152 0.71465717517444382612 0.01206161840809945492 0.15244875177628500196 0.02415860915872614437 0.01015585094255798231 0.00808483333947742841
5	0.00022213801452592580 0.00425798710541271368 0.00669136965847761441 0.01413301573639934132 0.00098845946600110719 0.97353332993099306325 0.00017370008818976194
4	0.00001586282672865033 0.17972616759208207005 0.02132248348435641233 0.01813982970733316047 0.74726798829954843573 0.00589088332326823897 0.02763678476668396042
4	0.02518431570223743018 0.02310533290919029176 0.02424653865742952205 0.16905786542123144023 0.44328475159260066762 0.11301094503329013607 0.20211025068402016514
1	0.05438919358659671105 0.37651122382381929654 0.19760687443155641740 0.06123151598431750275 0.18519116475659908039 0.09246034482379394959 0.03260968259331738922
1	0.07826447351502348326 0.54534256368131639459 0.01955943274885978828 0.22064720229077161573 0.03376894647598540494 0.07346601574955032021 0.02895136553849309707
4	0.05927377033981941212 0.29896204345551552484 0.02303182670179644218 0.05113196189647713219 0.34016747842121453083 0.20972413319951141442 0.01770878598566565099
1	0.00516559077372901344 0.89869117940078246942 0.00229086899495617924 0.00144340312862359984 0.00110837211311933816 0.08892736726607677888 0.00237321832271222052
6	0.08704803697703286658 0.01295561108546299661 0.03361913687882044782 0.01686682759408923010 0.01042967999186737889 0.03017982408733682273 0.80890088338539045676
1	0.08216185959634680902 0.60927716063933834434 0.02601315246854653956 0.20573522823839443530 0.02094381989128082586 0.04900359493333025090 0.00686518423276269701
1	0.02522362020071947444 0.91934130732131336128 0.01131703550384837755 0.01842780093078552964 0.01380925518084362771 0.00597247444243547733 0.00590850642005404537
1	0.07550855819861414242 0.36669361442810033402 0.09122391195760014282 0.22378911915915808417 0.12625326247746379571 0.07391100776321471444 0.04262052601584909173
0	0.97501399386463494245 0.00679166112318808479 0.00337905054185218615 0.00582409795365380119 0.00263916835670559161 0.00494766584133069908 0.00140436231863448938
4	0.00001882446426509571 0.00300608429850607968 0.00241765612694868877 0.00056393124034150130 0.97881283058191859148 0.00534965868599373510 0.00983101460202527935
1	0.00033891627293625414 0.27077892993380320297 0.21135003788150760751 0.17274980721214286405 0.15215607845617881710 0.02329132786322157811 0.16933490238020984520
1	0.02219692429802269662 0.38834838822807093983 0.04573085839002519887 0.15261889939891826184 0.25286136973919065563 0.06021779224060383462 0.07802576770516800320
4	0.00001225103165071652 0.00279707350081483033 0.00094495236351132888 0.00037950508748778333 0.97731809391483515093 0.00360716467137121724 0.01494095943032918046
3	0.00033144271757052003 0.00755669497281837542 0.00900604827928495714 0.97972684376259078221 0.00047477917518650982 0.00214673024898644465 0.00075746084356041092
0	0.99946074843036214475 0.00001252297045300158 0.00000115827143631237 0.00004458665498981988 0.00003355582301287172 0.00000650727160789186 0.00044092057813805959
4	0.00596043772067573422 0.05829597611534596824 0.01282847921327802919 0.02178154575873876564 0.46805007914858665075 0.10873226427488372203 0.32435121776849118458
3	0.01242935780018187067 0.01062407206449150245 0.01989244927952442746 0.95257416093524560630 0.00162065682997805465 0.00209322926740870569 0.00076607382316972914
0	0.95614365828769465327 0.03134940419131361511 0.00068354709570681872 0.00205889345646779413 0.00392418475747312312 0.00350525638757687510 0.00233505582376691053
0	0.78720503030064647998 0.06497366427748697826 0.01506703883696846810 0.01424060893456505390 0.02869915755465238597 0.04385552390277729085 0.04595897619290324754
6	0.04909422203228113596 0.35350141619241648439 0.01641313067623642249 0.02373368124939972609 0.08338962510158472174 0.05429906270260910495 0.41956886204547239050
1	0.00031708202746160872 0.94578458659296549271 0.01284249001910494660 0.00790593484013565363 0.00121492627230762097 0.02404397910552881143 0.00789100114249677298
1	0.00440323478716005568 0.81200555983984989972 0.04780338070389605898 0.06903171180743299107 0.04727593443454794486 0.01206466132307018255 0.00741551710404331210
1	0.01346720455545938160 0.82006229571980526760 0.01076907979637787074 0.12715398320611337457 0.00811784043597815926 0.01582548108415310351 0.00460411520211253394
1	0.12571361974839018183 0.29229643589565112993 0.24131797220387912750 0.05137927332066986874 0.16426845071134316134 0.06182494751958766965 0.06319930060047904141
3	0.01098175237801669521 0.00200136368311298234 0.00034823784417711622 0.98048735947274590075 0.00152657164539314822 0.00259686558760205107 0.00205784938895307856
0	0.99226347109848367367 0.00102066387666750660 0.00059754127948250587 0.00135328797168368740 0.00260457241659333002 0.00057093048854138821 0.00158953286854809071
0	0.98911631703316860165 0.00363076953769014355 0.00009941303674793044 0.00341114715633178325 0.00220476732406272224 0.00041733937441680542 0.00112024653758205123
2	0.01325538947164399926 0.03527442354954563042 0.86967272906844650393 0.00259998505438425445 0.04992621799143224376 0.02318935000395022303 0.00608190486059613251
2	0.00002411413145016059 0.23389472072149300463 0.48166822340160964089 0.11475814388069810468 0.03543372542667302255 0.11345422534070304099 0.02076684709737294451
1	0.01212287306064799980 0.47781534057842578456 0.05566887636270133333 0.16422655030693680822 0.14473624208969362859 0.10582120950927602354 0.03960890809231853993
1	0.06221203271540064889 0.70270151824776960758 0.01188731112532261276 0.06250237929023207128 0.11454090741707198542 0.01195189755490871052 0.03420395364929483539
2	0.00446173243020650881 0.00814543706127795857 0.83312196087635403963 0.00736873344688852589 0.03970918898139773334 0.09236846660895572936 0.01482448059491955558
1	0.00468860509524868154 0.54491864716018822978 0.00802196951292066460 0.01521130092049507304 0.01226561101132894911 0.41169585794737206808 0.00319800835244629439
6	0.02044295539887152138 0.14953495865329061165 0.15153095483525791387 0.03553015694244128497 0.05264347149905498902 0.07081540575902578460 0.51950209691205817553
5	0.03929910025907922683 0.01715547329037813915 0.04487033775248421702 0.14301510873514178268 0.08464582133227607774 0.62678803131923954695 0.04422612731140126291
2	0.00006354958125530413 0.09407140652409899662 0.55890373697000428344 0.02584374789390583502 0.20255072040580879289 0.05678972777304788083 0.06177711085188043044
1	0.00001612276569798810 0.95654169854639270465 0.02450806764353965703 0.00410480833364264795 0.00108092521037724226 0.01218103464571726642 0.00156734285463247460
2	0.00006725912065736275 0.00059117637788458442 0.99185226499641410136 0.00107549000631902637 0.00375641960684244694 0.00204849158917569602 0.00060889830270697176
4	0.00105575404841595387 0.14843380218628476896 0.05642910674383963543 0.24191748183342454137 0.28814853754227820470 0.12993031625967157994 0.13408500138608536734
1	0.01932325544792320646 0.49022508931940428356 0.05884806187872199112 0.07025023287087998891 0.16904440698939443566 0.13431897812659757130 0.05798997536707885953
1	0.00299083684296254588 0.60351774823676174186 0.01962581970324638395 0.02678094659937046637 0.26801069615979766780 0.05728254420513177736 0.02179140825272997059
2	0.00000018810135794059 0.00023006053991392355 0.99839799176764598698 0.00011464112629610557 0.00035303238068459933 0.00038725109820703725 0.00051683498589402460
4	0.12311814381244509664 0.18055660654630190098 0.09478676417805322052 0.21875909809085847257 0.25302857883690182961 0.06968174456847972542 0.06006906396695986528
1	0.02406346443590187331 0.50576872575296250023 0.07354728922798266233 0.03134418796796671625 0.02686638382927138136 0.28393344050776625487 0.05447650827814858737
3	0.00720259680173624371 0.02532878267468324784 0.00381675503925108265 0.96078101226441070537 0.00135807284361178469 0.00070100899122518042 0.00081177138508257811
1	0.00225291358612624828 0.91581522228072653746 0.02731145677257747900 0.02392789992335327826 0.00669649539186970792 0.02193756044279089601 0.00205845160255718447
1	0.00535188899531728168 0.82217716867510792778 0.09399417037194564284 0.00082037503612140158 0.01043262712148290867 0.06481086850889473949 0.00241290129113092347
1	0.01327807178764696221 0.62332818979044402052 0.03819608355190335508 0.01154357770763070334 0.13477900374415544005 0.08477319416036013799 0.09410187925785966356
3	0.00209050578485265280 0.00353725011933139245 0.01215824702123356922 0.95806752172174136639 0.00526979298700193475 0.00538962128304914558 0.01348706108278946783
1	0.13362077778141401296 0.21154149668046381971 0.07744860783653127745 0.18791365927690811821 0.17574556749180478277 0.03950750135002684127 0.17422238958285105048
1	0.00308793300160204722 0.79410428889699991029 0.02213442391923113595 0.05663528524649978635 0.03763352526196425685 0.05853297296037717617 0.02787157071332511254
0	0.86909195754009127555 0.06165245843872158016 0.01520838357228832156 0.02695763303570526681 0.00960083264246104282 0.00926136670714313402 0.00822736806358901653
2	0.01030898501570337231 0.01012926280818680740 0.96748380073187389971 0.00202362304120091985 0.00313250179067305025 0.00571398448231484352 0.00120784213004676956
3	0.04039601547772680989 0.26721375625755589001 0.00486781079694740670 0.57797694403747557068 0.05680724343845564017 0.03030198900983208793 0.02243624098200658334
3	0.00004340807294989029 0.01424681883584664500 0.00426528983602844983 0.96444965935028559301 0.00416072662136549466 0.00731329019041604064 0.00552080709310798830
3	0.17132974712012005725 0.22572716548428814476 0.07643082538945293603 0.28637217682494409132 0.07830626483321018183 0.09757082836564608119 0.06426299198233859089
1	0.00404798533772194376 0.77755414125979716022 0.00800237518800002434 0.11290427045311633714 0.03066615333423822198 0.03084166000710938244 0.03598341442001588147
1	0.00042229864316828929 0.51621974657009317422 0.00841330493636074754 0.42706348112454772803 0.00780626333629128553 0.02697699953511121032 0.01309790585442730838
2	0.00001767523339419842 0.00809090392492231754 0.77336468065124608362 0.03381813621828570759 0.07290169959084005780 0.02681461054750711517 0.08499229383380525749
1	0.00000406610353968674 0.61526372322958633454 0.34164508243441327195 0.03039072036337015642 0.00148455650128914360 0.00887894018082706349 0.00233291118697453006
1	0.01459894933800135082 0.83023462614430254547 0.02892191418826629140 0.07520459249598296370 0.00581071195146655971 0.00927891611363954733 0.03595028976834147710
3	0.00043717547740929942 0.00087841974862132386 0.00056805759289262981 0.99688294246840991608 0.00026433113241021775 0.00019587775416866782 0.00077319582608819835
5	0.00057300454235069995 0.06741408047764779754 0.01736121816187465375 0.00707190019292763730 0.02481944384327206335 0.87202023029123099107 0.01074012249069624184
3	0.00000803068150046386 0.00958388496048442548 0.02089660478673570354 0.95533614711743619630 0.00691127761079082630 0.00185995420786510385 0.00540410063518727540
3	0.05648919363739551142 0.28679613803639214531 0.07386527585596555645 0.38246189035558109115 0.10560207650294343995 0.06877991309495334882 0.02600551251676885139
2	0.03746335388488804263 0.08265499567680467674 0.62260650078926538242 0.19065548917558891584 0.02300229549228543363 0.02244986559471797566 0.02116749938645020451
1	0.00008964983946191829 0.67734777069647245096 0.00895196936801461417 0.30184417910854116629 0.00173823558580855995 0.00233556626930904844 0.00769262913239310460
6	0.09977186690422762405 0.10976598909866014386 0.05418860693852165650 0.22594828805358210810 0.15044465266915660329 0.08359474740704890550 0.27628584892880309054
0	0.99978823996481180902 0.00001885952207038069 0.00000194177842792614 0.00005014602130179479 0.00005235401011912598 0.00001676007908270528 0.00007169862418628515
3	0.00532889679922770969 0.16521240385143193263 0.10472780624457306287 0.51601278400870032037 0.10114535318109464657 0.05820146354854307397 0.04937129236642862073
1	0.00211071671592501665 0.97526346476949732356 0.00641880889928790870 0.00703682685212199573 0.00103977052931512664 0.00597198486437403378 0.00215842736947806932
3	0.19310049867887288388 0.13004427714330024646 0.14096952724665140488 0.31852999760680728025 0.08450229541471954153 0.09785626868552631252 0.03499713522412244843
6	0.28029114142895350525 0.00318863435335006934 0.00464763112783179305 0.01330059780813374823 0.05094195372929318649 0.01625350404604283816 0.63137653750639499695
4	0.00007105526057313461 0.01879078165580381002 0.00313912221593263272 0.00128668264283777339 0.86176725999592695970 0.00437005446100552190 0.11057504376792148815
5	0.00014601804959600993 0.02499397756768385534 0.05118210744466433759 0.08472649177458388414 0.08656716220736643264 0.70214460553612090266 0.05023963741998460630
1	0.00000227957609493866 0.99508757932830871340 0.00020881569632197940 0.00395982919304351238 0.00004426791554141465 0.00065230556324823771 0.00004492272744118185
0	0.69970399521124082565 0.01568583651938165388 0.00340119196104634799 0.02777098098076623972 0.02268318933999214498 0.01424028346489207911 0.21651452252268058030
1	0.00040250539177306993 0.41920395477956673425 0.03112899747671826062 0.13517518786595433822 0.10030893043668585862 0.17702216496619183062 0.13675825908311009527
1	0.05131137865363727402 0.69201125165737065181 0.02020305764881007507 0.08710197373323727565 0.03813739367195764091 0.09983413229033695491 0.01140081234464997498
2	0.00833058437537963388 0.07130347113954542404 0.83742332324241641750 0.01711490906386141375 0.03868436468944284889 0.02108621559285010424 0.00605713189650316196
2	0.00289142551808394075 0.00563206579540800369 0.85419942575458385203 0.00202343373381531390 0.07246688399331174812 0.05845567482009064730 0.00433109038470644216
1	0.00000640718464475571 0.95459357214644968703 0.02407501356665798370 0.01192366504713428949 0.00164113383906347812 0.00398427661411224470 0.00377593160193896932
3	0.00039118510807792069 0.01174038434830728360 0.00734593360958827810 0.87286241396955033256 0.07429725445043561249 0.02677566927578712425 0.00658715923825346251
6	0.04149381857543012198 0.25476918479749544044 0.05776260858391064207 0.05052775335549380964 0.16698665102580287356 0.12023978297046375441 0.30822020069140315668
0	0.34568687319391999679 0.15505654024421677839 0.17064366351635218422 0.19334508457058316444 0.06209943939688511438 0.02737517899692649970 0.04579322008111624820
3	0.02261090304994200703 0.17918859487358262950 0.03942915479664259315 0.61777211205295101681 0.03359469322117793894 0.06128314638093759065 0.04612139562476615107
2	0.00008396901697317064 0.15440005498307174392 0.39954935717570688736 0.06355935408066039349 0.12916171335684248356 0.01613635139565898838 0.23710919999108806544
0	0.38612327565329163104 0.27470196959219633781 0.05186552376568874523 0.05929275658724979248 0.05008580926933037247 0.12824937933530608514 0.04968128579693716768
4	0.00002209550540670615 0.03118569692164369078 0.00524988621603904217 0.00809920022170336658 0.94753841402985194975 0.00199891171798249152 0.00590579538737312938
1	0.00970212898026926590 0.96880941977055989867 0.00273508822309197121 0.01047998598078524191 0.00495876004313840647 0.00187021912027616056 0.00144439788187861054
0	0.51181635892759191897 0.15099420416583467230 0.03476925692326528899 0.05026660532769769429 0.10206525127638789441 0.07887229373382739772 0.07121602964539532066
5	0.00161888003576289184 0.08098109755480403793 0.03232058784552187258 0.01595568863599553661 0.01191807368164746715 0.83334783184918237442 0.02385784039708594567
3	0.00023132728436311078 0.00305157133982251723 0.01165768392665106346 0.97355061698582479046 0.00649873779129021313 0.00132640234174741917 0.00368366033030131153
1	0.00129523468212487604 0.99104326720091873160 0.00014761287286325559 0.00237918727255084263 0.00141641202217946695 0.00354925298509129947 0.00016903296427086767
1	0.00039017777584097725 0.98953392888878255462 0.00095347886624269835 0.00717588361592040331 0.00069843239250843485 0.00106565409375145655 0.00018244436695357243
5	0.00605421490375770369 0.00322578816383565494 0.00226837901708940200 0.01034353289596964473 0.03165115527038396548 0.94167179848149107357 0.00478513126747197662
1	0.02714287943900496602 0.80713295988532129943 0.00804556263008670940 0.04206708832678143078 0.01806933037088725644 0.07651276969919387771 0.02102940964872473603
2	0.00009081971930436059 0.17474713188365717520 0.54636944926677333267 0.03696367442748973997 0.11529431749210687641 0.10696706236336880891 0.01956754484730158575
4	0.02636234226344518275 0.07843442460105959357 0.02064715506935789480 0.07978514992279447937 0.47019223250706754236 0.24832498519877913012 0.07625371043749611111
3	0.11813533258751643396 0.13154924949368032583 0.00744296007570835472 0.69640868953529244667 0.01029948664267952944 0.02109044304639092274 0.01507383861873197797
4	0.00060160203227275567 0.00383061967339027665 0.15585487211821300035 0.04322208456171139357 0.63710531406939130417 0.07902525183856527746 0.08036025570645627392
2	0.00003828207080874853 0.02583524295466756507 0.92407581318756237820 0.00397630612662367051 0.00507511433389181473 0.02866553458757560222 0.01233370673887023913
1	0.27219411086832168145 0.59662133286056429071 0.00121396013746414991 0.11333090659184398563 0.00636408836640205838 0.00680690092410666560 0.00346870025129699354
4	0.00000155593003285592 0.00192438037628613902 0.00019536692599906038 0.00012216740501316619 0.99211466061033348751 0.00118086606674432147 0.00446100268559251022
5	0.00000234899108908874 0.00400261991449936145 0.00587812621901740665 0.00120612916659348533 0.00977416898974822930 0.97548249487073213082 0.00365411184831981439
1	0.00998153320105717688 0.95216648140374937626 0.00735685600080126807 0.00778553112571208662 0.01204265409244063834 0.00794796191365993061 0.00271898226257921011
0	0.99805669256233153774 0.00090166942701789881 0.00002573773755734302 0.00053945142962524774 0.00020091465496907440 0.00002099463873137355 0.00025453954976741483
1	0.01154955114575460969 0.57347460642034353562 0.03263711999632499389 0.17087184809291058873 0.04518120006196806732 0.11640242465147203343 0.04988324963122648531
1	0.00244571834101427752 0.44821823383761671966 0.04109938525762103778 0.40285146958801831829 0.02399877601592753304 0.06705783061566585046 0.01432858634413650481
1	0.00009031007723492583 0.98224871686513282043 0.00420569837675318324 0.00562264429962753588 0.00192575763184102563 0.00385604318466277202 0.00205082956474706476
4	0.13208110173435202994 0.03369052369152848725 0.03168980848185361937 0.19994111379498552550 0.33977547538572905328 0.22849410312996118466 0.03432787378159012776
0	0.58773986020405288855 0.07820878090490530898 0.09134478815947810748 0.16026631746647210242 0.02957282041545838611 0.02177843667153175899 0.03108899617810154115
1	0.00412506320210390565 0.99385289981861890674 0.00039211389795552301 0.00063516540165820987 0.00010822092524682558 0.00080164148865242795 0.00008489526576395082
1	0.00000353732000263071 0.51052935706273694372 0.41706783451655604633 0.00757721925915266249 0.00229102632365527905 0.05318359031137923076 0.00934743520651813362
0	0.68253664407981218254 0.03117757007670835662 0.00715787802396212602 0.01217375392548932303 0.04735336870331437187 0.20470525613024051492 0.01489552906047326812
1	0.06247968127046171077 0.53719633420872692220 0.04695429410853679819 0.23922876944114024322 0.04780024358558122161 0.04486570018424799328 0.02147497720130528767
