6	0.12043305102233051174 0.12382732386483874532 0.02746381616099655837 0.16015077751046344345 0.04229994545761552038 0.21974861572374732033 0.30607647026000778245
1	0.01519633734028645600 0.86883753510759809124 0.01238136384065868269 0.07119393140769286754 0.00634047080783903781 0.01082042430954916964 0.01522993718637588416
2	0.00317017800589986876 0.04323864272491338007 0.87029538397986105913 0.06672709452349459558 0.00352985100435109639 0.00671538751731135322 0.00632346224416839402
3	0.02243953883574074243 0.13017689533272561175 0.00343868583977965676 0.83806070600221860278 0.00040014310089399812 0.00340294734821248871 0.00208108354042874652
0	0.82058798539914579173 0.00199066986675280801 0.00484465737433323329 0.03980910470881825203 0.07813332935257147338 0.00089127515609413227 0.05374297814228404940
0	0.32618648440352721041 0.05102976381531444672 0.00613761121748906957 0.02535612186233331816 0.25726176701093589338 0.11491199366612814270 0.21911625802427198151
4	0.00050916088863249163 0.01924257893266913960 0.00101266074310987558 0.00600396506231276345 0.93898349592245489159 0.00013305811032456250 0.03411508034049626215
2	0.01932898009204110298 0.09154057391624452478 0.81199070397566430746 0.05446181058311468787 0.00554517637307822865 0.01337651384759762536 0.00375624121225948994
1	0.01128916816634006545 0.87002721643748581748 0.00039212374807948630 0.11408020328479953620 0.00262704267804792380 0.00068042889963977756 0.00090381678560806503
1	0.01133749612739077574 0.60474395173516848345 0.06985550273434337765 0.02530753108958196454 0.11380096995332057708 0.15143981889847005218 0.02351472946172454559
1	0.21565958209634106257 0.43234833924851850950 0.01272497515719732235 0.05244816197144049758 0.12403273481673156298 0.12538764881403580143 0.03739855789573528350
3	0.11159299403755280899 0.00904787821004036409 0.05998453621420136300 0.69422037897069410750 0.06093670778043206587 0.01784030510973452777 0.04637719967734488941
2	0.00670906132093188577 0.03583089141135190753 0.81615265090371169610 0.02655574303723925653 0.00497203503621685729 0.10757149359958696755 0.00220812469096092444
1	0.00546796692528944868 0.98233154823097867947 0.00058252714270194716 0.00430567843565157499 0.00037509098876234117 0.00587503742152475916 0.00106215085509031235
4	0.03709630179128265565 0.26082935138801754960 0.06352064509321760089 0.00673707981448388570 0.34306394841908449678 0.21749402568103023969 0.07125864781288392125
3	0.19457434428067535426 0.21379472612536917775 0.18280909835736561253 0.21685267799763899288 0.05730632013430077970 0.04440519712560996035 0.09025763597904001845
4	0.02323235730167416691 0.21444893078611507176 0.01785098163750363162 0.00330801995468700495 0.52394333914980739664 0.12476049146975599913 0.09245587970045698878
2	0.00541792127956649671 0.01813750438648274038 0.93732429051456256364 0.00183178324273286378 0.00195646752312740417 0.03017449899699887333 0.00515753405652949817
3	0.04185655840636898217 0.30994466388167568605 0.02996691444616156677 0.42877392465769770258 0.11520917120043006054 0.00515583529586096257 0.06909293211180503325
1	0.00011632801156037167 0.99713312463331527091 0.00013898949244718335 0.00220958936298207894 0.00013020915625205147 0.00013261163481080894 0.00013914770863043244
1	0.00118801451781357700 0.95949004588401742843 0.02103904104464895258 0.00877853438906756219 0.00044227261543687248 0.00630854527295321692 0.00275354627606197834
1	0.00097904477887481305 0.98995442248795961770 0.00214466138709622743 0.00184768991805267600 0.00022709722356308891 0.00444058451420036113 0.00040649969025364531
2	0.25520954448607818810 0.03575302729692883541 0.55106419694474084725 0.08551676584134373926 0.05646782239401618164 0.00888240782559135585 0.00710623521130065473
1	0.00308972309492916994 0.86604832999344283362 0.03694554742407360481 0.00954762894067645411 0.03197748905765712690 0.03305120111295110213 0.01934008037626968463
1	0.00064246899574932207 0.62585542597836474332 0.00430078008048077193 0.36343261713445579320 0.00138230034212821220 0.00073198081688219147 0.00365442665193859871
4	0.02159472667172311622 0.10353275756531109264 0.02943751094159141254 0.00768533544636243286 0.72074219926411198234 0.11072563709063010240 0.00628183302026960339
3	0.10939927307165940584 0.05582290918627637322 0.03673424535939016217 0.73798537282028087159 0.00267812335002016056 0.01914017357280519208 0.03823990263956777297
4	0.00652905024189191514 0.02717632346507663568 0.00139082208087038754 0.00065985338987276554 0.74533678278403792117 0.08819656884294875543 0.13071059919530225724
1	0.04476874081071963857 0.85013592169035878676 0.00674067147223910736 0.00595470990060006661 0.02170347993646507337 0.06065743526791034929 0.01003904092170635962
1	0.00337492381161636412 0.64857841435728869062 0.01305009421313301984 0.00058479165364492777 0.01365283414533755360 0.01357948846150848835 0.30717945335747109947
3	0.05088427772832996437 0.03880926167074167515 0.01062373233452980695 0.69539923898051603235 0.18512698746867475852 0.00104014197587725191 0.01811635984133023666
0	0.35210668495796243471 0.07548878906769400376 0.07523571082759372697 0.30618643138447065866 0.05838421799324620964 0.08010334849187865369 0.05249481727715447910
1	0.02164482081683252040 0.40865418128875802273 0.02712923581095446485 0.20245602284069905141 0.21979609898519403277 0.06131636505548981875 0.05900327520207220011
0	0.52364902414810898801 0.02838645359669202117 0.05193994626950331622 0.25548252974658092196 0.05351729659384456272 0.05929255970849550000 0.02773218993677457195
1	0.00235671377695995284 0.88170397526925370357 0.00343996909491908276 0.00563897830743290227 0.00891728290192151697 0.09476168756430458640 0.00318139308520764023
4	0.00412144919339165611 0.06919588711004957815 0.01696975732357598743 0.00326485297629999175 0.87908422447938749933 0.02156136122659330426 0.00580246769070189451
1	0.00090795889258320054 0.98473255246109414607 0.01031891932655938995 0.00067783937188735995 0.00034884312325343610 0.00111474983036330259 0.00189913699426111880
6	0.01674300399881788193 0.00379077840182906250 0.00531644970357680272 0.00149319753289205051 0.00091469014122297452 0.00467172008420186583 0.96707016013745883409
3	0.02175290487684261934 0.00237646106147480123 0.00495107566299234688 0.96500099742540401682 0.00104790209800867049 0.00193006699579795346 0.00294059187947934763
3	0.02060541007055822355 0.27083391029159947783 0.02167992475598880600 0.64127856950557737825 0.01382400248761958550 0.00971730989051142711 0.02206087299814491615
0	0.98994320051903383906 0.00249086042313069207 0.00053022473875601116 0.00423801242526532056 0.00172539641473540609 0.00088763395109172380 0.00018467152798714207
1	0.00569005653996554513 0.81707773769666847130 0.09826715305365700537 0.01245115985679566724 0.01623068822673496420 0.04928022857814178675 0.00100297604803573472
2	0.05334960263589006574 0.14852083819705344525 0.42015507445841343559 0.11311769903733198683 0.01550174700435418690 0.21970272287096179187 0.02965231579599461945
4	0.00477799545916127773 0.11581934458741723060 0.00872704151166782405 0.12920240669855881377 0.62713200470200958225 0.02542628307099885007 0.08891492397018685434
1	0.00559352526233328640 0.96235630452773912591 0.01010662259068068232 0.00266509708007691293 0.00150150294358833598 0.01721424933415712302 0.00056269826142430846
3	0.00988389201171038789 0.21451744443917722394 0.00468679722946369580 0.74059516683802395498 0.00299171991251040090 0.02007139986170438858 0.00725357970741028271
5	0.00012708061137160233 0.03267440571669709415 0.00006437494808778458 0.00000202889051234140 0.00007725676641790380 0.96705327906966465079 0.00000157399724745830
4	0.00033757617840827000 0.00145660906804302975 0.00029148518880307665 0.00227355529549464787 0.99183230117090104283 0.00009626412486361288 0.00371220897348584818
2	0.01155338175583145270 0.26583019807747043650 0.66292758900258608179 0.00176831193029124731 0.04266082547871172248 0.00966127498843192406 0.00559841876667737694
0	0.79250273561130857303 0.02158795122001625280 0.00578355430985890394 0.16057783581325690836 0.00604868971327792229 0.01019693072735593752 0.00330230260492553633
1	0.01683338609817806517 0.80588258854411343179 0.08705703712977078124 0.05062881990789695752 0.01140181115844461808 0.02050221079032240462 0.00769414637127367306
1	0.00154186791916106859 0.81551522801728582035 0.06003456979196762633 0.00082559764738197720 0.00258272271354598962 0.11146585269715893196 0.00803416121349758566
1	0.00836368610580804327 0.92580998948578618890 0.00205884564382441317 0.04309203271586546646 0.00940213738838337372 0.00727084358289985418 0.00400246507743350771
1	0.01195399664083630561 0.73089349324513408490 0.08101002806376383925 0.07146391129095321093 0.01698800103675663156 0.06197085966047818223 0.02571971006207776633
1	0.00274132930726499885 0.98470270980257723625 0.00127831888980053411 0.00846586092791753488 0.00107641697733347323 0.00153986059296320143 0.00019550350214339802
0	0.61765893793254078581 0.12595860390942506535 0.08814347156092702806 0.08462201246086625828 0.03831442450213968370 0.01127598033529537795 0.03402656929880579911
1	0.06158628978929700515 0.44436105839785328131 0.14304991430945485087 0.06126159097026034894 0.23331278292779394912 0.04354334269149903736 0.01288502091384168859
1	0.01372402258004226834 0.91025017325879054031 0.02595531481895808901 0.00664132666263280921 0.03610462100510911099 0.00531111451078356174 0.00201342716368362257
3	0.03484428968963328849 0.03865717205553801522 0.00401952894955522142 0.61051740359243023004 0.26997590937972604230 0.01391683496053531741 0.02806886137258227110
3	0.00094390431714954433 0.00016549907144906920 0.00003774773282942045 0.99882553101852178390 0.00000134989405574923 0.00000446738206400043 0.00002150058393048126
1	0.01354442960384268958 0.76414642875760496743 0.01730142554834957977 0.00040183915361021745 0.00774600333880672964 0.19190454840283469040 0.00495532519495064504
4	0.00000312016191619283 0.00002768255537734342 0.00001417776058904356 0.00009673486160430670 0.99964390747908182799 0.00000639041889800041 0.00020798676253340004
1	0.13974447390705793670 0.81424097460157285333 0.01188155287782612958 0.00432878753035135632 0.02573706810085091279 0.00213090339229278459 0.00193623959004773092
1	0.00204899198090773005 0.93663715083072729417 0.00103881554016372756 0.00555727047101717362 0.00116026713488687249 0.00680071458099435183 0.04675678946130399499
6	0.14819381708808535003 0.13272704938356891247 0.01507470647302252068 0.00845661953845953766 0.04095080046260001633 0.00826674615972696793 0.64633026089453671226
1	0.07327764098658387515 0.54536553874721938051 0.03257374141198249307 0.04458417025838738029 0.07512151625717171377 0.11732152923093755459 0.11175586310771740139
1	0.01205822107963705481 0.54806627367977989174 0.07005418784559450107 0.00894940026202703347 0.11420671610085625369 0.02499650898302419044 0.22166869204908146163
1	0.29275236732573822751 0.32744151279166705537 0.02246653688842409000 0.31720723056756905400 0.00803496701357582152 0.00981156062200498093 0.02228582479102073771
5	0.00115035455738861391 0.16380567430331413603 0.00866451230830922285 0.00123193105070915098 0.01478608809628720842 0.80686734314561581183 0.00349409653837623024
0	0.56268974351135037093 0.01574308363368283684 0.00564771708721427835 0.00144079663034593131 0.31585913778342000757 0.04560011215837773274 0.05301940919560872018
3	0.17637402811208366393 0.29979281544031805007 0.02842879840264553315 0.35724859485637361356 0.02086322735933962905 0.11368289352773973400 0.00360964230149975630
2	0.00195818784057807168 0.00012946438654183728 0.99617604134960269224 0.00009991097185351243 0.00060540488784250159 0.00098037321400410858 0.00005061734957725405
3	0.31752260579780933192 0.09056749037830137683 0.01096721152810883892 0.52691990579184944110 0.01313444814692115228 0.03079784144247118757 0.01009049691453858984
1	0.10313810581647070430 0.88497825322245282642 0.00187377216931570501 0.00224226788944368975 0.00029849811868176994 0.00708682873685857403 0.00038227404677731959
1	0.00572199321817422335 0.92211977110580178874 0.00473561779269170320 0.01417307835250673775 0.02433099327818737112 0.01303462946176697952 0.01588391679087051978
3	0.01031620101591318797 0.40087076296271656473 0.00155568484387398360 0.57300935027301846958 0.01200198001599195492 0.00102830853631142942 0.00121771235217394140
6	0.00028459109813968935 0.00010275307642229060 0.00044489619702591074 0.00016130088393265124 0.00427961175086057945 0.00081835919045061486 0.99390848780316864985
1	0.02472720830635523684 0.64257492545161476460 0.09568794953875636722 0.06298323762529116354 0.07800442235679544423 0.06961830778149001586 0.02640394893969642831
3	0.01504355837653121968 0.03539722810850422230 0.01494179545087690256 0.83171286554709800143 0.03881397166408061261 0.01062046795671984893 0.05347011289618996965
1	0.00049616941809331808 0.99390094978142384807 0.00103637633466805790 0.00274349179471853038 0.00017761697556047836 0.00161337593906408930 0.00003201975647070152
1	0.00149631064556621555 0.97421532364144813876 0.00070603468478698615 0.00448103078266028250 0.00052303861051545034 0.01638879245615843666 0.00218946917886540847
2	0.03780953764922439370 0.02712168532573758575 0.86329209230553838328 0.03690673028919803228 0.00609263325364162167 0.00739743978572697525 0.02137988139093319542
2	0.00016318604087824050 0.00015872052886713745 0.99599902489829206242 0.00004881569734201494 0.00254667349008750590 0.00097371324882024411 0.00010986609571362700
3	0.00336694066306762437 0.02650704050534268344 0.00008112059895936733 0.96994866966277359932 0.00001645838517638138 0.00005719936136133739 0.00002257082331824139
6	0.20711380612604418650 0.02831358540386438860 0.00995355345588904393 0.01588872583475679084 0.04959596438983332467 0.01483865932604296056 0.67429570546356931704
0	0.47310526884799691816 0.01105388887974874043 0.01398268030689447244 0.35674347984461002303 0.11815577252904728434 0.01003036202542300498 0.01692854756627972315
4	0.03122370717342929855 0.17174159136070324405 0.02707725180259148642 0.07547859614446791876 0.55843082412434608131 0.02523737370829090207 0.11081065568617094741
2	0.00036762718073163645 0.00141595251245945470 0.98893489092661035489 0.00093543959624151378 0.00286370515817285136 0.00458883079130925457 0.00089355383447517218
3	0.03428453258490194583 0.13143268823294057546 0.02846382029050895796 0.77029306602659419756 0.00404205824511314361 0.03089787587289092793 0.00058595874705026792
1	0.02276967458104718622 0.69480019505288093118 0.01366332319284374423 0.08947272673794703923 0.10477844309924208566 0.06937572621961005104 0.00513991111642908474
1	0.00931710600681220392 0.84511137634471711344 0.07590595754598788991 0.00740388933574095184 0.00749126248208423651 0.05267400853663593147 0.00209639974802217771
1	0.00052016625509730967 0.98904056439477916474 0.00410966612674786881 0.00447461893734301622 0.00026597610852803125 0.00080474706713470727 0.00078426111036925027
2	0.00499588887037653428 0.15942304393268583174 0.80208099805912069780 0.00545957126263349989 0.00113747411728753220 0.01029996917576811444 0.01660305458212767149
1	0.00430751016092633006 0.97707574935628338508 0.00645630019545358549 0.00510870063951429729 0.00499605646541854791 0.00151875169609887888 0.00053693148630489526
5	0.00516720943424471470 0.03517081245259838507 0.03895058575410537127 0.00247316896235295729 0.20948373448370527505 0.62124317350399715920 0.08751131540899607930
5	0.01162556788690341340 0.02095785473119924150 0.00350551496188788135 0.00889931865315630490 0.04395326773345282351 0.90260601567422182878 0.00845246035917849615
4	0.00036241332006608942 0.00592465747461160593 0.00022680595136575105 0.00041225582508407787 0.98345196318774363853 0.00120954495249535852 0.00841235928863362167
3	0.04224730699968062830 0.16384734191783975610 0.01952486926601428724 0.74975362311003468374 0.00168158397728786040 0.01329650386697308305 0.00964877086216952423
1	0.12929506523994513389 0.29915830624045341990 0.04902056899900524012 0.08235052877479422107 0.18839465340964572926 0.16670531446107308970 0.08507556287508340198
0	0.33640037842389292067 0.27845854222428340075 0.03793874012378845029 0.22368063975099194973 0.05747572688337051344 0.05948379746097168241 0.00656217513270107924
1	0.01015757328361032059 0.49688598355254964822 0.00041807729094327678 0.49175423001522183819 0.00024666662023409530 0.00033553005084078764 0.00020193918660024295
3	0.00254812126528180562 0.03269624642444787788 0.06508067850932586218 0.84161601610297365195 0.00999331938714314964 0.01192851986724841919 0.03613709844357957529
1	0.35536785235489226631 0.41366165987773795276 0.00476113186014657467 0.04838066405185384444 0.10812724231497701510 0.05811165459948645917 0.01158979494090598902
1	0.00888466005010765669 0.76877147829897973796 0.03186512881194600993 0.06817664166686986105 0.00707257098204786515 0.10502217789065111664 0.01020734229939792778
1	0.16122798320592443555 0.40898042008331769726 0.01193301465010615514 0.37918860738877607774 0.02652120846959642175 0.00453694416890056563 0.00761182203337862004
2	0.00005125702956689670 0.00644694206108225448 0.96559033279640438252 0.00008854234168241369 0.00022319280523074044 0.02759453755957302218 0.00000519540645968101
2	0.06158714896250739451 0.09800123837677005012 0.65351442750022237238 0.08182708914300491909 0.04923243697089444565 0.03686388481241956172 0.01897377423418163470
2	0.13057153362687851095 0.05059995644248320434 0.55609949348535325786 0.00748921967338451056 0.07976022663424545134 0.03542917762257176417 0.14005039251508291653
0	0.91317020899921841348 0.03248714772959716834 0.00789608678494353906 0.01317440913719230763 0.01287987309426821304 0.01384383726693358060 0.00654843698784687758
3	0.02434540283272682362 0.01508758987352183320 0.00115435974705076954 0.93871380370483770150 0.00830113088114493164 0.00522013527164537621 0.00717757768907265579
5	0.02667617871134922783 0.30806562471936588254 0.01453389722727587395 0.00881873954181327385 0.11659348294141010094 0.40460824232877973250 0.12070383453000639584
1	0.18027020321555428661 0.68151435589450914954 0.00464446055597881810 0.03047514966607556275 0.00446074361291611595 0.08013753556353722662 0.01849755149142865568
1	0.11029654016340606493 0.55172990954350542570 0.01951314206008471566 0.08684547036949545606 0.06358229278969108889 0.02113489475586830327 0.14689775031794877203
5	0.00182170511411537954 0.00406549539938192653 0.01037055794889933484 0.00891313604416951386 0.01140888878631247591 0.96025296089312262016 0.00316725581399851476
4	0.04163829167975079126 0.20571791963921726154 0.02912705231974114031 0.09451643619806847363 0.40728414643697163910 0.00968919912672166171 0.21202695459952894397
2	0.00962494283141256124 0.00748112224534365142 0.85759649152139205697 0.00304278769721814338 0.01770482129633118087 0.08957874902875140322 0.01497108537955086673
1	0.04213203777801530908 0.86149784660301154116 0.00074590836853299100 0.08590034853161532258 0.00588970735720498271 0.00332391633958685527 0.00051023502203350170
3	0.00093184001691298422 0.00366070481985896401 0.00665157466278055998 0.97845633997623115974 0.00343645530183988180 0.00092382025254190514 0.00593926496983413193
1	0.02689006529410399582 0.66904418044065805393 0.00654718011620921986 0.25250476438611479946 0.01040052831886437677 0.02645263607019721769 0.00816064537385246397
6	0.18686628862373225179 0.25101910299595525666 0.00868781798831990554 0.03112813207455288403 0.23261814021084534221 0.02406035353943679345 0.26562016456715731305
1	0.00000970144983791037 0.99984962508915153911 0.00005970011370914616 0.00001723613673608966 0.00003567555812745667 0.00000948468596347030 0.00001857696647658596
5	0.07174931116259826436 0.05549366417599448098 0.32615505396026756024 0.00226488964575252824 0.00143852522614436144 0.54076955823134442713 0.00212899759789884034
4	0.15407173755828179607 0.08552754291983058477 0.11776313192157496224 0.06473797484682529413 0.49298715116647073842 0.06270076758114113968 0.02221169400587547776
1	0.00056796308180252764 0.99921329985865181555 0.00001855770419210107 0.00005272623585626592 0.00001176163612877447 0.00013149658192750918 0.00000419490144080791
0	0.44010449251889866007 0.11288619441603735261 0.06727026483354865694 0.13136472641175322984 0.09161183777224586600 0.01674456585506133716 0.14001791819245493209
1	0.03347482444821846259 0.78698981588476524252 0.00646729912356709333 0.14946594955745487465 0.01622382308002024570 0.00443947047942816562 0.00293881742654616236
5	0.00342443449683801178 0.00130837832567506419 0.00192204155471296240 0.00357349222665473030 0.00011921436497537786 0.98963508514537912308 0.00001735388576439609
4	0.00438101191331152686 0.11835848006092294926 0.01469608079492696132 0.02034275255451704206 0.81280098769066622122 0.00195410382160160359 0.02746658316405381495
4	0.07874207807799279979 0.02536351118388735851 0.01007834657989939951 0.11089370359715772230 0.51007279594556753644 0.05462776930642281037 0.21022179530907256217
1	0.07306855895737184026 0.29173640135381984084 0.21056801799267882425 0.04470070794942988118 0.26744467288237994129 0.08938811556694604976 0.02309352529737355997
1	0.06495167147371472272 0.61659426095623082187 0.01009908771154724265 0.24637175953515644267 0.01566867077916344816 0.03563436480444537313 0.01068018473974157063
4	0.13207507431060350189 0.23018174457273427036 0.01415868334414060320 0.01897654418262135698 0.41253534862516477721 0.18364554573999336551 0.00842705922474236598
1	0.01053144082845290652 0.90966202068676926817 0.00080374389461354903 0.00037259189193425890 0.00015847645352246677 0.07791868829956540010 0.00055303794514214872
6	0.04473730216874113180 0.00713966499254531893 0.01194913690678470197 0.00341101116205727323 0.00255655660244015221 0.00657616750003473926 0.92363016066739667131
0	0.64440335357240918768 0.24671868645609346116 0.00640006032224964792 0.07506626870114753436 0.00526145060970571298 0.02107223419839975367 0.00107794613999454740
1	0.03279415098625361458 0.94510437722325679744 0.00388107727347074358 0.00681771626338943670 0.00736018241574989702 0.00180592384525313340 0.00223657199262625433
1	0.11482744180759578423 0.32645176997802177743 0.08203323845054173724 0.23211718327226465997 0.14125226406390434253 0.07506989141805979482 0.02824821100961189338
0	0.74680814250081628547 0.08022382649481168970 0.04917984051222873410 0.04864417936518779240 0.02374157580867915229 0.04172130245410011345 0.00968113286417629330
4	0.00042117101890070557 0.00215567774043022272 0.00049122161423365972 0.00007236898899970086 0.99317719743778465347 0.00089942432138762063 0.00278293887826335700
1	0.00727633633992957884 0.24300784447592155280 0.21852236340826849958 0.17254828869136687453 0.12514696027284283320 0.00915489694475751618 0.22434330986691303211
1	0.05166454748715168521 0.41367327787785040938 0.03827607845227385536 0.14818487527042803475 0.26335681560242490962 0.02429104539513030417 0.06055335991474088825
4	0.00058261375715953272 0.00291507319918935448 0.00017516632743360680 0.00006279364935829600 0.98903240749623677619 0.00095579415419856878 0.00627615141642448061
3	0.00132293968482184200 0.00215915243854010669 0.00161965716934300320 0.99460638458062411438 0.00003327160328198580 0.00020544128162589795 0.00005315324176337064
0	0.98070167040830558136 0.00038012245910525727 0.00004499874712448652 0.00065193857774310945 0.00071790393102892658 0.00020262255821111168 0.01730074331848146726
6	0.03417301752355891148 0.06266364552684895728 0.00790271871691711029 0.01292045820311331708 0.32712203891678320877 0.09815259172251111774 0.45706552939026723337
3	0.00383848164644362078 0.00642064345052297068 0.00791271803572247794 0.98119681342831244208 0.00026107472102686812 0.00029910094281862656 0.00007116777515312787
0	0.64442524838062376080 0.25652849390252197015 0.00579918642402936241 0.01154200620687223511 0.03582299408388853884 0.02633422513608925028 0.01954784586597503940
0	0.66628633909673784519 0.12961940256510381952 0.01673073388639223849 0.01425153932824962770 0.03848149404712566946 0.04718323275739951667 0.08744725831899131940
6	0.09664639027598964649 0.32419711771464776451 0.00847606499589676106 0.00922301889919912091 0.04037921117625697248 0.01756840226832683330 0.50350979466968304177
1	0.00262939562787782230 0.97413842770497816037 0.00779836536448032854 0.00252564568009155466 0.00015333935920915082 0.01013296831752123761 0.00262185794584203144
1	0.01505860301914488733 0.90856224937661334007 0.01808161750857610606 0.02486394373032135841 0.02676257543881050208 0.00377442231342623022 0.00289658861310725145
1	0.01659860983249374436 0.84848648315614783044 0.00750911804078252705 0.11194199508225803619 0.00334307315750864437 0.01033393403375207006 0.00178678669705783035
1	0.13851233916171193372 0.28773324585259041353 0.28469965041590900023 0.03317398144498386048 0.15332032138039575209 0.04669279671433240742 0.05586766503007680601
3	0.00268878026021610516 0.00268879741350483903 0.00005693682774393660 0.99352895318584888429 0.00023130700197599002 0.00040623855344318522 0.00039898675726651191
0	0.95592854711221530994 0.00364299487908338561 0.00434881396540169173 0.00520596594422526558 0.01876175021774052765 0.00200830243595823696 0.01010362544537548278
0	0.96963089353648712621 0.01155055602976052913 0.00032652574400233639 0.00738116085629474984 0.00799147786171340233 0.00210920674090580521 0.00101017923083578467
2	0.11481364881499746267 0.02587444801457590079 0.82659564078303826573 0.00048573013016523040 0.02191696087382685038 0.00916952798594101656 0.00114404339745490164
2	0.00133710579959663424 0.39742675198848487206 0.46210275094579578159 0.05073826943096568926 0.01120198481763910216 0.07079846819578052008 0.00639466882173727116
1	0.05408204860423407312 0.39277700130789749977 0.04538893892751148795 0.22589086316178003111 0.12919720952456265062 0.12724476167107334756 0.02541917680294101742
1	0.08997553936039363875 0.70402320561636511087 0.00553867543960217656 0.05263058814017240739 0.10927874048858939038 0.00616337854338051393 0.03238987241149657997
2	0.02413957616594731431 0.00662491590843439834 0.84325268802974318039 0.00148101223970422444 0.02011259489558116925 0.10007837170056330112 0.00431084106002684129
5	0.01659720883133304278 0.42591358931607370408 0.00389967574299855506 0.00448215924059466690 0.00349184910153705350 0.54485617305015243694 0.00075934471731083542
6	0.07486431092587715608 0.08982906862130629611 0.18255012017239399813 0.01529213916685528800 0.02845549538583513893 0.03764660585289459488 0.57136225987483746369
5	0.05689024591423100935 0.00982320642831808338 0.02544400959461164125 0.10324814785405748985 0.07678377391720106471 0.70460888426503831550 0.02320173202654277414
2	0.00061868945470142664 0.06888019049715443654 0.72988983084676795077 0.01081794406499795962 0.12766677454653907464 0.02818837925561276311 0.03393819133422669443
1	0.00024170557734567866 0.98265050418758759232 0.01040580791487323749 0.00136829626468722067 0.00012401082255293996 0.00496196211733950735 0.00024771311561293268
2	0.00060271134190172896 0.00053972463580726523 0.99662387569254984321 0.00021992755415676192 0.00142402465197425114 0.00050633373087843197 0.00008340239273098398
3	0.00661881892825696636 0.12890930816029180783 0.03172275182086380096 0.34173729375380285100 0.26130214737037615880 0.11903806892006962848 0.11067161104633903290
1	0.06409083755292524498 0.37416359760579387395 0.05035064143478162196 0.04840031527475450318 0.22822952739435206637 0.18676870560869709981 0.04799637512869504852
1	0.04933294956710641138 0.55993225284312486689 0.00865010408874277055 0.01719265602594307815 0.32938770497220709599 0.02843862785352773911 0.00706570464934818451
2	0.00001056567672258073 0.00005614184158696299 0.99983622611951894488 0.00000870365018106939 0.00003072721825935070 0.00003076356166588777 0.00002687193206502794
4	0.12912574831359491245 0.12352073056928540573 0.09022204643722976647 0.21920501106299844496 0.33959381607174349282 0.05734258350943003540 0.04099006403571799073
1	0.05614575898532148113 0.39024082646361973881 0.09687586331877651169 0.02113564097883773377 0.01202176785561094412 0.38785558269842806967 0.03572455969940525194
3	0.01268206383781565576 0.01375042919167996508 0.00162916038638651821 0.97144924496696871685 0.00027847050947572702 0.00008526692222664487 0.00012536418544686846
1	0.01611050712783868022 0.93047378893764265406 0.02001501943248848100 0.01473816798881955048 0.00349651021887061346 0.01465790860533899669 0.00050809768900030125
1	0.00892743012954561911 0.87763077193155314415 0.06170163333274197165 0.00008255290337159513 0.00316922165081516679 0.04803210217731742476 0.00045628787465528271
1	0.07509811746774021357 0.70611197664811675700 0.02090862658238773486 0.00358482740945581003 0.07728376266690065166 0.04348427041696679290 0.07352841880843177802
3	0.00328003040017983433 0.00146167708448023204 0.00344029680359329458 0.98507299718271079669 0.00149996118112560319 0.00106948278533338932 0.00417555456257704891
4	0.15174981949660565350 0.13243474738245661348 0.06983162301412126904 0.15394586671266460853 0.25523024469100041856 0.02151686364883386576 0.21529083505431764745
1	0.02727258749456936207 0.82531000602458948201 0.00914336069592156138 0.05427706990757144578 0.02012403458382292648 0.04584737393127433919 0.01802556736225055176
0	0.84040094153133759747 0.09066186511847455776 0.01637236554609708405 0.02802637576650925805 0.00783529336815130296 0.00910127086334214068 0.00760188780608820041
2	0.00968921966594353534 0.00762766422712286493 0.98021777139672094936 0.00035222988746130656 0.00064289738732599519 0.00134345358589647661 0.00012676384952877123
3	0.03640839450805424815 0.20809983279275492962 0.00162767205601246998 0.70446787781382003146 0.02804801482608579311 0.01407242675322533873 0.00727578125004698425
3	0.00040412461305281496 0.01111988425109422703 0.00080521561472491493 0.98418813911887992329 0.00073962803533089423 0.00150162739668748468 0.00124138097022915140
0	0.32686056741261831915 0.21569340983264437273 0.05684065004885017341 0.26377359218342660840 0.03586069213481476309 0.06458074058820988117 0.03639034779943570858
1	0.01967206223733462822 0.83078068025869578062 0.00427634769194732735 0.09178505846161633119 0.01450738357734672121 0.01307488552004162051 0.02590358225301799683
1	0.00704802836961954896 0.55324431155318676279 0.00322576304028081295 0.41223406057870448649 0.00209679354773130043 0.01493253600202634930 0.00721850690845016879
2	0.00216807951423579224 0.00555311690823958887 0.85504600178960565859 0.02011922331334374883 0.04882242617481465791 0.01105832806708051397 0.05723282423268030716
1	0.00027549336959977822 0.50416912875488950618 0.47625665685667911697 0.01465478722014519272 0.00026254144690512687 0.00385169678513494484 0.00052969556664641626
1	0.05842051588499740794 0.83886558646486564239 0.01346800864055588444 0.05074170250641437535 0.00146583510723361085 0.00292342618698415106 0.03411492520894908453
3	0.00187783938013504894 0.00063115430100811403 0.00008650461249382618 0.99725484087379323572 0.00002419580893316196 0.00001223024254766842 0.00011323478108920576
5	0.01746462224734907781 0.05116536588876704345 0.00899994409951371081 0.00280256529910777926 0.00901232376561511735 0.90698194883033189662 0.00357322986931550134
3	0.00014077259799544819 0.00454035044402336871 0.00391999056151165308 0.98891271012228176840 0.00141332870056320829 0.00016052378525066097 0.00091232378837554609
3	0.10598710519443700628 0.18359467784440505755 0.04999466613282757543 0.52187100015946430442 0.07495370715662570682 0.05099392924004450545 0.01260491427219577465
2	0.04183944248027014062 0.05398714389660237006 0.68088546053447329687 0.18603266433349655018 0.01415491877899441656 0.01113415648013227517 0.01196621349603089503
1	0.00373900459484592575 0.88541024979035531928 0.00229884802302243035 0.10709849171739477258 0.00020544406094397366 0.00021194634650753688 0.00103601546693008286
6	0.10982835158382572849 0.18658447215243165185 0.03998933127288026301 0.22282053052036637775 0.09155599439363830416 0.03302249836239449371 0.31619882171446300756
0	0.99435192655543314100 0.00036300129115945609 0.00011511949692706815 0.00113030333471826529 0.00170611934506638332 0.00064230206430353426 0.00169122791239214232
3	0.02385478258066778615 0.12759093876539531753 0.08249054853095991180 0.63038806287771587122 0.07218294973591632413 0.03379353336286399639 0.02969918414648053950
1	0.00437194708373990146 0.98150492955618973134 0.00484574131476452844 0.00371389565898797621 0.00027061394553063356 0.00424664554447075349 0.00104622689631619892
3	0.14837504827348119152 0.07540772025544714707 0.15363046220651996321 0.41933262367742640819 0.07716069978733647305 0.10478230549766058555 0.02131114030212820018
6	0.19071475978236443471 0.00133997232582980133 0.00131270490129903545 0.00541207676195382473 0.02361913987795050129 0.00520904896089749350 0.77239229738970494044
4	0.00849596015695574386 0.00826227820184393009 0.00083606841415159022 0.00023662096027720134 0.91409373846592556490 0.00057057937497308263 0.06750475442587267061
5	0.00608425322814334923 0.01834078715330396403 0.02134799850351206535 0.03511662472977714056 0.04421432615116428766 0.85799641011605287666 0.01689960011804629222
1	0.00006329728707285151 0.99863509824510743318 0.00004115678930430614 0.00102435600825498299 0.00000470282189454813 0.00022760286121590087 0.00000378598714954327
0	0.65909666074852590878 0.02349139938398146429 0.00942160544844672029 0.04367895577930418216 0.01858583623041196523 0.02094555382213837344 0.22477998858719125397
1	0.01370737157145964294 0.44418590134320734553 0.01518714899737522335 0.13391280143571848704 0.07693136192848666621 0.14371931176092772597 0.17235610296282491416
1	0.08308928489666696227 0.71280885690386885933 0.01235050042180677217 0.07324412209693255404 0.02286940197591483606 0.09113180447606210322 0.00450602922874813929
2	0.02112745118402638636 0.03608322291836196100 0.90707406482574226558 0.00466522458316148171 0.02106394711431727740 0.00848323615205304367 0.00150285322233754590
2	0.00512956143735769209 0.00434158748314294931 0.91981021048329858480 0.00038363966294249936 0.04091635154249425449 0.02872148880326305317 0.00069716058750108755
1	0.00042870095632183196 0.98047020895873948643 0.01268104746829092425 0.00396565534112506852 0.00027512303918695642 0.00114707558759047151 0.00103218864874509049
3	0.00044710306207416522 0.00486860973071772101 0.00146321636605963468 0.93555064966953283001 0.04623207476628746898 0.01053636552418384630 0.00090198088114444293
1	0.03736443699135209850 0.42401770920169284951 0.06203323519389171425 0.03660307057266586755 0.10021461270230455631 0.07574051453565278091 0.26402642080244009826
0	0.48264457631422702510 0.13724220379059631769 0.14948353664111929673 0.15197511648056696854 0.03811726037281734647 0.01388225616378282491 0.02665505023689040617
3	0.03336975658665852079 0.11030228588515747501 0.03087536823663573210 0.72306445513807460213 0.02431764782682857215 0.04425094388476606688 0.03381954244187853481
2	0.00234419990920179278 0.27140209782674945549 0.33610957659304807610 0.02316899409652300665 0.11186286603947527551 0.00432585755909194788 0.25078640797591017497
0	0.50598784151779674367 0.14598260484878128329 0.06854808156956242182 0.05172751319401820702 0.03252159509441665541 0.14377639392842561650 0.05145596984699910004
4	0.00110297471794023336 0.01481366526586661535 0.00125618128189128146 0.00199244177012612711 0.97853408283801246448 0.00032501117555867214 0.00197564295060415453
1	0.00956159087873678822 0.98157102871761980900 0.00182793925364303279 0.00277808677573250940 0.00284536733958562276 0.00075537577245931469 0.00066061126222365292
0	0.35419988870517093993 0.18084129576684265794 0.05829062006198495322 0.05751140996357863300 0.14979950852587578525 0.10816902421007253132 0.09118825276647457567
5	0.00376220072294952343 0.03503768823666175009 0.01911113830214712650 0.00784851140322959454 0.00216388138650181481 0.92088951936086627104 0.01118706058764386453
3	0.00289971466816003106 0.00139381753879260807 0.00343307951027432660 0.99000670349647013069 0.00166701837900779404 0.00013960097809351078 0.00046006542920163371
1	0.00492707413338168334 0.98615550072403834747 0.00009618655790603862 0.00233565915190382320 0.00090703611386961475 0.00553569249361743690 0.00004285082528317385
1	0.00065020370639461925 0.99444533494914988392 0.00039036916900905914 0.00376605463529718337 0.00023158132915589605 0.00048627020786833747 0.00003018600312540095
5	0.01501146012332209637 0.00309194022537154396 0.00058891672965356628 0.00657076195969454480 0.01506417344284490846 0.95784983859810723938 0.00182290892100620298
1	0.02048639247419919637 0.82626876091774570376 0.00518208591282959784 0.02807898920159393810 0.00914691336088999454 0.09141815500489475221 0.01941870312784721442
2	0.00116201304244966698 0.11589017958255160012 0.69210139078628807319 0.02125250260109102368 0.08023004292619301259 0.08406709940150378091 0.00529677165992390765
4	0.02753931561122865621 0.09780550066166247836 0.01013880954459359281 0.07019638828633685546 0.45705807201559289776 0.29341134675440311286 0.04385056712618211339
3	0.17235234979624994289 0.07308958010041459452 0.00168608132747176094 0.73436643507439502976 0.00305847562475111689 0.01109193682871347821 0.00435514124800411278
4	0.01172189232323550892 0.00630165654130728902 0.16688774578076490118 0.02494626948383550299 0.68486218241116503247 0.04502717310090587760 0.06025308035878583490
2	0.00023813161746065876 0.01528753683002963791 0.96921583549597090101 0.00049012707169437844 0.00053047957843298189 0.01179730845307622872 0.00244058095333588975
1	0.12637105477832730194 0.76471080400847302183 0.00075444375827931568 0.10054692658709850350 0.00316354857095706935 0.00312810089715697239 0.00132512139970771925
4	0.00014854193334868420 0.00107049334319455247 0.00002705228634227532 0.00001558376819959931 0.99742644361208276926 0.00022985825762559107 0.00108202679920713475
5	0.00003330865419064256 0.00118629356620189542 0.00093446477337660232 0.00008860295453773338 0.00100899793941656470 0.99633765945222996230 0.00041067266004640344
1	0.01108555827539537547 0.93924414926164889739 0.00907767287725406991 0.00793241186130736256 0.01960612965703928401 0.01077356552908513912 0.00228051253827072069
0	0.98869349027209030289 0.00407128626225553188 0.00040898804143756616 0.00305653845531308728 0.00199585264860025358 0.00019431477788658092 0.00157952954241696863
1	0.03516185812715248021 0.58145922412607764507 0.01557163429735805397 0.16281883530348395528 0.02219053645772946226 0.12569841493975442148 0.05709949674844381345
1	0.05652747544341896885 0.51823597445752267454 0.03415449321822042889 0.32902440042084063476 0.01584526592469011688 0.03907974809346696776 0.00713264244184030720
1	0.00079414565109235614 0.99035697453659932155 0.00293140993553569866 0.00134328614280777164 0.00087131582880875308 0.00258276589323045390 0.00112010201192576852
4	0.16572770111023382711 0.01712069454545810457 0.01314863905133957685 0.13769094714803586932 0.45143455020688588730 0.20001412440856336517 0.01486334352948317193
0	0.80042533997043063820 0.03416852007177067357 0.03985584717166825580 0.09997718813766669210 0.00809085942023372168 0.00626498360838583044 0.01121726161984406937
1	0.00315327107595521393 0.99563544890528343778 0.00021846701903035685 0.00031593812673400533 0.00003827839015392417 0.00062108823341983370 0.00001750824942496268
1	0.00157424620960882429 0.65735571593202857255 0.28568911935794250034 0.00259054997352834446 0.00044521846719427122 0.04873660952130613039 0.00360854053839088735
5	0.36568200724459681838 0.03918691983620110897 0.01050258808428191151 0.01265576341141876580 0.07713427089198324205 0.47289900659958922224 0.02193944393192868297
1	0.10591949774444638088 0.46776482133963098731 0.05063144300946649523 0.26474870692276780693 0.04293184662590490003 0.05154553090947155275 0.01645815344831131483
