6	0.11422148402059449646 0.12884049616508413960 0.02726500963263758792 0.16827489710642740128 0.03556670618422762276 0.20109522356526951525 0.32473618332575909795
1	0.01175967774027065343 0.89066329399485932861 0.00772120991264571305 0.06664654235124402304 0.00399955408230281192 0.00803491991501488652 0.01117480200366258863
2	0.00399676850312274175 0.03780915718439634837 0.88145241243137029130 0.06046101156866806603 0.00361011311455529046 0.00614831042896318933 0.00652222676892522026
3	0.03538554962314875013 0.13580891190090915721 0.00400339322471179176 0.81831000365696415777 0.00043345854289817982 0.00369578917388293160 0.00236289387748496406
0	0.83180445722080698090 0.00165353124867814293 0.00425232434911250890 0.03433553345667354068 0.07345573882451884862 0.00061357109494159737 0.05388484380526829126
0	0.37303638936624361477 0.04971420330805648852 0.00529563627400664316 0.02423364630291689054 0.21196813037443346106 0.10842133777410704887 0.22733065660023579757
4	0.00052014173514966890 0.01610169029496503340 0.00077962338157323743 0.00690209345694043665 0.94481502232295910826 0.00010578987900054248 0.03077563892941205179
2	0.02118375165740090868 0.09199802763137736317 0.81878936591021578284 0.04759683982356977677 0.00517301549867684417 0.01180146683689703956 0.00345753264186213433
1	0.01726243342883511389 0.85652057272049897385 0.00052887263123930692 0.12061351821043075905 0.00324421130004019613 0.00074812567610873203 0.00108226603284675323
1	0.00859404553992633782 0.59220666378892194981 0.06922263284020353791 0.02397335428216403400 0.11959764139128030436 0.16875842338723195946 0.01764723877027219237
1	0.19599428177017469421 0.40453624059597026452 0.01660270200967287751 0.05317729402456810445 0.12411650755731584717 0.16358860766820410015 0.04198436637409408423
3	0.11676993960329393185 0.00826148664921148163 0.05560475601172739507 0.70028729567137326661 0.05588830447845780786 0.01797996602068708399 0.04520825156524882482
2	0.00817567596289719804 0.03414936894948707863 0.82433232832222069764 0.02481556291794476815 0.00484097255887615610 0.10206920958536247479 0.00161688170321213839
1	0.00512784114407306355 0.98335310597404734789 0.00056784987906271091 0.00418111104813423222 0.00031448331145906698 0.00537131098765368954 0.00108429765556863271
4	0.04012588392674606985 0.30064324036634287873 0.06875120034202440722 0.00622318757088149554 0.30514924562198830760 0.20299979300351642109 0.07610744916850074870
3	0.18762287560595281022 0.21506867474538937657 0.18411326580145290222 0.21938253937068666333 0.05444368056684109614 0.04304511137884916433 0.09632385253082781373
4	0.02846749672628116901 0.18888521359874688166 0.01572153140609151151 0.00305283932024187892 0.57122109456659664328 0.10527093112550735265 0.08738089325653444761
2	0.00581449760089586005 0.01559689978025069132 0.94632373284060711249 0.00154476750873961733 0.00154680076330896408 0.02538861526027559601 0.00378468624592215959
3	0.05494925205707706234 0.30305487306207706810 0.03160474333232605321 0.41924455731328785779 0.09916069691802213704 0.00542351086516171949 0.08656236645204770652
1	0.00017124533901640327 0.99725207004852001180 0.00020442150809608928 0.00190777739744934951 0.00014713219146724336 0.00013718905963964475 0.00018016445580889325
1	0.00184298517620043608 0.96121015648911778406 0.01904903967100296872 0.00842448343950632887 0.00042403450311949230 0.00610075026095679897 0.00294855046009575260
1	0.00096458198889233027 0.98971521286646668703 0.00229638626781455794 0.00187905072681974756 0.00021929695327973072 0.00456974790335566965 0.00035572329337023512
0	0.53870764774421164844 0.03212961556951394321 0.23448167732475772018 0.14630094149645725410 0.03698530836372995040 0.00450436314141497863 0.00689044635991431075
1	0.00498428143006370353 0.87425393301587184247 0.03392923804172323643 0.00885787389944302055 0.02772817826875024344 0.03335125733662572950 0.01689523800752251725
1	0.00052943181691680918 0.61513142523892594404 0.00375730711032701628 0.37475018638737633836 0.00120935660585621391 0.00050686207162300620 0.00411543076897393292
4	0.01870551855157970983 0.09792872916496321578 0.02709582268035048286 0.00787595092240119150 0.73632259481129025414 0.10568513790311032108 0.00638624596630481614
3	0.11589884198487668265 0.04726863214282212011 0.03462825689613761165 0.74308992820345498576 0.00239208616838079658 0.01986175332909682900 0.03686050127523111952
4	0.01009047470514660115 0.03417029615673324028 0.00154310200265913178 0.00112805188785803593 0.60850677422688470575 0.20890627109968176733 0.13565502992103659063
1	0.03917044940384965812 0.86984061586954430911 0.00503750728980828077 0.00615161241759131124 0.01608955932835661254 0.05703247246102935430 0.00667778322982047479
1	0.00362578937042905758 0.65771850151556132680 0.01325578937917987546 0.00063476296867998419 0.01089693800723507550 0.00899483981737988353 0.30487337894153476725
3	0.06313844073396050749 0.03416376614243461091 0.01006070235920591624 0.68812977087969084966 0.18414962787818306422 0.00075116227154507114 0.01960652973498021312
3	0.24969798556727854089 0.06198774895553069847 0.08237064244910610733 0.38031834798713615164 0.06132552529480043285 0.10395577257170253438 0.06034397717444563158
1	0.02615235308832162403 0.46732030289724052485 0.02172506557951935091 0.17989103318746912930 0.20591788396692797813 0.04955490654329600120 0.04943845473722579403
0	0.49177048633045589154 0.02354851497384728709 0.04721448997338852788 0.33174758454371461314 0.04061505523316535221 0.04383637759315473642 0.02126749135227346682
1	0.00215897187643533401 0.84462087779554040345 0.00343694374716637698 0.00607357379485531750 0.00848211843990856126 0.13187206284837393877 0.00335545149772054725
4	0.00542665036418560863 0.06775863699024915754 0.01531206921318843846 0.00305534034169800727 0.88348836253446172417 0.02036016088197151533 0.00459877967424509974
1	0.00083695781160582708 0.97941305201250905554 0.01536665131704342477 0.00063564753121167852 0.00035284805899288876 0.00110744466117677237 0.00228739860746074051
6	0.00805764336220100505 0.00265106455415240957 0.00483727984131974553 0.00117374692494528945 0.00054323249179976166 0.00301701653235638204 0.97972001629322513772
3	0.01755780614267726455 0.00269467939555640724 0.00394473167587031798 0.97082119144265444088 0.00084221572410355912 0.00161137250979038744 0.00252800310934761952
3	0.02419485839920179973 0.23927378143245817133 0.02022670938259492693 0.66891162270338666573 0.01405682985280449701 0.00915389207651915414 0.02418230615303480074
0	0.98903615217567053541 0.00283101485832159931 0.00063257140362156582 0.00437602715920046986 0.00191959115550878923 0.00098202139660429413 0.00022262185107281633
1	0.00468077800125573252 0.81889915601165430559 0.09807887356862161898 0.01310656972370552453 0.01477098991764721342 0.04963553687418735538 0.00082809590292761001
2	0.04826811576744107629 0.16808632136486867381 0.39852433677510817889 0.11474760432441100111 0.01136769964072876192 0.23680887812818898763 0.02219704399925342964
4	0.00489480017065844694 0.12245958949826883655 0.00633729725130356952 0.14024709777350319317 0.62777995622752880145 0.01749396574994330558 0.08078729332879340530
1	0.00699985671414952819 0.95891898467451619492 0.01156343874229704034 0.00229800338051461056 0.00140136148450090690 0.01823688060059510535 0.00058147440342772049
3	0.00764601974973030951 0.19635907982558306606 0.00598435711429493207 0.74900747223264108055 0.00413786814098736702 0.02740260826683511841 0.00946259466992774301
5	0.00007489604559454539 0.03052016557211983602 0.00006943411054533733 0.00000173030398147510 0.00007611308985439406 0.96925600864388372635 0.00000165223402059820
4	0.00038845658900005746 0.00169731498213081993 0.00029347306588918673 0.00196190908755930135 0.99132420305770874158 0.00007971074438177019 0.00425493247333035528
2	0.01140142574393689968 0.27982382612772577213 0.65809536628693865445 0.00165874879942026700 0.03663694724883113235 0.00731913230089282704 0.00506455349225484134
0	0.75371236870911528793 0.02523787468718599603 0.00698274627988395430 0.18859123130063357165 0.00772271424088147827 0.01361859261687701529 0.00413447216542251264
1	0.02008841841655890567 0.79759617814129490920 0.09796434230485538686 0.04452425599565999065 0.01244377329702738358 0.01906594610935629167 0.00831708573524758341
1	0.00181507576426597731 0.75458513814708161327 0.08118845661431897676 0.00085409510616233459 0.00217672731849749036 0.15122213772846673785 0.00815836932120595978
1	0.01111823227936426309 0.91936782057102239829 0.00230101287545573987 0.04426115674255506893 0.01061205322405688219 0.00767553277630168493 0.00466419153124418562
1	0.00797156242881846659 0.72862262644434949710 0.08983729317287146576 0.06422305764733123035 0.01975797687572393782 0.06471691282182408245 0.02487057060908155412
1	0.00305232365516084703 0.98443915153882333158 0.00140993205696921106 0.00815436318509482096 0.00131906815608764873 0.00139508540904585872 0.00023007599881777105
0	0.73735777728076734583 0.08029159413017086799 0.05950490277486737006 0.06387802643038135997 0.02933914797077647602 0.00668100473153784759 0.02294754668149852697
1	0.04268618953500604579 0.53931779305515825662 0.13417399305183907998 0.06082921297761506585 0.17782909549950812189 0.03519306302951886317 0.00997065285135416077
1	0.01367142746616308892 0.90037631639942128370 0.03126981529636733287 0.00698397930644318893 0.04037377745028455922 0.00512016045509629172 0.00220452362622355642
3	0.03801839854920123496 0.04147801693409811780 0.00395339493133652596 0.62174158431315118545 0.25945552779680147726 0.01264037996400057748 0.02271269751141054630
3	0.00101591978855152605 0.00016046739959159844 0.00006002157348375251 0.99871871303431003497 0.00000223652657054798 0.00000654463911277172 0.00003609703838052126
1	0.01189804887593990876 0.70429560117776035533 0.02302409756017478534 0.00028352626210481955 0.00855694852852132044 0.24715274255798219682 0.00478903503751667518
4	0.00000307833981392219 0.00003437680215563927 0.00001776567019886183 0.00016656507964791717 0.99960864862947163001 0.00000976774563800219 0.00015979773307464817
1	0.13181823665024550163 0.81417209907364329613 0.01445075326160535564 0.00367368745380719898 0.03175946555173640717 0.00198600495950822112 0.00213975304945374523
1	0.00371088650641481421 0.91951753540480873905 0.00129446840976497868 0.00716973290272511499 0.00102375932752463887 0.00686028061058063625 0.06042333683818064405
6	0.14615308085344944078 0.13561749664270975058 0.01374477274294494747 0.00626764459232131109 0.03961312656860192793 0.00586676084675326684 0.65273711775321929807
1	0.06014339021734001201 0.60895446002342557001 0.02769444713107483899 0.03981703165191654431 0.06927922427367354252 0.09448056538197001364 0.09963088132059945423
1	0.01287895053333745592 0.51384312054532732539 0.09741194440059768034 0.00806185469938897406 0.11717615257797978079 0.02587160990044325842 0.22475636734292511743
3	0.30060618170208741606 0.30541935084088006613 0.02213428583481564377 0.33530016178167526553 0.00770841873355682019 0.00957271157401646221 0.01925888953296825065
5	0.00125811553644025222 0.14807455775968808576 0.01012220676047295882 0.00104954261558051049 0.01239917164049667009 0.82424631430790828990 0.00285009137941289077
0	0.52593662211670932916 0.01763056305358777151 0.00648805351584600971 0.00124827104769149703 0.34542964248918978099 0.05777227977224929506 0.04549456800472630180
3	0.10915435423148710237 0.32925664583010383346 0.02439728865808711220 0.41106640975333286203 0.01502065850016188336 0.10815377139704945852 0.00295087162977773548
2	0.00202502841918756130 0.00019297824892590382 0.99591762850884468783 0.00019817826585913202 0.00063697502104879630 0.00096082388721956612 0.00006838764891482789
3	0.31478327841777986595 0.08794831283914338049 0.00926938275904360537 0.53752986216386222651 0.01208675580297940630 0.02858377304143309289 0.00979863497575856994
1	0.09939798772458086074 0.88744069654507296008 0.00234867757136059813 0.00219473969505626452 0.00030417600764910273 0.00789730212415704763 0.00041642033212320933
1	0.00631227141073137377 0.92185384158359506834 0.00502922842287852577 0.01306380823109430829 0.02481479944364389095 0.01219182356602950719 0.01673422734202685905
3	0.01126818501718536598 0.40573217346844653308 0.00254261371310840348 0.55228510972350275399 0.02509047666188775685 0.00119044667292540133 0.00189099474294434906
6	0.00033317633734938310 0.00015424968789553794 0.00063330906282098147 0.00021395696409953397 0.00400303985626779182 0.00092844696611867094 0.99373382112544783595
1	0.02751418394949340165 0.63538623333757371370 0.10274149410490789058 0.05975971623257633758 0.07738073766254395525 0.06941684669634248794 0.02780078801656246310
3	0.01716409632361950641 0.03292008792876779250 0.01262076503201347254 0.84470133530574642577 0.03363399550916117836 0.00808286587378334587 0.05087685402690786396
1	0.00037273842140733102 0.99530532204318200584 0.00097733976289907879 0.00184254231591765398 0.00014930608015028399 0.00132769847236206221 0.00002505290408163188
1	0.00188129757074568496 0.97140969820087263997 0.00079938741276815021 0.00525457916222718448 0.00052538650880229259 0.01716032414714900589 0.00296932699743437077
2	0.03462456654350096891 0.02776068033553914446 0.86687739253878359769 0.03421496525473908396 0.00663601944143683842 0.00763069079098000966 0.02225568509502033956
2	0.00015256051068701074 0.00025330766207389970 0.99526053863971442048 0.00013112277830346018 0.00294518325506178081 0.00110368600371372181 0.00015360115044440751
3	0.00270770542644307869 0.02274645187194515930 0.00014353610517352783 0.97425797393270385793 0.00002398098172496844 0.00008748836369766145 0.00003286331831269825
6	0.16851143871856583134 0.04164238379252202527 0.01385049085946398785 0.02871193312519800672 0.04054797514731327268 0.01990113223812481347 0.68683464611881217543
3	0.37363695851871714382 0.00945209659084414455 0.01328711514954887367 0.46041333175743537343 0.11945955175977153451 0.00845411408181167418 0.01529683214187127147
4	0.03400568005876759142 0.17486888185518512095 0.02621901995760921034 0.07336732309590472678 0.55286634283620561536 0.02236729716323948916 0.11630545503308835353
2	0.00032413147145558086 0.00137749824855814326 0.98721828731982630423 0.00206347499452298050 0.00306946077594580759 0.00462031977571107123 0.00132682741397943129
3	0.02781899152003636938 0.12013633977863838465 0.02209555992028651439 0.79858231607742502511 0.00344498883478544819 0.02736740294539575027 0.00055440092343280714
1	0.01982099190706872183 0.72249772932922007307 0.01241181543601903303 0.07546045584985312804 0.09474533170426815976 0.06972591207167901095 0.00533776370189133122
1	0.00719236730134431568 0.84683791751764625477 0.07859427943605296063 0.00689345222640047779 0.00704470242262980346 0.05162433571985101249 0.00181294537607499195
1	0.00064180960078256131 0.98902134177129508164 0.00414110193573016903 0.00442946644115335166 0.00023863384767323616 0.00073033679614464874 0.00079730960722045833
2	0.00688565382462728252 0.16768230107402620765 0.79089030763681000824 0.00483126066679812928 0.00115719515412116502 0.01027123425891955481 0.01828204738469786650
1	0.00494296508861691991 0.97683278487097446874 0.00709601051764605084 0.00416069676127776324 0.00490663029410818609 0.00146679592448292154 0.00059411654289339040
5	0.00669889477518512480 0.03588272124959878545 0.04091824905343271340 0.00194220301123200598 0.20552968524630185754 0.63583686798374139393 0.07319137868050824836
5	0.01031067874754474853 0.01935451633895668433 0.00375433132024829454 0.00698884072092839648 0.03696435884412158090 0.91438235468249684512 0.00824491934570369990
4	0.00036249424189594760 0.00739698815007242428 0.00022641324320247429 0.00081368262466330148 0.98166008712436469974 0.00121231852164277757 0.00832801609415752438
3	0.03531167387696151211 0.17286830435039801657 0.01597069048445402123 0.75404688715309775571 0.00117569811783033574 0.01156743907699576621 0.00905930694026178471
1	0.15193988177935616180 0.32811299407019361984 0.04492227334388964460 0.07550988138051976939 0.16892961611498027996 0.14719466564957614518 0.08339068766148428902
1	0.25160059874927620527 0.32199312503693749976 0.04031035571739179091 0.24811812330346202926 0.05479752040792591067 0.07714809939963361562 0.00603217738537291208
1	0.01028689654786630291 0.57578753308983576797 0.00073558010979043683 0.41195163915728477688 0.00043239277968600562 0.00048594932490024013 0.00032000899063719092
3	0.00281936733445182575 0.03342170597048559066 0.08114500888265713252 0.82445223814630808068 0.00958636590686654834 0.01033603822217456746 0.03823927553705625676
1	0.25405370731956927743 0.45589679195247057031 0.00622926176306359391 0.05374712471532810953 0.14068759791298829365 0.07695014323692866975 0.01243537309965165455
1	0.00900891156902896076 0.78249016132017701342 0.02826418259299821531 0.06713886340026420374 0.00595692670065175057 0.09901580031480144983 0.00812515410207770641
1	0.20867480964326723392 0.39614678031370381683 0.01148314074036413217 0.34737238944833997989 0.02577521388726472865 0.00395226355111011427 0.00659540241594998734
2	0.00004293975049170436 0.00589493304282428122 0.96248913431867666457 0.00020390693690021733 0.00019907916601134690 0.03116502156087582603 0.00000498522421982261
2	0.06386805102009673885 0.10883053915559739999 0.64964581800961140878 0.07811612096487884072 0.04135939587346070673 0.04081214747771157864 0.01736792749864352406
2	0.10672248741351916812 0.05681985128735392299 0.59148971155655860610 0.00794830527324848907 0.08410433463037444990 0.02855382516916750782 0.12436148466977779703
0	0.92615431856595287208 0.02846225821725766741 0.00711739523446233441 0.01094403152389014644 0.01150278274802101625 0.01149445972193130841 0.00432475398848472178
3	0.02928947087136531124 0.01796643826442797381 0.00161651004284264896 0.91321042095396165461 0.01696172125540865855 0.00748538140673152101 0.01347005720526214465
5	0.03045221276575303671 0.31182485836409801205 0.01488173660954829509 0.00717421106251720994 0.11628419401095116403 0.39003778807339711809 0.12934499911373545378
1	0.18321408681137277275 0.67984778715947147276 0.00523803940017943375 0.03206778476697797614 0.00473238905324118407 0.07174108751641766757 0.02315882529233968118
1	0.13582603749412119898 0.49657759078613150638 0.01895228666511879212 0.07774505486661709153 0.06625462796369263607 0.01976046965571283745 0.18488393256860619074
5	0.00180424750725228416 0.00419461113112023273 0.00766497534590990150 0.00784700435061348213 0.00976363552456934250 0.96584024994160344590 0.00288527619893116233
4	0.05146202223067299075 0.18936849653332515908 0.02958670612257977700 0.08986270874267980602 0.43213845698247044247 0.00712912219898601072 0.20045248718928579401
2	0.01184824518061777625 0.00743385221370333662 0.83755782496367614520 0.00288050046799734642 0.02326746323842176709 0.10453961225769096977 0.01247250167789214562
1	0.04133539163791077886 0.82530748914569906916 0.00081072396832042955 0.12347351846233800554 0.00523614610779039522 0.00336386281475078855 0.00047286786319057780
3	0.00156110612192085821 0.00326023432836016966 0.00623510843750349573 0.97856079294131259605 0.00372144108999020303 0.00069303168733691090 0.00596828539357602533
1	0.02393677028365534878 0.66673838095364834633 0.00612662625223468239 0.25566385222985521519 0.00893085679236807657 0.03070278232880402705 0.00790073115943465236
6	0.21343518675380623861 0.25889332589272828766 0.00775321927085368366 0.02458003645175706880 0.20630480185535587934 0.01788302780475551496 0.27115040197074324890
1	0.00001208293040506468 0.99986702773614877238 0.00005680054481974463 0.00001238607736122854 0.00002727928662404566 0.00000753363871190758 0.00001688978593096956
5	0.07560640468272801507 0.06000870564303462801 0.33167264389451189821 0.00202236271043306111 0.00106635637840472386 0.52770870376828771242 0.00191482292259997889
4	0.13230855832351659518 0.08913759839120700967 0.13957404339744505783 0.06315994757196737031 0.48522779868441501261 0.06796230229405997303 0.02262975133738912015
1	0.00068095328658901943 0.99908573220666796466 0.00002612061817439882 0.00005819449497666920 0.00001175984421023446 0.00013288716933448119 0.00000435238004758954
0	0.48399904996513770650 0.11094935792275366360 0.07260338749321404439 0.13004092591127336398 0.06479791834400300266 0.01370869975384997504 0.12390066060976810680
1	0.03640481223065117344 0.70871917841243792235 0.00598329254361925494 0.22992171186043952602 0.01239920878118549140 0.00368828398459192372 0.00288351218707483866
5	0.00251524131573553286 0.00173626489879023403 0.00248264434895361730 0.00493206805510369804 0.00012605254873522724 0.98818095783002757315 0.00002677100265352763
4	0.00714448142773296217 0.15052733000102436201 0.02167843761694843163 0.05083704606529314274 0.73314983616526929744 0.00341626821763057467 0.03324660050610134254
4	0.10112203058027649516 0.02758212212410707243 0.00905499327300898771 0.12348150816954146791 0.46332074774775644510 0.04190893921595739008 0.23352965888935214855
1	0.07220267843012492803 0.30212413892762124412 0.18906427510279205650 0.04373290742256849550 0.28320228924198714848 0.08829111099167290255 0.02138259988323360297
1	0.06637748130747656017 0.60608041598964612628 0.00899542028536015961 0.26915360688342060413 0.01245198018160946149 0.02872131880932223685 0.00821977654316500411
4	0.13129743908061713986 0.22582670129174989282 0.01375917190296624404 0.01273142061546432210 0.41207246302242622749 0.19586362160963544099 0.00844918247714081597
1	0.00929643027266042338 0.91123551047115058932 0.00094628607400753162 0.00033735990117549758 0.00014695882359700633 0.07745404840376828026 0.00058340605364090754
6	0.03687497207737850530 0.00666389690407113468 0.00997949557220590908 0.00267433354108711704 0.00226869199227360116 0.00430937993501145054 0.93722922997797220024
0	0.53046627762848552745 0.31494537354610613322 0.00815161639132593561 0.10724307724112658313 0.00605834273575170910 0.03193521553235106197 0.00120009692485313168
1	0.02488671013981341718 0.95682676738067318212 0.00306675432779918286 0.00605873948162686301 0.00585291955806303398 0.00135699330024211689 0.00195111581178194181
1	0.10595044985693448381 0.36591749932259826084 0.07281970583828377419 0.22282468774364497244 0.13347346243864219306 0.07497728446284543380 0.02403691033705116636
0	0.80891606122999470951 0.06316907006010988312 0.03822924872910654637 0.03541621528028982002 0.01717104055272287988 0.03022259071860644922 0.00687577342916950718
4	0.00040312941126776047 0.00206634895292498412 0.00047402321430775439 0.00008737606924871025 0.99385987626007332718 0.00100126659173116776 0.00210797950044631661
1	0.00751894814060706865 0.27286018422347235735 0.19586275429552907346 0.16498700894936563222 0.11168780177112715146 0.00767701514172691463 0.23940628747817194188
1	0.06257489991964115816 0.41900523682185830676 0.03487541331718307241 0.14186361533686048242 0.26689393540755063094 0.01835335561278048783 0.05643354358412590310
4	0.00055600578886545477 0.00341150861632931110 0.00018055302454613747 0.00007980188684813166 0.98891228362960970077 0.00147318075748469339 0.00538666629631669516
3	0.00090231565486083472 0.00173331622268114711 0.00114031317362754550 0.99605694104341346851 0.00002056286094964265 0.00011110163446395657 0.00003544941000434243
0	0.97389832435904299945 0.00076975082728733318 0.00007276939703444098 0.00061107795907834356 0.00076474816549407568 0.00026733586270650362 0.02361599342935628495
6	0.04762175784778895082 0.05745661615637830816 0.00710378318861087932 0.01332455042449762726 0.25064009497203965093 0.09191032440284242766 0.53194287300784226513
3	0.00303729968733024852 0.00562134126026221301 0.00547370871455541731 0.98547241974225041616 0.00016676248464254996 0.00017877227753204566 0.00004969583342686096
0	0.70231513486625662956 0.20774822188104755116 0.00563923766562855755 0.00905415059609247265 0.03302854406428448047 0.02240753209542113711 0.01980717883126919404
0	0.71987490072068904823 0.10869994980213965041 0.01362122099262555973 0.01096232292422893821 0.03082254000723100990 0.03334369917580012194 0.08267536637728566118
6	0.10455740094910404014 0.23743657182189314980 0.00703106248893460746 0.00664215505397423422 0.03058700178319439730 0.01231270735705734462 0.60143310054584242508
1	0.00186631710340634288 0.97602105300031360979 0.00821854047163679546 0.00191993600889035537 0.00013315510385856366 0.00953240792400917268 0.00230859038788570111
1	0.01407973065066712298 0.92857486418735390998 0.01137095902715525887 0.02136129781997939125 0.01957737458561336838 0.00279571617063588754 0.00224005755859544220
1	0.01818196163790509676 0.85133562787218497458 0.00870196788962638614 0.10406855344281071285 0.00335677604898263404 0.01244562362249545043 0.00190948948599504011
1	0.16966115070855455893 0.29313432300584624235 0.26877627613427157449 0.03425072916350968555 0.13379882006381896287 0.04457234301205661303 0.05580635791194262646
3	0.01683259303954953712 0.00389742642164677246 0.00013696074617664718 0.97619577532767964900 0.00076200267226694688 0.00074834885946701223 0.00142689293321286107
0	0.94698157917370073822 0.00446269776920116268 0.00563388749135188948 0.00560821859108431332 0.02218142027859648646 0.00223071001254653185 0.01290148668351870538
0	0.95297315047317932013 0.02286691288868438268 0.00050049589840762032 0.00961605072040293447 0.01023250774594831533 0.00300593070210929342 0.00080495157126820184
2	0.08546514564569311634 0.02724862636583249079 0.85582509930611394555 0.00093544042432791390 0.01948758830380417639 0.00963031448221779614 0.00140778547201027130
1	0.00159112455167658286 0.47880171484876926646 0.38730086663317109252 0.04793299550625468308 0.00919606802106312862 0.06951562274035168187 0.00566160769871374477
1	0.05163117270800377662 0.39571107387897341834 0.04365355676582257510 0.24106628196461907243 0.11991512925862349292 0.12555298044109977629 0.02246980498285754135
1	0.07903336596251177293 0.72512534647041915203 0.00532380316851597916 0.04767632415382749150 0.10058690775795869898 0.00618238251448178025 0.03607186997228548769
2	0.01659985959317372001 0.00766147508689482473 0.84858521445193635380 0.00117921054526869563 0.01678105639036197791 0.10592783486752953281 0.00326534906483434521
5	0.01604446482322388623 0.41709592731359246276 0.00385700679472417976 0.00298639009465845708 0.00283482045641113723 0.55655627797025863934 0.00062511254713045698
6	0.08457195200482160724 0.07560746976655748075 0.16619984292475395438 0.01086363046623519367 0.02168922150707701391 0.03126582069178411583 0.60980206263877045902
5	0.06896058132159284260 0.01069671092566466114 0.02306534714615423448 0.09771280405078344722 0.09028184541089859239 0.68706277491672496094 0.02221993622818111552
2	0.00073860055762154221 0.07825717308633575731 0.72217245862257195554 0.01179923840518872641 0.12736894283235017378 0.02797564756726000565 0.03168793892867183964
1	0.00027941247991802973 0.98349145511189584035 0.00932884164611208835 0.00154550559888585039 0.00012400590869749413 0.00499229264223398448 0.00023848661225492473
2	0.00065391021639271294 0.00076169011213333645 0.99589228763200865480 0.00047549092891346364 0.00162382145492642716 0.00048422166759252690 0.00010857798803276202
3	0.00989305316452170243 0.13194850038917296797 0.03183186119846882073 0.35679574307951461565 0.24418051084465719480 0.12721682158684460839 0.09813350973682014033
1	0.06726638088478471833 0.36045670347091324226 0.04929810346933090337 0.04385896770747654827 0.21729003622110382166 0.21692045960514394487 0.04490934864124734166
1	0.03576603791189330445 0.54367986980990157253 0.00772639352023647349 0.01729460970707145592 0.36516326258588432951 0.02420551032045066553 0.00616431614456261056
2	0.00000484492507303104 0.00004546414235967838 0.99986491431873991687 0.00001484655700673036 0.00002647207476070276 0.00001972152224707490 0.00002373645981281911
4	0.14819764205319718720 0.13215125360367957486 0.08910374878666321719 0.20688747971392110192 0.32946546523421094133 0.05729643069502109165 0.03689797991330683036
1	0.05976072468607494109 0.39321186218576020810 0.11290546683315136334 0.02040280784567266234 0.01083209107821533554 0.36872822986302311588 0.03415881750810212392
3	0.01383922490043129096 0.01369900507090409184 0.00263735187677529388 0.96910809471635084300 0.00041548711115196055 0.00010914539957881779 0.00019169092480757682
1	0.02095928238534803048 0.92124988926474427053 0.02250103625347308137 0.01445642235161852425 0.00391552518686721224 0.01634183067033247519 0.00057601388761606605
1	0.00976966748666785630 0.89035780376401585379 0.05768766938255839166 0.00013214947087438186 0.00295018283543622972 0.03844505381147565043 0.00065747324897287389
1	0.06045503895881431528 0.74032737404311710350 0.01860337478419442359 0.00357583601321923321 0.06031505763180426694 0.03971374973650246970 0.07700956883234867656
3	0.00611947934425916083 0.00169047633225521163 0.00343392444232703837 0.98242389238466687473 0.00136365617361068029 0.00088839927646141854 0.00408017204642043604
4	0.18117821920636406618 0.12714071414088459755 0.06264231866301564478 0.13067095140784495966 0.26879908329162016667 0.01671910594263218558 0.21284960734763841428
1	0.02865183975257166657 0.81758142894236307541 0.01002677306262967846 0.06139118616481550883 0.02107275304293263624 0.04255135235159668988 0.01872466668309110197
0	0.80351215704733724987 0.10887313044780473625 0.02129224469914729051 0.03561768125660302875 0.00874432464844026626 0.01178415595774976073 0.01017630594291756181
2	0.01045667784523721978 0.01125034484214434798 0.97506855716420104407 0.00078549335466994202 0.00078966972740571076 0.00146494648719692577 0.00018431057914565014
3	0.04739468066568878341 0.17306524950187809897 0.00137389813362501375 0.73218231661744137551 0.02740421766932355993 0.01317617964247457842 0.00540345776956891333
3	0.00042096233272335520 0.01157889316555163993 0.00074729014046584843 0.98422003899000554128 0.00063102370797969449 0.00131992609474204290 0.00108186556853212762
0	0.30773668763110467728 0.24892372080927180344 0.04854236401164484238 0.27198885022951824197 0.03043770429956386622 0.05930799698617807147 0.03306267603271886152
1	0.02237720499083586251 0.83519073366953544557 0.00403806391011326919 0.08550835573462187145 0.01193764865560840473 0.01193805792002142381 0.02900993511926418938
1	0.00594693248785068285 0.52149142236547130214 0.00367836191333027881 0.44030077572795700558 0.00204424008515272830 0.01626703077745296488 0.01027123664278491860
2	0.00205776294288505419 0.00506578800851742103 0.87709660042633352806 0.01938392778260313032 0.04098020985195813953 0.00874359442873350913 0.04667211655896887773
2	0.00019551581947399444 0.40586121289613613650 0.57976552369419354083 0.01051425518885538458 0.00019442607561511867 0.00301720889394280168 0.00045185743178367143
1	0.06826633050972531758 0.83176581944240624011 0.01240303728986724870 0.04518057909102929370 0.00121192265791768609 0.00247055115768527031 0.03870175985136890123
3	0.00176595157655699700 0.00050707261188835966 0.00009468849837710400 0.99743581768307720825 0.00002974427331076809 0.00001156763834928793 0.00015515771844016368
5	0.01587722956776257965 0.05241419861472292052 0.01040102139082366324 0.00303371809183242526 0.00964135270601088230 0.90462174380393400863 0.00401073582491364225
3	0.00011274356645386187 0.00364159506920291171 0.00232978498704963441 0.99209718543281333325 0.00105584947617338044 0.00009873084205041353 0.00066411062625780016
3	0.10275613449867035398 0.18808519126404432686 0.04312209548453233010 0.54830524010831915849 0.06075303366028098062 0.04724623420316096528 0.00973207078099201997
2	0.05497931023641248333 0.05659288714732276654 0.67068594066298681255 0.18254150239267960543 0.01361846649063377587 0.01020723204843642686 0.01137466102152821269
1	0.00389871330645421687 0.90996612905255946924 0.00343334340562716223 0.08041264216061017045 0.00034138249778645208 0.00027253726277837149 0.00167525231418479462
6	0.08315914342749933241 0.22583940703395757876 0.03643699741016133420 0.20914101893961167811 0.08618902318312836319 0.02434658257919570731 0.33488782742644612744
0	0.99535604661333043630 0.00029571678155529337 0.00013441783207430495 0.00096029405566567887 0.00135256539481506434 0.00052628931029007791 0.00137467001226920208
3	0.03092007956212135603 0.12365510566132874304 0.08967113001449644738 0.62090389039896232148 0.06993541957857929425 0.03310005417648866771 0.03181432060802349970
1	0.00510013380112103645 0.97830405331235681388 0.00629420789702424786 0.00370786944613776641 0.00028165263749811551 0.00496731549208334362 0.00134476741377792248
3	0.15567316491932095546 0.07614915836898540624 0.14223764495784679829 0.42007764147607346006 0.07470370040237757359 0.11202979715785281456 0.01912889271754306467
6	0.16263199076759618511 0.00164033026832041424 0.00131822422565042847 0.00621415267456370147 0.02092858003682326190 0.00484724039973997295 0.80241948162730614147
4	0.00882271905957081326 0.00632159136832882804 0.00089662316113774880 0.00029395836925585244 0.92789833415674594086 0.00062027048300502695 0.05514650340195587086
5	0.00401017134724669915 0.01692003933337151572 0.01935354118313807603 0.02902453661154753492 0.04207128871754348826 0.87400167349313284682 0.01461874931401996140
1	0.00009693401861665497 0.99855364608009355987 0.00008924303429320976 0.00074756575819649696 0.00001060494737453517 0.00049473468310307338 0.00000727147832136282
0	0.71200394870658145763 0.01871462701756418032 0.01275669323325158595 0.04510998531922116861 0.01472245143639806624 0.01645470435075141111 0.18023758993623231750
1	0.01318440306459768910 0.44693183796335222979 0.01167102147271724746 0.12171724498334472730 0.07187022444913254704 0.13621946549728181086 0.19840580256957313088
1	0.07648966855290258160 0.72990895818543077844 0.01129244854322546295 0.07547273143849947408 0.01899995089241802992 0.08361294705829129537 0.00422329532923184248
2	0.02304469159549838581 0.04062310793733902442 0.90354219685448577959 0.00478870402310620051 0.01892823656932212870 0.00766207591851215172 0.00141098710173594437
2	0.00513089509886098354 0.00585167641298571604 0.91556803100175621069 0.00079153322045694542 0.04287511028821745090 0.02883491746681039400 0.00094783651091268377
1	0.00041411122213835881 0.97770088462142235031 0.01545133183895845350 0.00377589608522607397 0.00025584846238157360 0.00118487817694608983 0.00121704959292732074
3	0.00063976019737555022 0.00561260048461517235 0.00136408873443164057 0.92719269438395368610 0.05516800837623068998 0.00937269959565970555 0.00065014822773353052
1	0.05290672665702226413 0.45077262608557755463 0.06892542487010472341 0.03669649448001329611 0.09036187971761186488 0.06834691943042718598 0.23198992875924287493
0	0.48352251344569424640 0.15777957585456736656 0.14833259938834281177 0.13926391295184825658 0.03483533229994227598 0.01237293321864972595 0.02389313284095529941
3	0.05164750532876898059 0.08551878459538270194 0.02982985584729145462 0.73481806447379927061 0.02465793479664467672 0.04028851256634338046 0.03323934239176950384
2	0.00211869925661637738 0.30359328830880388805 0.33593829026541710547 0.01764656275574014513 0.11208558086121647723 0.00335157547504270556 0.22526600307716324045
0	0.47011011004097075228 0.14660109430461182312 0.07650620532182393629 0.05969732244990780257 0.02889469951740327933 0.15675929417840817059 0.06143127418687430175
4	0.00117547945280611541 0.01644155008993192224 0.00142839615560520989 0.00279104373431611572 0.97562560451049074040 0.00043928943305317366 0.00209863662379650021
1	0.00876465710507050126 0.98482439980050540118 0.00151423211545398438 0.00174440507459335242 0.00205502591117748268 0.00057675692124565527 0.00052052307195259216
0	0.38880861577770747806 0.17712021615601583613 0.05678232729855012262 0.05225405713525371754 0.13410320696758123993 0.10244951925932907488 0.08848205740556222554
5	0.00412717449565448962 0.03363272026012982530 0.01807254964310201981 0.00784991100637462240 0.00203908269625944919 0.92047868325365711506 0.01379987864482248514
3	0.00286994058568555092 0.00160341284084961262 0.00305454766513057812 0.99033983114859813757 0.00161459551779442206 0.00011557883044764683 0.00040209341149376036
1	0.00632252045609932659 0.98118827347527326488 0.00012782021381503656 0.00293080752462579908 0.00103443254238061834 0.00834668904534967282 0.00004945674245667448
1	0.00076052256820405154 0.99504281352099366309 0.00036957803454678749 0.00311911312648839026 0.00022657399216256729 0.00045324651803751672 0.00002815223956631389
5	0.01589995832095915732 0.00526714557451330497 0.00077324476700030796 0.00852270091878771542 0.01889323304594154457 0.94707398211688320622 0.00356973525591454703
1	0.02656494091361146295 0.82525030482989780722 0.00502656794470394703 0.02606649155252718439 0.00788453211277530264 0.08846576121548084537 0.02074140143100315983
2	0.00117119306770180191 0.11603635765693945392 0.69403869610471247142 0.02268804915118070864 0.07859478713500457625 0.08290346258269895574 0.00456745430176117191
4	0.03036591018475321563 0.11491349632189533370 0.00950589215197553475 0.06337073446314120395 0.41991096281566020476 0.32347108990311623788 0.03846191415945815484
3	0.11164749606814518279 0.09464714629386587752 0.00148165568139061376 0.77297614115653257016 0.00268989639394730381 0.01254460272918500249 0.00401306167693315022
4	0.01329136037870098756 0.00767814935333646122 0.15935551396418240477 0.02153904972114150176 0.70599437948255194808 0.03815592779605493645 0.05398561930403197179
2	0.00023834015537536744 0.01713662738116450771 0.96693626272237775954 0.00046765966607194938 0.00045011424980065731 0.01256583430012374498 0.00220516152508608071
1	0.10358396114456054626 0.81153116434125904810 0.00111589476713476097 0.07343084589354727243 0.00417229924106787570 0.00423495751573266851 0.00193087709669739500
4	0.00012636757275639180 0.00100283043509661815 0.00003080602611408174 0.00001698279949032196 0.99763958946472208744 0.00026968448596936709 0.00091373921585125842
5	0.00003046223319600781 0.00112372956944771485 0.00075120247133459936 0.00006649074909929180 0.00079216262741355797 0.99691587720935614936 0.00032007514015139468
1	0.01168637971639065361 0.93544983985905649782 0.00971650937937594897 0.00820916123877176232 0.02121569252680755718 0.01127210213372047826 0.00245031514587710055
0	0.98935901243043977704 0.00344576844229044698 0.00054895230458814573 0.00275043941697097937 0.00215458124337416460 0.00019691660779784734 0.00154432955453879042
1	0.03529661231919715286 0.52449847678914807148 0.01604820221688069842 0.18269631438512243249 0.02234903089848786287 0.13844178101231024991 0.08066958237885389627
1	0.06461924156938547714 0.52666483779503148188 0.03219883993195776090 0.32151184791182618739 0.01572884485631761281 0.03236654460013131673 0.00690984333535067229
1	0.00087712268629299122 0.98951677200711851690 0.00357933597489430277 0.00108157100250962199 0.00093769615562403863 0.00269608565792373977 0.00131141651563745562
4	0.16767461024360713617 0.01508311431796914223 0.01046290804082066622 0.13587618649256019698 0.48865821276775472937 0.16844804340230457029 0.01379692473498347373
0	0.72110816885309370061 0.04636899038681037422 0.05501784402767177090 0.14436066492935539785 0.01065170913159010045 0.00761020973015861038 0.01488241294132020519
1	0.00391411774800048008 0.99486091064730808320 0.00023031303260249774 0.00030599563213609145 0.00003630554086537633 0.00063789259445581133 0.00001446480463123344
1	0.00123680818343190643 0.62500009488625096754 0.30714567163888184531 0.00291982484829805908 0.00042238036129772154 0.05891552649094323330 0.00435969359089735230
0	0.42477698135303870730 0.03463083092312103234 0.01064355801495239437 0.01195728588723871978 0.07127552025633634991 0.42356987830270675932 0.02314594526260609075
1	0.10016365481314394581 0.49799828549751917750 0.04878171438047541886 0.24500186370854618034 0.03954911499645664963 0.05359156170011281778 0.01491380490374539722
