6	0.11694414596180797983 0.12896973370699515993 0.02729411211722662309 0.17434135711565912352 0.03451370814151543537 0.20268291704642743545 0.31525402591036844058
1	0.01162489792174695863 0.89154071622363062488 0.00793160323452086341 0.06564368323413360962 0.00402244500068583803 0.00797959049964312370 0.01125706388563914480
2	0.00383554080059369607 0.03990883709270754559 0.87657970711972632571 0.06337137584895227715 0.00355052047733687157 0.00606229370014177860 0.00669172496054121733
3	0.03238748944626120008 0.14033531107809477101 0.00408040440927021596 0.81668518680646784436 0.00043277563348363847 0.00374643966344970865 0.00233239296297255670
0	0.83289620085150362083 0.00171141842666828504 0.00430594424263572133 0.03543309477898005933 0.07160507671116249362 0.00061328486397008630 0.05343498012507975903
0	0.37295606867720315636 0.05266520250828855138 0.00554096680680614666 0.02517253379944841760 0.20890198935127535229 0.11277796712578425087 0.22198527173119414480
4	0.00042787621756334873 0.01563749566538552224 0.00076916428512001866 0.00614591134884186121 0.94588927856977811359 0.00009717154747019195 0.03103310236584093385
2	0.02183879861316009169 0.09536723452951591240 0.81339063303605640964 0.04899130868133155792 0.00514174143826556188 0.01182236702217369026 0.00344791667949713877
1	0.01527558420555127569 0.86300255616938037484 0.00049696874803495340 0.11632310818957326826 0.00316494343929294222 0.00072174705260102067 0.00101509219556648552
1	0.00868757255126997863 0.60488688160606496336 0.06840974212844581903 0.02371679392049406282 0.11503885563940756398 0.16186743080248297555 0.01739272335183376927
1	0.18930338667184820611 0.41269454651112141841 0.01656659150730130717 0.05364751902126053268 0.12485414740429559566 0.16119690422255361639 0.04173690466161934093
3	0.11357712513891003725 0.00866234713230556660 0.05650669493144633293 0.70222064624145996703 0.05647729382791007863 0.01760828650246627075 0.04494760622550209028
2	0.00743746409700960995 0.03601896205377972532 0.82163009489932836704 0.02624179129150824505 0.00489295698224876362 0.10207781676983887498 0.00170091390628549920
1	0.00482635720578578498 0.98364486167092890501 0.00057503378355692331 0.00415494357726671568 0.00031518164653766638 0.00538966022125710997 0.00109396189466620165
1	0.03906765847767767336 0.30883425245480661259 0.06715941590492881252 0.00605241759670095691 0.30350640633547565361 0.19975575429825134788 0.07562409493215917211
1	0.19040005236032297997 0.21735678243292652634 0.18471980514168581666 0.21671508406595840768 0.05358245609972657475 0.04328331957648538786 0.09394250032289423735
4	0.02804495798825609384 0.19862663669187968773 0.01620356244857818276 0.00312556046766733096 0.55958849438769242557 0.10762722224497227319 0.08678356577095354407
2	0.00547512574719427256 0.01593769966492158269 0.94713106466816299189 0.00157048508159373149 0.00151020085227594920 0.02465411274110912432 0.00372131124474269588
3	0.05409849056432547432 0.30453513749830302126 0.03161166824308738604 0.42034059708593191074 0.09956177417971746879 0.00533979906927017217 0.08451253335936442790
1	0.00016148944167790352 0.99735961084535929011 0.00019339385297814372 0.00184403895262138856 0.00014406459386541277 0.00013107856414682577 0.00016632374935329341
1	0.00173729414009251822 0.96109220820377316841 0.01943583761782106956 0.00828935713463585869 0.00043126826502394876 0.00606296305466577819 0.00295107158398723139
1	0.00091623431418038726 0.98979078842447554276 0.00232548685847439648 0.00184318803099068652 0.00021983121908327697 0.00455129139748304372 0.00035317975531227319
0	0.47829715512852133408 0.02990616016464227311 0.33028544549983923639 0.11183437280563948701 0.03879406899845651291 0.00497370059490744552 0.00590909680799390699
1	0.00435278070457162727 0.88072256474624932565 0.03238227474149341784 0.00846652781709908951 0.02650670924287405056 0.03159365983527413074 0.01597548291243873833
1	0.00051707160442220719 0.61837986717332305009 0.00382672061381793965 0.37151290552442861603 0.00119947558723694872 0.00052047545080122367 0.00404348404597049908
4	0.01947296094099739208 0.10036716175724501310 0.02811620461918843544 0.00793171255022429543 0.72939767780578534939 0.10827112876460175117 0.00644315356195767752
3	0.11127255199668469043 0.04852485837065308172 0.03536243777435831015 0.74484475894825208364 0.00242072671908940933 0.02009272273602408579 0.03748194345493843088
4	0.00750215594781533917 0.03057608426016754019 0.00138975994989611875 0.00089005755912094895 0.68613036539047378426 0.14023387326528963248 0.13327770362723675990
1	0.03968403331376600673 0.86883588146246804040 0.00514558370523248397 0.00609232490062257184 0.01584808272915428848 0.05758073168298651762 0.00681336220576983596
1	0.00345267544406488609 0.66599776110602437740 0.01291879020046495831 0.00062119182627585654 0.01078699777725665790 0.00904321744853646761 0.29717936619737583825
3	0.06164444289439158231 0.03571641850058970141 0.01036909850604705689 0.68798883031194568716 0.18434172271726001480 0.00078986396511675238 0.01914962310464951578
3	0.25749482844116411417 0.06385825789768885541 0.08271715841759146037 0.37209736097722179160 0.06210086438833031103 0.10251327332941345682 0.05921825654859009386
1	0.02684475407681101086 0.45864883123930266784 0.02233779834321897306 0.18250816607439643291 0.20824215002091384097 0.05071183096289012815 0.05070646928246701907
0	0.48722819825330460075 0.02414538992282413976 0.04809037770159942798 0.33517562521471450099 0.04009693700575488878 0.04490927664877272796 0.02035419525302989419
1	0.00189534015638180369 0.87845340842108210477 0.00307069728434896478 0.00521868652662400324 0.00793202027681751132 0.10054678792701339518 0.00288305940773165041
4	0.00499231002662475516 0.06743463760278559094 0.01529487336369027631 0.00304279072156106575 0.88524113003354387708 0.01951280304713010755 0.00448145520466433894
1	0.00082574838572037638 0.97998925655292934422 0.01489977948609397078 0.00062639548131140596 0.00034643290867831931 0.00107370514199939737 0.00223868204326766514
6	0.00913339496958467251 0.00291354358951769312 0.00500036028968690351 0.00121006664607500630 0.00055212439883757741 0.00309840841609405979 0.97809210169020455172
3	0.01792763389398760107 0.00269782220943488903 0.00398545980808998491 0.97031863072011526050 0.00086369170450903486 0.00163911048813280354 0.00256765117573103281
3	0.02407593404957264135 0.23962545033528168115 0.02045827586750537802 0.66975486279519080846 0.01358873061884394683 0.00895181493800055461 0.02354493139560529316
0	0.98877441372310559409 0.00291585890636709196 0.00066098814367396969 0.00448407546875903909 0.00193185622715727045 0.00100906709594376551 0.00022374043499316068
1	0.00445067144171540016 0.82237214582568818333 0.09686113579302943477 0.01208340029062083924 0.01444322262980107796 0.04897609005338552507 0.00081333396575961373
2	0.04753108574625286575 0.17384365918715674604 0.38833989771281723913 0.11773310851146800982 0.01122786631786927558 0.23887153736399252546 0.02245284516044322720
4	0.00476697940383127503 0.12528427556878743432 0.00648479707211250568 0.14005451222928819166 0.62377960826095879554 0.01827115309073382848 0.08135867437428841165
1	0.00672907879958193830 0.96036624014380711500 0.01107276574227751380 0.00223235484331465008 0.00140215852703231615 0.01765143397120582866 0.00054596797278046269
3	0.00748464086126225149 0.19704541843764111775 0.00514840992269678145 0.75697935450633446752 0.00315869530771415450 0.02253347158287296453 0.00765000938147860233
5	0.00007134329859680947 0.02871036398514125593 0.00006329958531172998 0.00000152792834863910 0.00006855123817544210 0.97108362432409300879 0.00000128964033475790
4	0.00036276648251343192 0.00167372585212091055 0.00029560464035056439 0.00203188229631885058 0.99136730350962332103 0.00007825016604928679 0.00419046705302276567
2	0.01105518724308203818 0.29007540903820439038 0.64789176247618418536 0.00168468857402126731 0.03697960229297719836 0.00726362155338110705 0.00504972882215073277
0	0.74809401144040377218 0.02641151572147873092 0.00707449241007050613 0.19329113077263174181 0.00761133532150928393 0.01351105338356228640 0.00400646095034368904
1	0.01991431973393566895 0.80083419547120149318 0.09616838688304006622 0.04396913147698229551 0.01219868068454417476 0.01881786129299227450 0.00809742445730383086
1	0.00177719416546635021 0.77180978179020520713 0.07615696647533524988 0.00082749596502428458 0.00213591960182530445 0.13917100165047333049 0.00812164035167020799
1	0.01037757306164932385 0.92197346617276576541 0.00225085401243068717 0.04315693919098314429 0.01048411523656082346 0.00741094451173660799 0.00434610781387396745
1	0.00805115179398029415 0.73281024153249096909 0.08925740435630949432 0.06439207247261687084 0.01903896414862801117 0.06237385029917331264 0.02407631539680117616
1	0.00293916737557960422 0.98423524886196611661 0.00144897743325711546 0.00839938246967724712 0.00133768138705661795 0.00141009512066053982 0.00022944735180182812
0	0.71862719351088821806 0.08712493929506552603 0.06446047796073671454 0.06754140401900593504 0.03094316102169301572 0.00699060845138226462 0.02431221574122829909
1	0.04339695002303783217 0.53763439875151253222 0.13636088826274772590 0.06112109116815942628 0.17619850350601110045 0.03526321591535210020 0.01002495237317898268
1	0.01316109736041244475 0.90398863466504264519 0.02988023925037226400 0.00657972679455267467 0.03943444572124794184 0.00492624587299678434 0.00202961033537499931
3	0.03503074055018394473 0.04220861229859792368 0.00397740988865702416 0.62295001750841105803 0.26029574586650011669 0.01236852940320166613 0.02316894448444804105
3	0.00098165661593946178 0.00015789777941356919 0.00005212283912483755 0.99877313288353020138 0.00000164993879338461 0.00000529059621894363 0.00002824934698079399
1	0.01164111799374390605 0.72198753031158668936 0.02199708638778295408 0.00030373377026804324 0.00833640768569985681 0.23094194458513769841 0.00479217926578089874
4	0.00000240845783773896 0.00003023554055024449 0.00001582289560337550 0.00013534301436278546 0.99964909595498963046 0.00000812210178350056 0.00015897203487384422
1	0.12901711193333878502 0.82763884322429703833 0.01244176720809976426 0.00332990804580981289 0.02405393571744520939 0.00178385756688320078 0.00173457630412558240
1	0.00338277600105256785 0.92717870540174573968 0.00124053844315289547 0.00678529287625919981 0.00100281485349866051 0.00672449559555725936 0.05368537682873351924
6	0.14581109200439876239 0.14593778669481691224 0.01404602637926182472 0.00664326041158784780 0.03847857667218521766 0.00603094896502896251 0.64305230887272046836
1	0.06348654577695234114 0.61380770982447563355 0.02749936163005142764 0.04016915600042769013 0.06604929854551012947 0.09222505850165528540 0.09676286972092723593
1	0.01316730244514950632 0.52583766561631395398 0.09556803223350779364 0.00811495297610768072 0.11179590277023146450 0.02508217960137996971 0.22043396435730899796
3	0.30164802952575070494 0.30406191483965844258 0.02223460986516550414 0.33634801548368320478 0.00737810855612461725 0.00927912415910017024 0.01905019757051749918
5	0.00117251854489740259 0.15171673490882717217 0.01000273705780162573 0.00107481713623418804 0.01293344357575148401 0.82013867905251358614 0.00296106972397437024
0	0.53371872395431718683 0.01821145029988893715 0.00636217029111729986 0.00128577228657075922 0.33881979146401403069 0.05513646860540934863 0.04646562309868233070
3	0.11524980757492404859 0.32799082339505319927 0.02492917413576580671 0.40453779509797427316 0.01511691217910773530 0.10926704484592335287 0.00290844277125170596
2	0.00188830033998225446 0.00016943523830018360 0.99622971622841849371 0.00014526854634331119 0.00059730781595192651 0.00091462161023032288 0.00005535022077328040
3	0.31405344683277480744 0.08918130590105462219 0.00959476663892218189 0.53699297011587898698 0.01189150159720850364 0.02867638158142704966 0.00960962733273397138
1	0.10054529905412366853 0.88658520452820099855 0.00230167920957790022 0.00221556373902009581 0.00028172064945249055 0.00766722023225080429 0.00040331258737410868
1	0.00601056729637315396 0.92388812555462995757 0.00488188900783853488 0.01290935513810560591 0.02434511585044404208 0.01166486903379489182 0.01630007811881368715
3	0.01028385642084781761 0.41046837559317422839 0.00215619419370843531 0.55453510072024481126 0.02016524906886531243 0.00096404054212861294 0.00142718346103027868
6	0.00031306695607314939 0.00012872364951579935 0.00051123143862434812 0.00017411572500511258 0.00374193786956128916 0.00075592605855999233 0.99437499830266118384
1	0.02800902436391040917 0.63914663702429164172 0.10214031498445123869 0.05938610831788376093 0.07582769288846712141 0.06852202164222047365 0.02696820077877535096
3	0.01681980810694898298 0.03406893186938322882 0.01272037583723859173 0.84522350922396982664 0.03294971169968214514 0.00804078812356052823 0.05017687513921700176
1	0.00036254298785256086 0.99525412441202798508 0.00098934508926304550 0.00186793057714315885 0.00014933383395172647 0.00135191511267339468 0.00002480798708842002
1	0.00179121719660312387 0.97200589992222785618 0.00079095561955125110 0.00516890108063795296 0.00052069818055128605 0.01684791200193476793 0.00287441599849338559
2	0.04358192679071756781 0.03014786994347559007 0.85409998710099688246 0.03612843005095558307 0.00649236606474885847 0.00755704109730682624 0.02199237895179863983
2	0.00014690686778825600 0.00023060025138912658 0.99546703080576637301 0.00009801188243925868 0.00287749432844607933 0.00105392526290143959 0.00012603060126840552
3	0.00275454760859175684 0.02279300300491204564 0.00011874743147431257 0.97422021233075983826 0.00001819021083330256 0.00006989394865594823 0.00002540546477336273
6	0.16599013299560841372 0.03572541974615680432 0.01193652867313039177 0.02400368342917676839 0.04033245280209880185 0.01704663760716264645 0.70496514474666616135
3	0.37647675976978861589 0.00983187684031073747 0.01365590761820211982 0.45564021072209603958 0.12074221185400293987 0.00867569749750547910 0.01497733569809385663
4	0.03176523625400157202 0.18272520684128024104 0.02741978436366537819 0.07426230861987803689 0.54570365512626206606 0.02300178296642054962 0.11512202582849191679
2	0.00030443876611960051 0.00124343828263261016 0.98845812387354736739 0.00155377445745633318 0.00293326611915559806 0.00439407498238863527 0.00111288351870194278
3	0.02734914052852045752 0.11797515977178042734 0.02261588774144258560 0.80126624585963890368 0.00337332774255776156 0.02688201591411938998 0.00053822244194034314
1	0.01965368889530662647 0.72525346230177434315 0.01243017035218220608 0.07468095627740023446 0.09448314784334355121 0.06852581735463499080 0.00497275697535749881
1	0.00682336044472727898 0.85268230104554798565 0.07561035216934221259 0.00675620347312180358 0.00677993056573984818 0.04963258712254261379 0.00171526517897849164
1	0.00060302947563092878 0.98939230982685211213 0.00395183426804253130 0.00435355187594598392 0.00023062165010882818 0.00069523213540624194 0.00077342076801282795
2	0.00665217519585946642 0.17183850911109815884 0.78708326098152847639 0.00490583563162805443 0.00113541095242576141 0.01007598993709329406 0.01830881819036658809
1	0.00491087856417731037 0.97727500069749384526 0.00681704172039606076 0.00416793645977030312 0.00482316468767796276 0.00142603114091259596 0.00057994672957262228
5	0.00660087643725420191 0.03761424317237399562 0.04197750488610092062 0.00207108054595975168 0.21313352188114176311 0.62132480477019158549 0.07727796830697826469
5	0.01067428414131997225 0.02024690538308308169 0.00384008654496075571 0.00730315476805595484 0.03789025625506103195 0.91147526465653749828 0.00857004825098140778
4	0.00028712572044100476 0.00682456562741281299 0.00021641912053117424 0.00069716266986024939 0.98288299503075371444 0.00107260379007003488 0.00801912804093033067
3	0.03449970081132756189 0.17361266128983054990 0.01668502400924431334 0.75296870726348974490 0.00119161713269898576 0.01206134632501918054 0.00898094316838959385
1	0.15307080873626291440 0.32871216511698542195 0.04513242359781568375 0.07635650902437306209 0.16911414600757163074 0.14573267908276354987 0.08188126843422777190
1	0.27241078072820645861 0.31598583454863127251 0.03728108481455889162 0.24669242400399490900 0.05107117704364063510 0.07092979042087431407 0.00562890844009338726
1	0.01007647109534866997 0.50870281067488165583 0.00060823952196588230 0.47966018803079590871 0.00031524240288024037 0.00038521340951268421 0.00025183486461509186
3	0.00283177356010835086 0.03323922086841601259 0.07966768345486967273 0.82668734692704237688 0.00939402197154205927 0.01000234959831520186 0.03817760361970625599
1	0.26997549088277916773 0.45374732756807234502 0.00590166754948761620 0.05215479014263472990 0.13360267433693981398 0.07271005662553600701 0.01190799289455031322
1	0.00837144430213883177 0.78156764253811872312 0.02855549510646821290 0.07005055120038675143 0.00589886074180788478 0.09749000211182620723 0.00806600399925211375
1	0.21125781280031444287 0.40442662219466352092 0.01154797588244004664 0.33592245909449358621 0.02639412428456474474 0.00396003888314773195 0.00649096686037616173
2	0.00003750973265536654 0.00548491329295519147 0.96275074398933679909 0.00015219154861991258 0.00019430586611277582 0.03137604224929745750 0.00000429332102239619
2	0.06475278363688506678 0.11121064190614991796 0.64743611383129695547 0.07843430437620287077 0.04110324009829003505 0.03997538843969807715 0.01708752771147713581
2	0.11284291223484084477 0.05875673968307881800 0.58057984382870653217 0.00830929947761252508 0.08360932142038604575 0.02864181055512055735 0.12726007280025494750
0	0.92782779006834836810 0.02789652377996171620 0.00708622526754169521 0.01087487432124038637 0.01089832347955192390 0.01110399665107900807 0.00431226643227708168
3	0.02905402543097333756 0.01735750880894450926 0.00139420978297453437 0.92281591129499740411 0.01263250390616198551 0.00614445562567528421 0.01060138515027264465
5	0.02938321811172052433 0.31514673129685677466 0.01455967042991407334 0.00725590786215228427 0.11530741210068733149 0.38930604862636147834 0.12904101157230757346
1	0.18238684957170164802 0.67828845402363924233 0.00536756434018848417 0.03284116746277093019 0.00471755420411808148 0.07333845404223500453 0.02305995635534648439
1	0.13126914750915302799 0.51244634648744957772 0.01881274913668557272 0.07904843503813867300 0.06395001984285410279 0.01973689265509718030 0.17473640933062181690
5	0.00187934605790940627 0.00421929245956778522 0.00796749777360077766 0.00798259787489839952 0.00954736641062609893 0.96552439538476197978 0.00287950403863516512
4	0.05039665622917716137 0.19717707342993054387 0.02962977575532537919 0.09174595021290364583 0.42421629030214069722 0.00703741658346837117 0.19979683748705420743
2	0.01154520421118789171 0.00767623365663720834 0.84020355522841172480 0.00298736012625453384 0.02281197191746142314 0.10203298132907594187 0.01274269353097197410
1	0.03492292048285276090 0.86182254048948669922 0.00072894551725276541 0.09393964518845107636 0.00508297225850997021 0.00310973828874124610 0.00039323777470546200
3	0.00145060850503510915 0.00329835443570139801 0.00637692853477782057 0.97871441032040873420 0.00360040797430264585 0.00070748827208158116 0.00585180195769261727
1	0.02299927505149057527 0.67304710576306225889 0.00607939504143191565 0.25190009758191761469 0.00840200220739005868 0.03003555755475384795 0.00753656679995341142
6	0.20879012577091904390 0.26372330592980253172 0.00789384816966128521 0.02416967687723085151 0.21119566309989931674 0.01789081504723649338 0.26633656510525066663
1	0.00001135491843172361 0.99986691846191178001 0.00005766595050208206 0.00001224731294216883 0.00002789343933011304 0.00000757925813127825 0.00001634065875205782
5	0.07568670810882859035 0.06337648355417620227 0.32585983630400239264 0.00208495545377394148 0.00113667675576983570 0.52981189949002149842 0.00204344033342716965
4	0.13119434102359520122 0.09011290906818375523 0.13662398502828115854 0.06455141968917318951 0.49013531776767482739 0.06471094576717655034 0.02267108165591492919
1	0.00062578083378819955 0.99915216846083176883 0.00002450993315239186 0.00005603100588088496 0.00001139039315902278 0.00012615423013488740 0.00000396514305301919
0	0.49302342669705473410 0.11090037866497655383 0.06498210423706451966 0.12790499559539567076 0.06552885388877252582 0.01261888513757562953 0.12504135577916050681
1	0.03356288963753609883 0.78464853069890949655 0.00579691974735759008 0.15622627528311422429 0.01341359745872662372 0.00373045778068799771 0.00262132939366784565
5	0.00243275773263757628 0.00153984974608550873 0.00215933083020078149 0.00399999125519760312 0.00011103572206642055 0.98973625282204391596 0.00002078189176826937
4	0.00504852475490890056 0.11599309613174077493 0.01880553881688159026 0.03834527928976230043 0.78748552458208354032 0.00263836858536069165 0.03168366783926216540
4	0.10136396543826688144 0.02809388560952841632 0.00916524849676011132 0.12664069277604686481 0.45955832007161040442 0.04376185596269508565 0.23141603164509211288
1	0.07393442203552171021 0.31036729712322724817 0.18719978144867993608 0.04332947363222468262 0.27766069917089275521 0.08675598760283782795 0.02075233898661557955
1	0.06646660454937598772 0.60469561035942809291 0.00924147660864825700 0.26976486667833710076 0.01242784281184853082 0.02910013472496206580 0.00830346426739988347
4	0.13457843226804586112 0.23221389193093258663 0.01379101841377119823 0.01337318280694388579 0.40878917737089065509 0.18887775328089190241 0.00837654392852397144
1	0.00906876774017041122 0.91253972925721060783 0.00094090504565753539 0.00034354678294233539 0.00014426021180815132 0.07639800056283160834 0.00056479039937954605
6	0.03803913755084731285 0.00711723231026884645 0.01019811605510271071 0.00279619171255421437 0.00219957647297256602 0.00434186269891110709 0.93530788319934332620
0	0.52286401952324845777 0.32454456396006686747 0.00804019520843388298 0.10627997286326185122 0.00589321439309889276 0.03122017610073208813 0.00115785795115792996
1	0.02592835087773530389 0.95526972060542669762 0.00322832593623143503 0.00605776601130678972 0.00612756138286107976 0.00140723727776069962 0.00198103790867753702
1	0.10876356851468113596 0.36842235220106084315 0.07301132886669460531 0.22153945681639655718 0.13025326444222046218 0.07435834760395548804 0.02365168155499098451
0	0.80700310043196610277 0.06412043571311940027 0.03926111134256304175 0.03573984507910902414 0.01734955121543753018 0.02967414363002674610 0.00685181258777828144
4	0.00030879364866311484 0.00191714942778232361 0.00045589861830386860 0.00007527972621726378 0.99426289151363145269 0.00085799130077074252 0.00212199576463029419
1	0.00744155715794181816 0.27171077290049294728 0.20200726448553102399 0.16771061424798633377 0.10877325856027993123 0.00755722952423048405 0.23479930312353691768
1	0.05785446602978307207 0.41858698754354617400 0.03587341547741961650 0.14323592499484061324 0.27059746114362970282 0.01787167809026770152 0.05598006672051276250
4	0.00046454211277893118 0.00323946599583486853 0.00017395950328478549 0.00007090131129241359 0.98928631827390678399 0.00127405255899704214 0.00549076024390464205
3	0.00092910324756453758 0.00171895553477142624 0.00117372174217697588 0.99600325785831611558 0.00002107664367732287 0.00011763748840063084 0.00003624748509275779
0	0.97619211497107927222 0.00070906680682504238 0.00005860788783313220 0.00059168984701150223 0.00066888656315954747 0.00022378454269819331 0.02155584938139314469
6	0.04437898072121986698 0.05938344314701778787 0.00738751575145971812 0.01329722277141046939 0.25746218674305026974 0.09266448795350122614 0.52542616291234045534
3	0.00347600716316237351 0.00721443770220449049 0.00666512320944367617 0.98215703946431143212 0.00021504102624325300 0.00021850264578488529 0.00005384878885075238
0	0.70295703624797700737 0.20870032198333446360 0.00567340176671640023 0.00879365537744831137 0.03315320328128391891 0.02169052347014029797 0.01903185787309939411
0	0.70753734900150377918 0.11739351210594348163 0.01428117434513047519 0.01168416572648640385 0.03139591522877769464 0.03481234433766326741 0.08289553925449497096
6	0.10140840966617842289 0.25059059125633059706 0.00713944307646545082 0.00690945887086560732 0.03066461557360203316 0.01237881651150596861 0.59090866504505190626
1	0.00184015750608604138 0.97624464534013311034 0.00819346378626991528 0.00192063585955907666 0.00013348227000584831 0.00928180851120910186 0.00238580672673709355
1	0.01439579989254109217 0.92823242666307681503 0.01186066623789436107 0.02112925280600948946 0.01937151722149089289 0.00278179587956966373 0.00222854129941719775
1	0.01734024542052364781 0.85363238439910071875 0.00857412048277056416 0.10357069355441607394 0.00324283300467201763 0.01178074254153020466 0.00185898059698635584
1	0.16858194838417786543 0.30411830555180346947 0.26503406842721966008 0.03362883193629680190 0.13179582244558113446 0.04342580940137256290 0.05341521385354831841
3	0.00930615183650451705 0.00298752109938312926 0.00008758562298688427 0.98605136638582902009 0.00038775291290215073 0.00045665774922059118 0.00072296439317304543
0	0.94903861038137948825 0.00439982574981729723 0.00551623757769378800 0.00542030494712430512 0.02119225996138731846 0.00218193616283100670 0.01225082521976688169
0	0.95437087516300445067 0.02229367156700636995 0.00044007748332676862 0.00954946214408065354 0.00974222414506529556 0.00280845537062820354 0.00079523412688834838
2	0.08304228026350700398 0.02585829056799950759 0.86071306731923857836 0.00070443540339371589 0.01919647771645274434 0.00933179811636165694 0.00115365061304649572
1	0.00149454342351880974 0.47841085112907072441 0.39285470802708005733 0.04603903813188330030 0.00889002042139580909 0.06692364897598686302 0.00538718989106481191
1	0.04983045436391580346 0.40222367224192090429 0.04358070580528078386 0.24054005017618085294 0.11723300398550404178 0.12518090425640582275 0.02141120917079217256
1	0.07671565763758006473 0.73429410475409029324 0.00537108479403095029 0.04661222263065591814 0.09640224777417845392 0.00602991391798980442 0.03457476849147407549
2	0.01801183303134525765 0.00799201512036501298 0.84662507589769819827 0.00123448330352881664 0.01712032233695741715 0.10567576740645566458 0.00334050290365025225
5	0.01576125762643822495 0.43372632617253159548 0.00389334394090077359 0.00317864856884378681 0.00281906232123789631 0.54000845638912997604 0.00061290498091734957
6	0.08526244570662742939 0.07711328977000490859 0.17094876938243069864 0.01134627286018278884 0.02172250529696592020 0.03087173726444863986 0.60273497971933953643
5	0.06966099017255535097 0.01086382657166235811 0.02362615136513360886 0.10092667155393977851 0.08716018995297773742 0.68539533515995099133 0.02236683522378052000
2	0.00069499272166515674 0.07998985633358686453 0.72455212452011175106 0.01171760629000267138 0.12528829292617627011 0.02692297169484792613 0.03083415551360922657
1	0.00026445005071664324 0.98361180851119023316 0.00940683511178774627 0.00150361115922544139 0.00011823557051504160 0.00486573827380726645 0.00022932132275791419
2	0.00060730872197197795 0.00069136481623196155 0.99623695588963678826 0.00034933137716480479 0.00155936735965670316 0.00046551737445571788 0.00009015446088295840
3	0.00895945489801074774 0.13583626377623370107 0.03154561669471770552 0.36154663382899854263 0.23963963415868416718 0.12493754534002486645 0.09753485130333008901
1	0.06806864543674233381 0.37028316742362593628 0.04785529074808265310 0.04427383649584191311 0.21544869778651587477 0.20964016227265369618 0.04443019983653705152
1	0.03583933448985661407 0.54533468862248934972 0.00797213079453420494 0.01785266820561652590 0.36229062014756990839 0.02453904587995025394 0.00617151185998330350
2	0.00000492111099522924 0.00004372261975843470 0.99987404860053186173 0.00001154538123658529 0.00002560556745798897 0.00001966401430169546 0.00002049270571857647
4	0.14803735133913084598 0.13433114779548396833 0.08874855321080243886 0.20733555235036471576 0.32946451688310657291 0.05603127463921654672 0.03605160378189463388
1	0.05792846142621247557 0.39934313761907480611 0.11119096518546012220 0.02054899650578584716 0.01065301362289705275 0.36639147788702175479 0.03394394775354812877
3	0.01381216978696948525 0.01352028991394468166 0.00225502151143432052 0.96985099120462781030 0.00032121895251629290 0.00008757420673007670 0.00015273442377806317
1	0.01952080239888013408 0.92361575652109906276 0.02259269925479867602 0.01433607760262756159 0.00379329657352176766 0.01560147325501355306 0.00053989439405911159
1	0.00952354758304707616 0.87767278991778763242 0.06656815125536819089 0.00010468614519837271 0.00332371887486207452 0.04221148205324980890 0.00059562417048686107
1	0.06158487909910886210 0.74604803327843549621 0.01832540557297792846 0.00358199300439295508 0.05866585744851158385 0.03880006649868391472 0.07299376509788897682
3	0.00560914776782864798 0.00167591461621401615 0.00342343165618468797 0.98305485152331506526 0.00134005943508414319 0.00088194564800338692 0.00401464935337033507
4	0.18012066776257762424 0.12883649163043245367 0.06336717793671398091 0.13289758354541328367 0.26810070598919644169 0.01682414438866800671 0.20985322874699835483
1	0.02554723998867251475 0.82668195014440448709 0.00944979446551004638 0.05876617797731135268 0.02054746818153850227 0.04110203938584578581 0.01790532985671742031
0	0.80209121868658250776 0.11306189143278930209 0.02114650725626508049 0.03401589881738179000 0.00832863850929751667 0.01184037142360071238 0.00951547387408306980
2	0.00933155491640419270 0.00974848912456587752 0.97806402589521901358 0.00056731268186522752 0.00073609602861443915 0.00140524203270366065 0.00014727932062624181
3	0.04476229748699107891 0.17725813532262074679 0.00141584572848634047 0.73047555889273907415 0.02742233163695409481 0.01313018121560385887 0.00553564971660475396
3	0.00043349925101179837 0.01189847420172411400 0.00079747037570050932 0.98366915757552497723 0.00065945889821597309 0.00140010421856913273 0.00114183547925391618
0	0.31036131417768303420 0.24864439421399070484 0.04957603224514790102 0.26991857188109991128 0.03015171282169334943 0.05846088323699984851 0.03288709142338513275
1	0.02082382920829443582 0.83448841726081035564 0.00414069922797097832 0.08843908854702879629 0.01172290250361165617 0.01167649587047173490 0.02870856738181247481
1	0.00570583115779904095 0.53477090865545884313 0.00371334794379779131 0.42799841060652576985 0.00203903318176975679 0.01601437963691245553 0.00975808881773651896
2	0.00215255682437252502 0.00534747917141903395 0.87281925720122943702 0.02003543117309553381 0.04247012054890775268 0.00890437262181740900 0.04827078245915791127
2	0.00023664264891705756 0.43106808973238291971 0.55399029152550460786 0.01107014060265128219 0.00019690373277063785 0.00297987073912467501 0.00045806101864880451
1	0.06752514032278966738 0.83340071621332667551 0.01247068643987572778 0.04593890763661119536 0.00113934941328477576 0.00246235882345129890 0.03706284115066056650
3	0.00179530143569946263 0.00050717548988834333 0.00008438639317205962 0.99745353794170543704 0.00002383246602170245 0.00000992540581833497 0.00012584086769437900
5	0.01538404045301951933 0.05410234911304145911 0.01049791559393133296 0.00300964418532069554 0.00962383080739813088 0.90338941300754505015 0.00399280683974317149
3	0.00011162720216330519 0.00366442038954722807 0.00250458309184416758 0.99187078857772792428 0.00107216883129283131 0.00010279707532668013 0.00067361483209907140
3	0.09978435668176546813 0.19113559040889202545 0.04253648781185818267 0.55087316295266530730 0.05943490130931935317 0.04689224535460116694 0.00934325548089857093
2	0.05638173454183539185 0.05839906383130706591 0.66359246575026897830 0.18658058228225166131 0.01340520867566371427 0.01028979645327219271 0.01135114846540128536
1	0.00371658858043122462 0.90936325062194600655 0.00292170422029743764 0.08222226891666518933 0.00026138590596732920 0.00021848599878367058 0.00129631575591060942
6	0.08896038101097861195 0.23109184306906208062 0.03681199247969592359 0.21173204260329953064 0.08492071855408138414 0.02436886689688640140 0.32211415538599597053
0	0.99532756519951215424 0.00031078308857090340 0.00012083410593991632 0.00096823975877914279 0.00136465873141076305 0.00049020229026824132 0.00141771682551864332
3	0.03113690715875519488 0.12632352066630234133 0.08983528744973244551 0.61849116747507315583 0.06987170046054982930 0.03329915564435668995 0.03104226114523028421
1	0.00477071119495924532 0.97940748547324518736 0.00597498673199859005 0.00358932417270410023 0.00026886542264940898 0.00473553173397984160 0.00125309527046316648
3	0.15501959849954274895 0.07835641357074790703 0.14090447526214888718 0.42231712581841157617 0.07395073866977251720 0.11049973574872978821 0.01895191243064659262
6	0.17039014169773689100 0.00171082009675206192 0.00136713071120740377 0.00619220507124728075 0.02125504802775983818 0.00492032186474227959 0.79416433253055418451
4	0.00694784456314108574 0.00610259689133866613 0.00084089405403549257 0.00025540470846858695 0.93258129031933567621 0.00052452022002656457 0.05274744924365434157
5	0.00394070905775553097 0.01707113394835296435 0.01995927529718681190 0.02887844448891236857 0.04129426811378435896 0.87453703707940533274 0.01431913201460270103
1	0.00009817658692066046 0.99844380935164822599 0.00008049988532170155 0.00094563339396980944 0.00000836630991329375 0.00041724295383051719 0.00000627151839678004
0	0.70580943392638983980 0.01949942269786885188 0.01146919956837022178 0.04690153307467374855 0.01473993361343931517 0.01555039169645596776 0.18603008542280197180
1	0.01370236649014760881 0.44684880234815405053 0.01204579258765503882 0.12510875147652031347 0.07151423415378545256 0.13542300597150527808 0.19535704697223194026
1	0.07652674977785343946 0.73133165511360886946 0.01130598260132383882 0.07402982742595447252 0.01900901094085858528 0.08370982025271557492 0.00408695388768567751
2	0.02345386240510357462 0.04339745953229950243 0.90037644279541417802 0.00482427301704218756 0.01879584954097867147 0.00774059931033724107 0.00141151339882449305
2	0.00468767806654233309 0.00524530508960192095 0.91981265398689859847 0.00058186538966042024 0.04105990573851588804 0.02784435595647521272 0.00076823577230664608
1	0.00039635322342809255 0.97851352751171138955 0.01485492985102922735 0.00370365455309778092 0.00024869533122749357 0.00113136886972195158 0.00115147065978469360
3	0.00060248017865531631 0.00582714072244663785 0.00142332625860802729 0.92682392075468267301 0.05477609507157470137 0.00990310655796735641 0.00064393045606532301
1	0.05044750797585736274 0.45770968839996722943 0.06765194396071359806 0.03682666680143533572 0.08893224866522826677 0.06812092500822602981 0.23031101918857213584
0	0.47330030080503793233 0.16229114938610164631 0.15061733974080748766 0.14461909557169494445 0.03395267103332142572 0.01237845592380619301 0.02284098753923057348
3	0.04813832462035316784 0.09047151436285261195 0.03147291097462245196 0.72784189825915013294 0.02585823029943819934 0.04175338379936683469 0.03446373768421636535
2	0.00208732854653883356 0.30317924865937695422 0.33489981355589282241 0.01856213962263340150 0.11031455571217733957 0.00327313207604936320 0.22768378182733228776
0	0.48461931685214537646 0.14418896577026335537 0.07454409477968822195 0.05815217524166714502 0.02794462347809871516 0.15119270933567946491 0.05935811454245774194
4	0.00097562007173311290 0.01502856858336735525 0.00132736742026987606 0.00234474700351366191 0.97791595191894742367 0.00037232363822492905 0.00203542136394364208
1	0.00901414603874579196 0.98419918518890947556 0.00163047328666829296 0.00184728196604251041 0.00215666717048380516 0.00060185198518568231 0.00055039436396419218
0	0.39667643495917026542 0.17869475881618554491 0.05630300771652315545 0.05159426497708691217 0.13037583034094210599 0.10090306562440713722 0.08545263756568463598
5	0.00427536594050944088 0.03542976290880799073 0.01885956982392393913 0.00830809827768420189 0.00199729172486868591 0.91755535594900550223 0.01357455537520062955
3	0.00275202032859595295 0.00155471980349748532 0.00313696924060702723 0.99042795655191240289 0.00161707280396130139 0.00011875111847644917 0.00039251015294857828
1	0.00534586617174732937 0.98287395013220102413 0.00012257449985293776 0.00270383010274406060 0.00102977478496062451 0.00787889266648783559 0.00004511164200581519
1	0.00071210553712416588 0.99509823357712157144 0.00037360405155483146 0.00310435813254978602 0.00022879441545773911 0.00045465037369255592 0.00002825391250000449
5	0.01540722515740764430 0.00493406601807112877 0.00068706711367997415 0.00774037448704413458 0.01737467785815448654 0.95100375932411596036 0.00285283004152705284
1	0.02664835625554753951 0.82529827664422683586 0.00504180724908446197 0.02561493755405007400 0.00783978801639355696 0.08873073271466765111 0.02082610156602972620
2	0.00109331398911295934 0.11892743107506985323 0.69505300778627410185 0.02268594057203807482 0.07599581590530776753 0.08178925569007299001 0.00445523498212412657
4	0.02973454789278695554 0.11714368973301805821 0.00956476910320484819 0.06391999205109739901 0.41979358899768415281 0.32150877952922063407 0.03833463269298771625
3	0.10813672824627328095 0.09428762430039087927 0.00152294169228814856 0.77731275329286653175 0.00266100262280448549 0.01215535079965173251 0.00392359904572487771
4	0.01320983597403989351 0.00779655678186988964 0.16381841255109022559 0.02236611346433656222 0.70032892629071918922 0.03834011871404247040 0.05414003622390170523
2	0.00022611262396783383 0.01768502362281077281 0.96663279534654367176 0.00047008890093483630 0.00044651653788912283 0.01239515160718029571 0.00214431136067510597
1	0.10566336243347812518 0.80314792542503488093 0.00088628328628703658 0.08254107919817373074 0.00307213106349973984 0.00327381321852458209 0.00141540537500194573
4	0.00010716442129618084 0.00094492183959903530 0.00002880015397218299 0.00001516181802230203 0.99774554247976576793 0.00024064399644308429 0.00091776529090318150
5	0.00002884114724117591 0.00111596512199852891 0.00075565829871452142 0.00006506390446612668 0.00076207710670969891 0.99695595529419422931 0.00031643912667547784
1	0.01153853291172126511 0.93768332369908191648 0.00931967118685263912 0.00778835606607962503 0.02048555743349027639 0.01095992745023930022 0.00222463125253455872
0	0.98950285189262787711 0.00348938294004096398 0.00048618157463556561 0.00275121753546582123 0.00206765771687106477 0.00018085932786404099 0.00152184901249446968
1	0.03395169149709508644 0.53608496008802641875 0.01636182043941251246 0.18159663219408156420 0.02159068097596437974 0.13385552914041190520 0.07655868566500864669
1	0.06322372643833371053 0.52239538219213599302 0.03413636808257822924 0.32366414098224444151 0.01585105944483471488 0.03369703033684415955 0.00703229252302910255
1	0.00089794033218332161 0.98941538014790708644 0.00361225954027809921 0.00110256042632292622 0.00092292861673518305 0.00272038314761079364 0.00132854778896332546
4	0.16319268556486918320 0.01534283411640844155 0.01098962498471614882 0.13242675460526137643 0.49401899934500437261 0.17069021781708093588 0.01333888356665959701
0	0.73118318445762509050 0.04557091429822607287 0.05240746586099350596 0.14004545247005642516 0.00978228242743047101 0.00727162256310227764 0.01373907792256628436
1	0.00376234084422015676 0.99502961061807038146 0.00022579677652414694 0.00030569758437731586 0.00003543609320406098 0.00062694845153221158 0.00001416963207080500
1	0.00120986374743211104 0.63120422659162012113 0.30258937574614336308 0.00289588154142610566 0.00042334591925310820 0.05735516279450746796 0.00432214365961806988
5	0.41750494584966418854 0.03532878363374099273 0.01113235515727190733 0.01237484903280250230 0.07247670220313753853 0.42771323969356389583 0.02346912442981891403
1	0.10053677551506420840 0.50146495672142676892 0.04839041043013446453 0.24305347996138501609 0.03850278983907678976 0.05323178435235625255 0.01481980318055634363
