6	0.10603095934204764816 0.12145458130773956196 0.02825018536441380526 0.14734790800019462176 0.05487486862692764894 0.22983581949002238054 0.31220567786865438542
1	0.01552090089619853792 0.84345084327242736411 0.01592237125454680838 0.08670285689134228646 0.00841694374606732736 0.01379781503862129860 0.01618826890079582206
2	0.00296081344495569563 0.04165659707768844255 0.87565839586659766081 0.05983382259089866512 0.00448433000377954170 0.00897489288937445423 0.00643114812670569046
3	0.03069578127404896592 0.12484373173898923037 0.00344512961533759848 0.83359464223938939398 0.00055993721737546619 0.00405590506854244456 0.00280487284631686807
0	0.89315479107361239741 0.00142044939382205727 0.00285720145193232638 0.02112632737787720899 0.04833787903741040837 0.00067127030480372118 0.03243208136054204910
0	0.41771194037399472787 0.03985071105037831657 0.00420630422333048964 0.01918114821011815754 0.25669727764413352578 0.07685087733374949825 0.18550174116429518634
4	0.00125602438471311326 0.02966943356893308320 0.00159513941132272152 0.01719956893511180238 0.91210738138280311738 0.00035030768388869270 0.03782214463322761122
2	0.01206945010121214523 0.08914320430703392972 0.82230769187865637715 0.05210603105320232159 0.00625379468107415369 0.01384218458081813534 0.00427764339800252094
1	0.02861454336452546807 0.84671745078816729180 0.00052850293125553051 0.11863199113706018872 0.00320006096294499871 0.00096062219467017295 0.00134682862137686554
1	0.00724127467175850713 0.52629485185125712832 0.08121857409303173680 0.03081089393364149290 0.14422341563325188907 0.17981148633432922357 0.03039950348272963537
1	0.27310412542888529153 0.41328533351359308945 0.00998646807474881833 0.05861283574425051740 0.10538409087090673533 0.10544835853761268252 0.03417878783000289494
3	0.06116543061012747612 0.00946082592168361741 0.05614538334465010022 0.75162136894984599156 0.06165035832990135162 0.01942188842281967337 0.04053474442097172031
2	0.00740307090705678676 0.02794698726568214595 0.83046781723226492655 0.02565548819587938276 0.00557285600868178549 0.10065839114188430969 0.00229538924855110169
1	0.01396159073003983182 0.96915711763028000725 0.00078501418150322098 0.00648625506591237952 0.00061604897347294647 0.00752041074430041985 0.00147356267449122252
4	0.03307300014377600322 0.23032248609357985902 0.06900313023765337894 0.00897576212823782138 0.35762628005066243730 0.23818260949463102016 0.06281673185145943139
1	0.17515690982589707247 0.24224961118278975913 0.18685673755077075731 0.20363612451157317440 0.06239982257545745314 0.04682988364537855192 0.08287091070813340510
4	0.02838599577141952268 0.22444056065327269711 0.01687067704420883510 0.00369929637261118792 0.51896514525354653369 0.11686295367851361193 0.09077537122642753697
2	0.00670914023007525458 0.02167609490781948617 0.91103312775277955904 0.00251666963411475292 0.00323384021086157514 0.04667176585417773249 0.00815936141017132958
3	0.03397975984243658404 0.34652505012385170780 0.02957791245199994923 0.41546499791415120173 0.11055890478200140759 0.00555203118239900456 0.05834134370316013118
1	0.00015177207603848426 0.99641123194442393629 0.00016298579790755823 0.00270296107667048792 0.00015888927196762149 0.00016999808337964375 0.00024216174961100336
1	0.00137186993457660616 0.95870264642561486834 0.01941254791829155613 0.01102573411231034042 0.00048422079267746462 0.00618696342993620314 0.00281601738659245692
1	0.00111474657727604013 0.98663659367862299732 0.00250651898110568466 0.00274358266189731262 0.00033868084612886988 0.00606546484637527240 0.00059441240859363538
0	0.62500997532557933667 0.03145047110968213905 0.05274846077045437787 0.23532341232823403288 0.03746955670191388921 0.00499244890262733661 0.01300567486150874807
1	0.00554452886825387761 0.85569388353119235635 0.03727539255441236071 0.01170682752251455024 0.03599525025927320654 0.03409233395125096933 0.01969178331310285010
1	0.00063895648189489854 0.66619340864751375175 0.00520048343560479322 0.32050111441335421558 0.00200823883204922409 0.00093640778942948770 0.00452139040015459362
4	0.01349407056421932614 0.08223872253571472279 0.02616715765610442418 0.00815492990906523281 0.76838944963849242775 0.09575317829073730358 0.00580249140566618891
3	0.16184738262914383222 0.06116575946940921299 0.03374241538671984841 0.68865579446192848323 0.00290632906277232296 0.01861034484956688995 0.03307197414045923156
5	0.01887887606575042523 0.02402402724741509524 0.00215774090763120934 0.00233688517363968545 0.23426491232114912688 0.60398106325726175214 0.11435649502715267145
1	0.03653354085867678569 0.85163901160375976573 0.00760404653950957216 0.00638433795291356611 0.02788833366461737975 0.05926570269793277057 0.01068502668259005764
1	0.00308229083308360569 0.60324349320567316468 0.01712941544096226870 0.00082261144899797270 0.01803029374280193040 0.01953248910278439221 0.33815940622569579110
3	0.05913598249305492688 0.04641789685884342015 0.01263749333945658575 0.66058863487554930760 0.19777253816595197211 0.00116872185968420984 0.02227873240745927019
0	0.33108627332209389360 0.10100583484952259383 0.07033814006192525004 0.31919003926091982226 0.05349438422068800852 0.07385369304404154622 0.05103163524080917696
1	0.02281303885140774021 0.44485412324539652662 0.02757558625568358110 0.20433431219323761052 0.18954860764001510431 0.05958586328203797911 0.05128846853222141650
0	0.70856657756845098373 0.02308135245015297335 0.03209905062995592473 0.13451311574576460539 0.03930425278699434949 0.03827434767036997504 0.02416130314831136175
1	0.00361664804032503940 0.48241126016504015661 0.00747404020888537031 0.01406279245356748669 0.01248258985638493919 0.47049103017083016010 0.00946163910496660571
4	0.00672792207952186035 0.08658594765570336305 0.01716872572975993924 0.00442170817379599918 0.84915911791321962987 0.02848664756768722051 0.00744993088031187072
1	0.00069140946187199826 0.97936735155955212395 0.01356408196201979409 0.00100608286980001602 0.00056889894713029463 0.00184811537243218167 0.00295405982719353956
6	0.00775871841796921691 0.00452202985307993775 0.00538599882025302384 0.00166532482553757811 0.00123877565006919586 0.00605895133564568217 0.97337020109744520902
3	0.02521366067009151238 0.00257496400760783787 0.00639901995036890135 0.95899367829076453962 0.00115152405579130529 0.00250205772995356311 0.00316509529542238462
3	0.02288373703216419613 0.32169507165913868718 0.01980718477454591897 0.58732925971364846607 0.01503830987227793362 0.01098700978193203198 0.02225942716629286319
0	0.99446359801972827874 0.00160974219318224705 0.00019640205969427777 0.00244199760323132817 0.00081643272852623377 0.00038268126805352139 0.00008914612758398900
1	0.00814979542472764329 0.76677058001945996857 0.12382970722761590943 0.01837725230075311009 0.02254854757565623313 0.05881570894270870403 0.00150840850907758297
2	0.05812609901028594622 0.13871404084475713603 0.46933413494657622023 0.09171154445404572364 0.01987647839564985613 0.19266483661602604172 0.02957286573265861113
4	0.00673711521466111019 0.11059108284098861930 0.01100753626580536909 0.12657736161951627096 0.63213018499826068020 0.02681560397067676502 0.08614111509009128587
1	0.00763678314401230671 0.95682165030191890231 0.01107870631893255117 0.00329074991515570375 0.00165847841103842694 0.01857700027177953961 0.00093663163716334351
3	0.00952594985515766227 0.19502352197892827701 0.01227844623607072909 0.68684132151031329627 0.01335915035485324594 0.06003861631072950067 0.02293299375394673018
5	0.00015595466984774683 0.03955001211072421696 0.00014194392800885369 0.00000584621682574415 0.00017930058608137047 0.95995682235370938251 0.00001012013480242733
4	0.00035029343117106679 0.00125059387482475987 0.00035767003952172247 0.00254206040580645144 0.99121422451714613633 0.00015565794686583204 0.00412949978466488083
2	0.01064286446388278129 0.19445279439233589813 0.72740959561151763424 0.00224972948219235268 0.04688438396181110468 0.01240806775833405706 0.00595256432992701933
0	0.89789476607054963253 0.01442681895235766766 0.00271641038387434360 0.07444478208578236833 0.00344728224686677645 0.00505211164234339177 0.00201782861822564965
1	0.01362950058587465534 0.82163643186151491538 0.07880415290285572305 0.04780054625356167097 0.01099724624315789184 0.01921963381865161510 0.00791248833438311372
1	0.00166757655161069336 0.72657593117046836984 0.08948035518079419659 0.00148029436137519068 0.00394300754187713529 0.16656813884247093083 0.01028469635140377356
1	0.01116270830505055982 0.92008465232051406257 0.00201039404343405885 0.04427766468120865329 0.00884039929815599868 0.00817050875672504021 0.00545367259491173588
1	0.00714508971825903935 0.73734755507091165327 0.08007937242055877813 0.06255270018655430253 0.01817634666697204304 0.06679337414662664396 0.02790556179011808441
1	0.00274833453976022855 0.98481586189390735164 0.00119661798587826214 0.00829403200964834442 0.00103684074087977357 0.00168012652867217580 0.00022818630125413171
0	0.71014705280144674315 0.10910404719444070920 0.05512509988584674697 0.06356406089604421661 0.02813971481508970376 0.00919230997727393806 0.02472771442985778265
1	0.06740492521573440698 0.38634632087389231270 0.13908044135163605270 0.06386691140023154079 0.28098482431535348747 0.04792526838778025239 0.01439130845537167983
1	0.01747257989936321781 0.89953103228757624876 0.02665385523864931966 0.00841839833599752549 0.03780407349607851214 0.00690162860411299740 0.00321843213822203909
3	0.05451856865586792583 0.04003512287480012755 0.00452961211173394818 0.56556768333835005791 0.28763857035793327643 0.01992031299625676710 0.02779012966505812685
3	0.00114622450889816248 0.00019014801958247145 0.00009833601711666468 0.99844751618135529903 0.00000770842636872493 0.00001913478913333133 0.00009093205754536095
1	0.01094230504711218854 0.70165160281620120308 0.02205354462102591603 0.00049290634864524797 0.00902036475939043021 0.24989972795646189785 0.00593954845116323720
4	0.00000800119709848007 0.00003614414008915405 0.00003369728333939934 0.00038810880294874088 0.99922168820326673355 0.00002379744895190888 0.00028856292430502615
1	0.17664923012097771826 0.61701405468356640416 0.02857185074958741230 0.01012965062145979554 0.15542744915027184582 0.00482165471241707486 0.00738610996171993380
1	0.00390258394763886175 0.87130099966333052208 0.00145585078581177878 0.00743896231866853115 0.00166095013175540911 0.00956051038232400702 0.10468014277047056615
6	0.16652657787710417603 0.15197211838452912014 0.01584605517827802901 0.00866997509525835146 0.05465393238778723517 0.00807883058208397863 0.59425251049495886324
1	0.05888496153057386912 0.53725884876403617874 0.03360874716821565106 0.04476425619643797232 0.08162655557416574614 0.12419489891137615312 0.11966173185519420052
1	0.00987993771295718991 0.50383479884128512527 0.06670713990976784302 0.00987044519352173709 0.12836163863433569521 0.02970967371354511083 0.25163636599458721888
0	0.37758743025571228635 0.27468889022842435388 0.01714907812484568056 0.28988777514338115449 0.00809691457929796569 0.01029401216034327680 0.02229589950799521977
5	0.00145858864508102573 0.11815830499804842735 0.00909923879797007451 0.00144254770237594752 0.01513527028816638413 0.85110071919721141942 0.00360533037114680330
0	0.58313658318046746043 0.01245205912041362842 0.00677009567623634498 0.00145397388068609665 0.28555378128105035618 0.05490203975822885440 0.05573146710291713990
3	0.14842350226281883496 0.29325819754174303755 0.02899764966108016317 0.37802471899183637261 0.02474732102558278163 0.12192940520325584730 0.00461920531368291681
2	0.00311538964570656123 0.00021582778719874174 0.99329027982962814214 0.00059211209554406224 0.00103303758542087811 0.00154319261623815239 0.00021016044026387200
3	0.40191121692888281958 0.08014675388632910846 0.00923818578015050788 0.45576781744889643955 0.01310627196719726072 0.03007727150037480326 0.00975248248816899810
1	0.09243514837415349461 0.89586065280291549140 0.00163591786098070315 0.00233842224280860324 0.00040282014615871791 0.00683067822756884806 0.00049636034541394728
1	0.00539333596578864087 0.91683536890656791574 0.00517796828463072938 0.01889390267720964314 0.02370243892818807430 0.01546885010713841199 0.01452813513047601646
3	0.01496288525239314673 0.32723222943919672012 0.00426897212222649824 0.60250568397636372620 0.03955088569264272880 0.00439177075548742666 0.00708757276168910880
6	0.00036510783124453771 0.00042716707815411875 0.00194384644399746439 0.00072595813789474669 0.00764483563992232173 0.00355424135292373763 0.98533884351586287220
1	0.01739511872740283349 0.67115472872876957844 0.08652231081693741166 0.06068076464259786890 0.07368702573814525647 0.06384796738136473693 0.02671208396478117267
3	0.01685990873810389729 0.03617964549400571467 0.01626748208074790814 0.81843210793335696707 0.04562732960534643389 0.01347608532141885036 0.05315744082702056339
1	0.00079202173280456666 0.99138412195557723550 0.00140440883052682223 0.00389427141354021589 0.00028844191198994267 0.00217436318396860197 0.00006237097159382747
1	0.00249990541606521458 0.97033689428928271425 0.00085601506299961346 0.00498993892804909175 0.00066220026691310408 0.01804339071019687643 0.00261165532649397601
2	0.04640934396673570411 0.02195876335897048448 0.86200563104699612360 0.03509718193997824615 0.00625378420030054359 0.00762089661052181219 0.02065439887649709802
2	0.00013091869414223498 0.00015275854308456526 0.99424926865981388957 0.00024269262089964431 0.00337914541529455055 0.00146260037299996174 0.00038261569376502351
3	0.00413721124796000931 0.03060595024381142226 0.00026118717310406756 0.96455270190905151306 0.00009731357858979593 0.00024094447671850212 0.00010469137076523009
6	0.16739136024245915291 0.05345598114893274078 0.02805263610572707178 0.04454256673835834540 0.06069977079576040907 0.04366046611474073968 0.60219721885402133221
0	0.43050042572419150444 0.01579218930779466637 0.01644617268888863559 0.36710543277246915350 0.13358737258013175797 0.01153498656790432654 0.02503342035861986017
4	0.03322922746744833705 0.15680513375707735846 0.02194601045530399086 0.09123217229767840997 0.57048678600958702134 0.02265291596496076323 0.10364775404794414337
2	0.00070815934529123862 0.00203158579046297354 0.97804846500694764266 0.00492847442235583647 0.00437057821797785448 0.00724260777425025665 0.00267012944271385715
3	0.03322595852726377419 0.14106477570001288435 0.02751553205949069242 0.75729178070736580253 0.00491801780723735704 0.03519353571506281947 0.00079039948356675652
1	0.03370424647127760742 0.57734327523816941774 0.01915393054852637666 0.12251187863828587321 0.13210946744376728113 0.10474687256264984814 0.01043032909732312212
1	0.00882360055689793490 0.82917408453248298006 0.08507537047977893618 0.00857295445616141315 0.00954372748975437606 0.05571402764245705214 0.00309623484246728886
1	0.00081838031558698098 0.98565381997492573785 0.00564716716795085096 0.00524217390591867703 0.00040592718730406087 0.00121178817443331924 0.00102074327388141880
2	0.00487593053454530006 0.14170516975898933554 0.81372923149269804632 0.00649240067951495966 0.00166610016681262318 0.01285933020418867506 0.01867183716325123907
1	0.00382920981129252673 0.97397457535027642805 0.00810656382483693205 0.00587610283622275187 0.00581411995760536433 0.00180624552549701368 0.00059318269426989921
5	0.00564784688671815787 0.02464777593547994722 0.03527379530653703549 0.00255403469865959172 0.16919625165261339972 0.69273724658197510795 0.06994304893801678302
5	0.00909491439599738154 0.01570384412604956120 0.00336930686771387197 0.00951698842988916299 0.04199856631150209602 0.91358507304133806937 0.00673130682751040422
4	0.00092953066941032299 0.00633304840596595354 0.00036724236820897085 0.00112447375714626926 0.97689144671567973433 0.00287269143559681006 0.01148156664799181159
3	0.07377724376751561286 0.15835595638786501005 0.01748964548294014779 0.72316396555427897574 0.00210240221817205395 0.01392480106554314263 0.01118598552368475600
1	0.12385028327220019839 0.33229588843827784217 0.04893196556437621331 0.08277935565464182577 0.16827635598491383351 0.16469326893666977329 0.07917288214892014009
1	0.28775320072383792080 0.32994388020924375615 0.04540572776637242375 0.19811880587257107988 0.06645019613658380286 0.06466701776617991837 0.00766117152521115542
1	0.00885484276395595224 0.85718401712237424217 0.00085293136616781105 0.13075218018350623361 0.00098073142409020771 0.00092366299602321595 0.00045163414388222972
3	0.00214071990935983669 0.04080504073115972380 0.05755467823141165867 0.83865087880141042653 0.01217104758835720231 0.01518832575615569787 0.03348930898214456248
1	0.26955718945105927586 0.46833658372202474629 0.00623135590886324080 0.05182669791221228284 0.12454309634399493567 0.06666243139644260907 0.01284264526540299794
1	0.01252012191043479737 0.76814172016074433458 0.02950925311190414138 0.06265804765851343272 0.00784105992832605583 0.10800538382448258978 0.01132441340559487732
1	0.22311179019711091520 0.36588425169985794305 0.01029604038955352248 0.36563884947313518570 0.02185191027795480370 0.00469598105823686683 0.00852117690415091222
2	0.00008420196340546061 0.00538433920524452551 0.96443794180972963748 0.00039228794903357976 0.00036044781643969695 0.02931768868285843793 0.00002309257328958682
2	0.06504270989536994896 0.10224232074859525288 0.63072898859082882073 0.08391682830468287502 0.05471459179146947321 0.04046915019821487741 0.02288541047083888710
2	0.07774677331887434872 0.03644039756868990704 0.63809857031348271583 0.00727002017272956706 0.07958752873650616622 0.04264777821410822151 0.11820893167560878045
0	0.94034283763139392409 0.02103628275342457957 0.00419796979754494433 0.00973344310633974218 0.00993088669022846801 0.01058322776754658766 0.00417535225352178019
3	0.03100119280559575363 0.01533403990135726210 0.00288607934843534324 0.87948929257509389501 0.03379004369412558217 0.01630512873545256203 0.02119422293993961093
5	0.03565071823105026710 0.30829083719514183137 0.01870391364618678373 0.01090280784837378142 0.11692048660387178993 0.38734947744799563818 0.12218175902737968275
1	0.25606221869761836007 0.60584905447298731396 0.00481533628399561341 0.02936024894218552256 0.00569179696393141109 0.07840758781721851589 0.01981375682206355446
1	0.11687962609919119727 0.54075542095357764794 0.02181726096550138175 0.08090530948128260569 0.06861099444303618566 0.02033442512709488642 0.15069696293031634160
5	0.00112450624342175015 0.00430933057913807267 0.01046572015734567596 0.01202485757729998203 0.01395439319373382135 0.95481084566595364471 0.00331034658310747467
4	0.03843796968034721845 0.21113798411362175167 0.02714871133154240015 0.08484803853922709416 0.43123383402015635912 0.00982263158532784529 0.19737083072977718023
2	0.00874497488215340325 0.00703833402296745632 0.84641665632578533263 0.00367182444942031018 0.01888612421233566013 0.10079788192903728350 0.01444420417830081550
1	0.13593052816212836120 0.54747183065959603709 0.00105104147417189875 0.30436676498258891099 0.00580985658694504851 0.00402138424230357415 0.00134859389226610880
3	0.00089504879552058101 0.00445756424042391235 0.00671498020727555670 0.97506674949507254890 0.00412789302621843594 0.00105097605235385141 0.00768678818313496635
1	0.05777673559286065907 0.66381070286157051186 0.00638293508462495478 0.22645952543028391446 0.01295980069406368722 0.02310615341089982192 0.00950414692569633707
0	0.32047732256601035861 0.21470248058853527717 0.00784597170596902128 0.03906911165235687350 0.20057946623643896356 0.02343497784524678496 0.19389066940544241735
1	0.00002400425652077956 0.99973983088980822309 0.00008294417518516586 0.00003137065771247416 0.00006380532081088501 0.00001783321635782156 0.00004021148360371220
5	0.06423571069456869564 0.03529437023363807269 0.38405444415860512386 0.00276481993640930986 0.00140853791474733546 0.51039581205865225400 0.00184630500337905584
4	0.13083680770558211992 0.08847985958683643459 0.13403558632534592898 0.06026518511607691087 0.48929605192422498394 0.07596969246435919532 0.02111681687757466577
1	0.00156420034293510758 0.99812426914676888323 0.00002334907189690092 0.00007250301290291266 0.00001719359553007464 0.00018940834655376554 0.00000907648341205296
0	0.39858251994695148568 0.11366004090245220015 0.11532802564070016027 0.14200351281605602671 0.09727888304666343355 0.02427634033809701261 0.10887067730908006613
3	0.02859153969065538620 0.22086784614908250290 0.00434320486448087038 0.73380793052768233942 0.00668532928676798550 0.00265026940733877319 0.00305388007399196417
5	0.00259101398921171046 0.00195716015549259569 0.00376153701032610772 0.00833842532665011668 0.00025787665694980704 0.98302203202499183199 0.00007195483637813742
1	0.02480833073868655980 0.43994724177880112359 0.02459508473159398301 0.07229730710301916774 0.40054926138448893047 0.00822093601510656517 0.02958183824830379338
4	0.11411259231815361337 0.02236447551900680800 0.01178273535339861497 0.11374668678460000959 0.48862485521558796098 0.05354306619967610231 0.19582558860957688385
1	0.05028142054785467857 0.34311932697081715116 0.21685586589036059957 0.04610769772881732204 0.23269791014670263007 0.08843212343735266934 0.02250565527809504640
1	0.07371976783225575591 0.66401783388406421249 0.00707039463233419437 0.20653601320913497763 0.01257733421260888614 0.02776883962691931856 0.00830981660268299664
4	0.09377991476128402781 0.22642414869882374062 0.01676455434052123022 0.02237516390062398858 0.40629312494384889343 0.22515529260913808018 0.00920780074576020915
1	0.01095006846419199244 0.87792144109074432556 0.00114810232680231418 0.00057165183846206796 0.00027609806275430860 0.10824815483897025359 0.00088448337807514241
6	0.04398289764701334564 0.00637783383984793107 0.01292613523505949449 0.00409325755133422078 0.00326924949478604818 0.00854724978222759675 0.92080337644973153655
0	0.70450160037861353501 0.21197066398772326790 0.00454418607280362812 0.06093691727180286510 0.00425837744317692900 0.01287996546871194442 0.00090828937716780020
1	0.02691351228415544972 0.94750573207977240031 0.00438663484691630134 0.00854689918820563006 0.00763728339804897738 0.00235387773524642916 0.00265606046765479989
1	0.08748642120937738520 0.37173067300951223579 0.08331239711957348637 0.21366533113164684621 0.14610544050330712129 0.06912859117846574530 0.02857114584811696820
0	0.84757141863251150848 0.04894100797964740651 0.02362609194727559314 0.03094351848842579258 0.01387864314308199717 0.02901855793121334640 0.00602076187784442770
4	0.00153470830726764587 0.00270534120396280584 0.00078671018189673794 0.00027412683443742370 0.98800977857999450205 0.00314867343995064823 0.00354066145248925837
1	0.00664019493113501922 0.25525458722467070372 0.20351225847558734872 0.14665431517718233168 0.14003203255519447445 0.01181292921727198665 0.23609368241895747897
1	0.06847735115207544132 0.39841931472290637029 0.03286067405395687313 0.16359991157595271671 0.23694461269598582343 0.03551911519096048742 0.06417902060816216281
4	0.00122676774688302973 0.00264130850749985571 0.00029834244096089659 0.00017501137783282783 0.98612394750631959806 0.00256759688609856530 0.00696702553440554234
3	0.00104789792985031643 0.00217780670446030607 0.00205813195518249640 0.99428080582841538160 0.00005242030999851390 0.00030289714192994783 0.00008004013016317050
0	0.97441809316915328765 0.00040338966351224432 0.00012379180505821326 0.00084114034920151047 0.00147403586473982559 0.00037804998966431598 0.02236149915867055582
6	0.05209713211656529647 0.05619074415574830395 0.00777852797815991974 0.01787824609391317973 0.32061649732738489726 0.10845389255152683428 0.43698495977670176460
3	0.00219925873360786971 0.00081597185514004707 0.00292438292867547430 0.99377817519903777210 0.00008099205004865507 0.00014090214774580047 0.00006031708574493058
0	0.72604856741263368303 0.18318089212145216571 0.00455724306685934000 0.01118718869470303884 0.02672944989089364592 0.02683996062753088441 0.02145669818592758557
0	0.73683096447832052700 0.09927695892465934757 0.01177940088816506643 0.01262895640801223532 0.03287180413391807554 0.03832865068996184343 0.06828326447696285439
6	0.11411890909125370352 0.33799204151219142123 0.00824706812683412456 0.00936259484613837477 0.04358235836016046555 0.02028852635516778524 0.46640850170825443044
1	0.00210484220757339554 0.97720726126005996726 0.00595043301196881893 0.00256966359706658695 0.00015627140527298900 0.00986584502478293247 0.00214568349327599276
1	0.02095797131203995869 0.90364386504969684832 0.01503710171828044444 0.02763115413395961922 0.02622267198836895907 0.00371451869772968868 0.00279271709992418580
1	0.01870939262731811589 0.86140157247269688590 0.00627222335911779231 0.09740081749677322043 0.00334661996640107321 0.01112089386741034816 0.00174848021028273584
1	0.09919748368626940538 0.30571211813165682925 0.27686285075375699494 0.03961556661598034795 0.17772633655309474920 0.04644077440245060473 0.05444486985679069385
3	0.00604933044910430269 0.00376214546928913896 0.00021165485382433662 0.98478569507580293596 0.00134211402243953584 0.00191087750701719196 0.00193818262252253904
0	0.95438454857953647359 0.00413959641014244491 0.00389530742404123895 0.00511190051343384834 0.02085729226918483017 0.00191567492084596634 0.00969567988281524497
0	0.95947680495173170989 0.01266708099275076251 0.00074963526084827973 0.01056643039064124844 0.01226338230932976468 0.00291394127466234687 0.00136272482003584722
2	0.13317611586775157662 0.02662137337023256015 0.79049242306029332550 0.00251444182008058858 0.03120181005281247658 0.01219011317638128006 0.00380372265244849307
2	0.00146437278055252325 0.37136459098757002018 0.43142311828464885437 0.07422313151766055106 0.01637407661578788032 0.09547811490750256203 0.00967259490627784581
1	0.06575005534652948735 0.43969348604786373524 0.04432425587584652715 0.18088935414850612626 0.12975170468626887055 0.11046836250560523873 0.02912278138938051084
1	0.07532828282295681022 0.71094549698374354119 0.00591543066371198831 0.05168621800001770017 0.11706542515402283688 0.00660925940564634478 0.03244988696990050436
2	0.01075713566555886597 0.00363426147174626115 0.85576075169542287213 0.00137832070689417529 0.02200579366783722915 0.10195961384285816276 0.00450412294968207273
5	0.02156482540632014000 0.34775840030729732177 0.00425093933263935922 0.00561084913524386060 0.00541132660237134654 0.61408675536705448206 0.00131690384907345403
6	0.10024618682108674128 0.10891074415803837783 0.15596183337656685519 0.01482764286337365407 0.03280679957424233184 0.04275887167840677211 0.54448792152828517921
5	0.05217238056758707193 0.00997826258939036280 0.02539761783180184349 0.09986526450672085498 0.08040986587149630271 0.70969796569916854256 0.02247864293383502327
2	0.00053392765362888681 0.06581252507023800657 0.68821516516745651071 0.01386199875230517686 0.15575700251041721400 0.03691945131934832453 0.03889992952660602243
1	0.00032815143378359633 0.97594090964678692490 0.01369701463208701508 0.00213143995118228284 0.00023818875920528560 0.00722086238401891539 0.00044343319293617514
2	0.00107258117092905473 0.00061073415303516086 0.99384887839392188624 0.00131601949069471672 0.00209880276414270775 0.00077502094158405494 0.00027796308569335334
3	0.00692137451947609072 0.11796751893041201864 0.03502241345586767224 0.31768688367084940705 0.29904856244074723426 0.11455947759781177908 0.10879376938483570347
1	0.06025569982563876853 0.40780363457646373604 0.06038035960224356902 0.04629100157046640157 0.19492733298281567089 0.18459624627094481375 0.04574572517142674877
1	0.02812067164306750536 0.55383735312492399228 0.00864113342491221355 0.01658781085529558927 0.35418972253243491410 0.03060807624792703449 0.00801523217143841268
2	0.00000890802477420330 0.00007756848706530535 0.99965305835791273825 0.00004468390290140260 0.00006028590110520319 0.00005527235425629725 0.00010022297198430060
4	0.12017465907546202863 0.14487368145635479144 0.09619128685456666827 0.20829756252962397522 0.32500415582801733816 0.06134952938148997836 0.04410912487448524072
1	0.06004887616247751164 0.40498523750030462898 0.08977677218681263949 0.02189556188176277826 0.01399170621310943247 0.37382989517869208429 0.03547195087684083814
3	0.01340171493734380014 0.01460547193641536200 0.00393575305772660405 0.96605499215444290417 0.00114783627195312382 0.00038893878849217115 0.00046529285362586787
1	0.01235514748556100321 0.93495277442364455034 0.01585171312505917127 0.01644488253926230242 0.00392727163227826487 0.01574219229117954436 0.00072601850301452656
1	0.02486013763340964161 0.86937273297110706505 0.04677771032609397139 0.00054621852726711615 0.00345644074461903079 0.05331823282755825816 0.00166852696994530315
1	0.06348896683694206511 0.70501213086952441156 0.02284430269257205215 0.00430406423630729472 0.08323988948841508362 0.04564496317502587247 0.07546568270121348232
3	0.00457488946201436205 0.00148634846367509134 0.00407348870062080974 0.98135911578980361547 0.00188095862414605478 0.00140582284303471857 0.00521937611670571060
4	0.16548317105535184646 0.16861499868298204796 0.06837959533545892588 0.14860697728880561952 0.22444983666193557559 0.02171169090946054384 0.20275373006600552750
1	0.03281303030290890627 0.82266700796185132649 0.01153007027424399200 0.05238842941197961040 0.02034852680941937400 0.04270279694128169268 0.01755013829831482408
0	0.87563957801943415049 0.06337325371787491668 0.01207875557905989210 0.02427924369103316368 0.00914199669578774979 0.00708826406975864194 0.00839890822705130838
2	0.02272045264545351217 0.01185593093100108589 0.95903536653436460835 0.00224111511903445039 0.00117035594259415148 0.00234236762866402159 0.00063441119888745976
3	0.06940758101013219661 0.23068653143789719095 0.00142779661758735111 0.65389914652452640897 0.02436133676756898139 0.01345776556059311187 0.00675984208169430872
3	0.00038137424974658563 0.01036980940010127916 0.00091616381379565565 0.98428114200987903981 0.00091081270996881778 0.00182943621989072329 0.00131126159661739913
0	0.39143334281401176433 0.17291371249860823522 0.04587322579210493384 0.25186261071107229892 0.03981741604381724975 0.06638527165347272996 0.03171442048691273941
1	0.02514112893993401474 0.84376888434308516818 0.00358583354344318853 0.07825874371145077890 0.01613283552104579147 0.01374139527117701487 0.01937117866986440631
1	0.00800188231289095629 0.50401828920496205555 0.00334912085504581207 0.45360611565467306994 0.00263493777458148832 0.01938228545767756855 0.00900736874016979348
2	0.00158432486665783015 0.00395377838581047105 0.85837876505473498234 0.02070018633248101730 0.04951538579663341405 0.01238964108919400967 0.05347791847448835761
2	0.00047564093309085067 0.39745361406637985668 0.58003827074859359847 0.01577410211490496220 0.00037177622085535667 0.00517106808400146986 0.00071552783217383265
1	0.05269635391772563987 0.84165235593883636067 0.01346481525721381078 0.05331026595381466865 0.00208830531099955330 0.00300341406497095639 0.03378448955643895135
3	0.00201302568591261912 0.00053152031918137790 0.00024729034717895892 0.99664205678906359065 0.00010573077553028125 0.00004928100202754079 0.00041109508110487129
5	0.01326082771560879899 0.03758508115287523960 0.00886171531031287874 0.00343420334177364046 0.00955646726170243481 0.92318443188587639980 0.00411727333185076590
3	0.00014516992743546358 0.00325990558599635605 0.00350269051418144366 0.99060060356367407586 0.00135311497533329036 0.00017476177593528440 0.00096375365744404812
3	0.14892633678281613774 0.19968501579912148469 0.05611126159509312317 0.44239686609732753464 0.08329440756039301064 0.05341955023010519499 0.01616656193514334761
2	0.03507082049179915256 0.05062674525155642230 0.70978155252805841258 0.16657643321131027081 0.01491277129397453050 0.01107918637433901593 0.01195249084896165929
1	0.00406862066210462395 0.87754900718764583534 0.00532741425718137162 0.10798171697066603902 0.00084164949343100567 0.00082979543506808207 0.00340179599390397214
6	0.06563010281154117720 0.15331488504148288454 0.04106468207694832090 0.23725552236570349174 0.10464863140964983379 0.04137317378233999060 0.35671300251233467593
0	0.99560715926482312721 0.00026814096639804892 0.00013765241787315946 0.00099754387673024812 0.00126785213818548050 0.00063531273118003543 0.00108633860480994633
3	0.01845424771262512906 0.14869167887444426079 0.08832373804577825505 0.59826762814045630900 0.07526039031026041104 0.03677368809812599226 0.03422862881830943116
1	0.00493040990531734731 0.98046534304969890083 0.00496785228460037542 0.00385870968209377479 0.00031875150642720376 0.00424198315203839962 0.00121695041982373292
3	0.14930925362937702561 0.09244697235257115508 0.17397275373114401420 0.37203641803174447578 0.08012508505718600460 0.10921102832346739342 0.02289848887450980294
6	0.20659387599005535341 0.00113287223708882908 0.00139262764441046641 0.00555952352178414131 0.02637182177772478403 0.00586705553330175641 0.75308222329563478947
4	0.01911559973039526558 0.01255041699538280743 0.00150402507089878140 0.00086977726555146121 0.86138933828008878990 0.00202214977262019178 0.10254869288506321401
5	0.00486159849273810462 0.01389667078187604467 0.01916812903573847371 0.04430067738976822822 0.05087147423247659339 0.84629960780896096306 0.02060184225844158279
1	0.00005324838830991349 0.99913509568334324396 0.00006307752466853448 0.00025500683140651455 0.00001630485126330646 0.00046893794141602928 0.00000832877959178731
0	0.69501883179364654097 0.02073437289727823180 0.01500865753109996252 0.03981057315062368901 0.02161189278130715152 0.03129184168555293466 0.17652383016049166820
1	0.01147017443162557694 0.49451260551295911361 0.01607444881607373449 0.11859729224465795361 0.07432004103360848046 0.13953264466489803675 0.14549279329617723078
1	0.08804013698557133782 0.67364961846333093476 0.01579170818965355133 0.08730240567184748002 0.02677189419800734757 0.10228931273986063832 0.00615492375172864946
2	0.01761246722632014289 0.03490878552498608706 0.90733650055467407469 0.00540211618829496316 0.02373160450189741935 0.00934091844033813588 0.00166760756348925806
2	0.00737100603898908305 0.00584091296853943200 0.89106805109209241689 0.00206919347510976749 0.05382548290487075560 0.03745165146700597109 0.00237370205339322267
1	0.00039430981233468543 0.97587998542142551095 0.01519863989513712231 0.00528524078799507118 0.00039844800204917998 0.00154330677960987572 0.00130006930144885291
3	0.00054965912105599821 0.00399975061275389693 0.00159736884792834087 0.93550252350942730839 0.04721583845090749493 0.00989768377532217192 0.00123717568260450577
1	0.04705176278969692288 0.44697043728196378387 0.05610042764216689043 0.03703999991331767550 0.10511255768706996572 0.07005053588758958227 0.23767427879819505443
0	0.57745210448382278123 0.11662781425900027588 0.11463883820648490541 0.11327533257380816012 0.03744937089635551331 0.01226685107180307439 0.02828968850872509364
3	0.07270260636617192906 0.11218880082197824066 0.02274733375336547223 0.70512668243342802032 0.01837183608813891186 0.03837406049599068752 0.03048868004092611730
2	0.00226016682040886853 0.20658799070569985878 0.36908414626123919877 0.02435694931928948301 0.13310277593045510836 0.00650569261718085459 0.25810227834572646577
0	0.45589118433561748311 0.17529254798376642244 0.06810791905585793227 0.05888928030980776496 0.03508089047611014089 0.16042298507448091160 0.04631519276435928922
4	0.00232348875520650179 0.02192701539466313312 0.00253549614136555201 0.00721389228370744508 0.96184966679465233597 0.00116086903498685318 0.00298957159541821983
1	0.01038897748362072916 0.98154858525358190668 0.00128597980449361650 0.00308080468828080857 0.00249838791245806735 0.00070538950485765596 0.00049187535270757670
0	0.34473310964764736219 0.19765267070817688078 0.05587024153567072410 0.05576403562453560031 0.14792803116436681332 0.10359699502716987474 0.09445491629243268905
5	0.00230322224089306998 0.03378027545591471420 0.01614276071985098690 0.00644014106739482835 0.00268836280814846148 0.92770085410464675491 0.01094438360315124446
3	0.00315605330507087983 0.00147473642312643898 0.00424189940124172771 0.98793789439819801323 0.00218009152800753862 0.00020376382990847235 0.00080556111444677356
1	0.01063926810610660995 0.97878623595808078584 0.00010266865467723183 0.00352453696833800959 0.00098286625694555835 0.00588648347189938033 0.00007794058395270614
1	0.00105813446680718065 0.99267074209319339229 0.00050644275619346328 0.00473362542163631092 0.00031625416221183411 0.00066605548632392409 0.00004874561363349551
5	0.01636966763778906209 0.00410222515955161945 0.00148646224102995383 0.00997196707467663292 0.02724948351816117859 0.93520376653489700747 0.00561642783389523174
1	0.02429941088866837892 0.82676171674207821205 0.00526270558104747002 0.03035895276238284937 0.00935653244765443509 0.08690268857911370715 0.01705799299905480862
2	0.00093395128836894898 0.13676817974433458369 0.64388691792011842896 0.02559337086360329375 0.09892840222953659668 0.08692825866293639459 0.00696091929110107498
4	0.02581348297015050378 0.08740227218154608679 0.01256856917989023804 0.07095722272494781047 0.47051581462464109329 0.28825956772946098594 0.04448307058936326608
3	0.16716376272468960740 0.08597846070917208872 0.00211914273768116493 0.71841928919481523597 0.00472730632453133206 0.01521443929933002231 0.00637759900978085697
4	0.01197417360379899286 0.00463279625245993469 0.14448737008028139650 0.02761679870924063293 0.69429948263007013054 0.05161994386018405739 0.06536943486396562530
2	0.00027108210290486818 0.01197383721441670247 0.96654711971907292245 0.00064880185456542728 0.00086222010955118076 0.01620871493788679854 0.00348822406160200719
1	0.17761734683344654329 0.73740720805028403539 0.00266825201653258289 0.04455933783713669771 0.01727769394473375325 0.01297939179749516003 0.00749076952037157785
4	0.00031274702218674869 0.00151526991370701030 0.00006110331698278307 0.00005998554393969082 0.99570946890100286986 0.00064302701661086764 0.00169839828557037339
5	0.00003063556281717850 0.00116149468570626488 0.00110301944235478909 0.00012771703046952847 0.00146087830802820308 0.99562541090821021772 0.00049084406241326124
1	0.00905320622768160908 0.94146123183842489457 0.00953396297900382245 0.00818347683005136994 0.01835421727290414973 0.01016204917256300667 0.00325185567937051915
0	0.97984448235807897198 0.00762338265594567164 0.00103828002481155964 0.00505388365122250161 0.00357257722108413750 0.00044154855972476658 0.00242584552913284457
1	0.04995376883210499164 0.54583367565377005626 0.01577847792770632404 0.15123815080242902775 0.02857800295732236193 0.15094621686595999233 0.05767170696070718361
1	0.12831702015841434106 0.45326366670235213041 0.02250623249462825257 0.34077528379660687596 0.01442859657394214741 0.03407523739522579087 0.00663396287883032294
1	0.00088068620905478476 0.98947148753163893797 0.00290962096764287590 0.00170060843753450661 0.00104953341853277447 0.00280505354512563436 0.00118300989047164548
4	0.17978857677770182510 0.01595542511242863809 0.01148106168240311566 0.17685090189633786983 0.40480092117651317318 0.19316375292730156299 0.01795936042731373708
0	0.78329932622963871491 0.03835719689067719484 0.04064256408372384638 0.10526677381017747470 0.01038102435902419490 0.00763167064298119445 0.01442144398377740930
1	0.00435229360146268535 0.99425059965887219171 0.00025975566297160949 0.00037183991346526442 0.00004967562657144411 0.00069008306110579162 0.00002575247555097449
1	0.00101739095885094305 0.54602340409002847466 0.37747651479575322631 0.00389860590996047142 0.00067565989196887756 0.06537296130381482773 0.00553546304962222041
0	0.46803917350374263373 0.03383473926746902866 0.00701762628557345801 0.00990994043957261171 0.05835517501557253156 0.40730453166632879514 0.01553881382174082670
1	0.08498863828106509311 0.51418168524157070731 0.05154166811923888841 0.23997842428844010088 0.04584710847488537855 0.04785736929184922911 0.01560510630295121673
