5	0.06046617874124521341 0.07479924758938591434 0.00467259926378906735 0.25347155777379581920 0.24944665288459616503 0.28186171880763949416 0.07528204493954818166
1	0.01189785284357462898 0.95841818487643959390 0.00125213175492216414 0.00686276859961587691 0.00429489203712376307 0.01057687100496994097 0.00669729888335352224
3	0.00000376653712621496 0.00002775597148612701 0.00001834024063594413 0.99992667954017455667 0.00000265558751570324 0.00000161960892672268 0.00001918251413695230
3	0.00027546793087722654 0.00896168871638897656 0.00132969323887644235 0.98799160609352643103 0.00054168580001713834 0.00073012432256454264 0.00016973389774929549
1	0.05562195328666934280 0.67415324763445361178 0.03515923516436691293 0.11978945855814655819 0.09305451126775766968 0.01125678773758209336 0.01096480635102382688
2	0.00075829471394624442 0.01315925607159647466 0.97505995551376001274 0.00142711337666713003 0.00736323344942874450 0.00125099196018712069 0.00098115491441404137
1	0.00202732810628372282 0.98986173580675995698 0.00137184178186682405 0.00610509852703465875 0.00009283627568512936 0.00039042871643306382 0.00015073078593662962
1	0.10692788443714854041 0.47232727206902042072 0.02568369965862880508 0.08547244062270160925 0.15276751713827638191 0.01475520208014716519 0.14206598399407743827
0	0.99798577152844980542 0.00015304380305172392 0.00005367136526837389 0.00031087610676147956 0.00083507408846699360 0.00000600374563812559 0.00065555936236352070
6	0.03791041805816241367 0.01212657422576277066 0.02060445669625788831 0.01828786530455581497 0.05916638654939866682 0.01417634249510231134 0.83772795667076016546
1	0.02957091605721233821 0.88555217671077401942 0.02135165408771339327 0.02579165302973119439 0.01908904775953694857 0.01046309961628607080 0.00818145273874607872
1	0.00815768979598909330 0.44211452205674200977 0.18621767370663749874 0.01916039820027677990 0.24261962957182484080 0.09364245442559997190 0.00808763224292921232
1	0.05094846578949144278 0.42181705510866601694 0.14743894956878658697 0.02913990901976388354 0.26586201877694237705 0.05892692823240933825 0.02586667350394073611
3	0.17883722584577868564 0.19836984812275595957 0.10633567274719792073 0.34480126108422376463 0.14768412739208858220 0.01738842748567851967 0.00658343732227670980
1	0.05605435765963705935 0.62328524978428290204 0.29640175023407028254 0.00834579269862256376 0.00189543144645839840 0.00659372437733357283 0.00742369379959573368
1	0.00899567098729223483 0.93209773248989369332 0.02048038665470935243 0.02413485522285379464 0.00220562171062324694 0.00988758432534577597 0.00219814860928185026
5	0.17010749684509049451 0.29435516714446385844 0.07213224349600919072 0.00359291540444583134 0.14625693631995409505 0.30782579614832705772 0.00572944464170946355
0	0.80857613477270440239 0.06902636637468893832 0.00290068402892407684 0.03076229391133724136 0.02495091532939588963 0.00719737033955980630 0.05658623524338934202
2	0.01195226538729727943 0.02795127009127487683 0.58958444386364494694 0.00046576005908666418 0.07138642287637810002 0.17452287080520434426 0.12413696691711414988
2	0.00002509774228314193 0.00001294524705741176 0.99958720678736923126 0.00002480922540767128 0.00001291491729001402 0.00030041932423637301 0.00003660675635581819
1	0.00065432472324745158 0.97568749236098328836 0.01884835123626723424 0.00136710871930015884 0.00184820730183438381 0.00057097441162952129 0.00102354124673803321
4	0.34564230332843254301 0.06089173135263733355 0.00048771055590764639 0.01177765353723244680 0.57644461075999442468 0.00206865897244769238 0.00268733149334813041
1	0.00066362063299165114 0.99601077107015256740 0.00008084528974803553 0.00229909588399136028 0.00005087831943788676 0.00002899864705044935 0.00086579015662848564
4	0.00473619576556253124 0.00934558590356326935 0.00886109565662337485 0.00660387686403085452 0.94440897941126544790 0.01016133510399826710 0.01588293129495587860
4	0.00005734576649543409 0.00002934374191751317 0.00009201656526712795 0.00038836222815692527 0.99904532374863963540 0.00005576919564532119 0.00033183875387850323
2	0.00117967902818889685 0.00050989760369420632 0.98225814460352622870 0.00026486283937561284 0.00047532162966309576 0.01432526371832940071 0.00098683057722249675
2	0.00023347444631120567 0.00485202068612441365 0.71886555578180666437 0.00686731516800888429 0.00636786327370548674 0.25051073396311490660 0.01230303668092760754
1	0.07791967405103616962 0.37754687814569859450 0.10154327284741079818 0.22234616121951264467 0.08292870884771383344 0.07125585298011380408 0.06645945190851382245
1	0.00482300219553780975 0.89754038043594330798 0.05629710813516815293 0.02454288326606461623 0.00179416748713643660 0.01162121859163046250 0.00338123988851970819
2	0.00316487283679904585 0.00624096290400908207 0.98827577802026955744 0.00020566853999887810 0.00131362992498107499 0.00017856771133492366 0.00062052006260716159
1	0.00024040836702599183 0.99804778187192577654 0.00027602728504041085 0.00081385667410775926 0.00011579304204223220 0.00043506586132317603 0.00007106689853288151
2	0.07012940108126849981 0.27003388464149902237 0.33459929265309340529 0.00969238579489237542 0.17935650575124373329 0.02665025907249064102 0.10953827100551237483
4	0.22849364488098369841 0.01881052575809157718 0.05287077016346605762 0.04380836974484337426 0.35076575845932284059 0.02184156127889538834 0.28340936971439706360
1	0.00782031282770036598 0.95169202772755989717 0.00790100964110958259 0.00170770384174409010 0.00067784817770059089 0.02978467075145661835 0.00041642703272813572
0	0.38904871395397322420 0.11224811180198157601 0.00519598125498305086 0.04239372934495812262 0.30693122290341362524 0.00203677826338614400 0.14214546247730408535
4	0.00006271681451607534 0.00474724418648366474 0.01457618899522649530 0.00109810520808704200 0.95624640301411978349 0.01662660238306013991 0.00664273939850746741
3	0.06483137874232945685 0.23900495090517620556 0.26956389948889697417 0.28828617730044492351 0.08792243518426844096 0.02042909016796625940 0.02996206821091739955
1	0.00368054506409128037 0.92109134082688548517 0.01944469675928447994 0.01678842864948769040 0.02376659706666462216 0.01250878994089934214 0.00271960169268681664
4	0.04650589897979572063 0.05302493099423701700 0.02551556117599116519 0.03196582068343449545 0.78372212470570856713 0.00592626636299157725 0.05333939709784146083
2	0.00162553201568680934 0.01108635605926898762 0.85894898043160439194 0.01791740505761662758 0.04967707537505811066 0.05255886599842334028 0.00818578506234206825
1	0.01589885149133136652 0.96654579237050930463 0.00372900417545696901 0.00355985589089305877 0.00335536511884034633 0.00575073148851171917 0.00116039946445746544
0	0.98963237824962013711 0.00058841025477024075 0.00065978297835087051 0.00132797522932917448 0.00450613652009353594 0.00018951483839227770 0.00309580192944345928
3	0.00057925974182337708 0.01963649376998559751 0.00112076321091305491 0.94546162671866551541 0.02643949778798729972 0.00149541727631983612 0.00526694149430458145
2	0.01554919030579816897 0.35845931516128087813 0.58608207114978760899 0.00713385181680822444 0.00036967244927875605 0.02536436949178219949 0.00704152962526416459
2	0.00116268419704728104 0.00036478215141893703 0.99546238623640315168 0.00008475494418426928 0.00087740305564895616 0.00178752011954278205 0.00026046929575541152
4	0.16111595163995393043 0.21337248832480190663 0.05344924791051696572 0.15029621316285485255 0.28397448523399476672 0.04050479104177592826 0.09728682268610169825
1	0.01239784957156016103 0.93425119976030990276 0.00484692525822193188 0.03095012716845994480 0.00176008369272525039 0.00387101086593607093 0.01192280368278681238
2	0.01227384790942476905 0.24610342748480801278 0.54100500474228652159 0.10593332158881156591 0.06253174583205441117 0.00783901165181970054 0.02431364079079581172
1	0.12585019227669816400 0.34909614919299208902 0.28430740244672469963 0.15794776062314452858 0.01733510049782296600 0.03403026431283180664 0.03143313064978581206
1	0.01623625823184107753 0.95873318590208411738 0.00122365390624414581 0.01457782602511925769 0.00223065528953313641 0.00294067154107872800 0.00405774910409826238
2	0.00067715575827416007 0.02130270983547749922 0.95618855399989155508 0.00195736292547751345 0.00704571999804842752 0.00172736291913847266 0.01110113456369318970
4	0.00003243765289489124 0.00005059947714891629 0.00030276289663506973 0.00088410095786937168 0.99765847101305282774 0.00002198186792317259 0.00104964613447633089
6	0.11690570839137792714 0.00601744110625581329 0.01643444196353670284 0.00505087026852356607 0.06185224284654214366 0.02069026151033040439 0.77304903391343371410
3	0.01622444419483173861 0.06943843586758653708 0.02406647143480246040 0.85464878193052562505 0.01158325059844977217 0.00336476351517103365 0.02067385245863326282
1	0.00901955085501277530 0.95804260548651043461 0.00472164437423538020 0.00926275430547296094 0.00394627532768825322 0.01430485850186041623 0.00070231114922005434
2	0.03665631542805616871 0.03789885203466937524 0.72406323222394619599 0.01617867051944450393 0.01682363053715422302 0.10557544417050519769 0.06280385508622458868
6	0.02792812151679453098 0.01152072587621017809 0.01500975665846414515 0.00241081596413623500 0.06690768772840939571 0.00883673069972766047 0.86738616155625769544
0	0.89195937257781332530 0.05205721713469078915 0.00431441941201108920 0.00353049651924627027 0.00655627476222818417 0.00307959723789738658 0.03850262235611288247
3	0.00431748072763453363 0.01259101349371586666 0.00456065930282297666 0.97542249671789971188 0.00111591306182891141 0.00068042953251084876 0.00131200716358748255
1	0.04588318151034864734 0.44777036802693165329 0.00640355849832958263 0.43238899213862752591 0.01300230550547859174 0.00085823357550684153 0.05369336074477761706
3	0.00004145044064941848 0.00296480675625812899 0.00066795777853266623 0.99628413122865178142 0.00000663934988333287 0.00002994729777410814 0.00000506714825323164
6	0.36620950976385052700 0.01580818536559718337 0.00135417965406172888 0.00131357444852953065 0.01050249378594004732 0.00212543558667023643 0.60268662139535078559
1	0.00074527775354514471 0.98857888519651748727 0.00047125975008069614 0.00829964505920872432 0.00079970115373160535 0.00081892395348953726 0.00028630713342700785
1	0.00440950830523822567 0.87522879699942157661 0.00325225141455990924 0.11031789646077747036 0.00463975197600061378 0.00175713376533018890 0.00039466107867197668
1	0.00049413483341916888 0.98609030505573580516 0.01046033678817368841 0.00044866381435821012 0.00018574833732728490 0.00143645236844509860 0.00088435880253988038
4	0.02065840109513340100 0.24196208664009158373 0.00117424063117674672 0.01786304315666203263 0.68518193943476557450 0.00342766528507282590 0.02973262375709777305
2	0.02060563603331930227 0.01356865420529521776 0.86287690079121148745 0.00070948656822905913 0.02819889249367961079 0.06720948748800163741 0.00683094242026356831
0	0.59827734835322310403 0.00290805455000255801 0.00471873908396178588 0.00250317834329990283 0.36868318747443884487 0.01331251317454858717 0.00959697902052498129
3	0.00702310332933087696 0.00118576476950075648 0.00189142872097038030 0.98752674714685340085 0.00094100927787367972 0.00061787452851563352 0.00081407222695639963
0	0.95783677797681132660 0.00909386207281726380 0.00007277406451113499 0.00224827907976826941 0.01541883035442966239 0.00042649472820877586 0.01490298172345358094
2	0.01970548301077182027 0.00835013309980318919 0.85753158959542230555 0.00107493235603329162 0.03247125820322301765 0.06374613045981715465 0.01712047327492908361
0	0.89211349886463198189 0.00579153745979718668 0.08568494572883504634 0.00209373972309426486 0.00577859880520141360 0.00211330605344713963 0.00642437336499328444
2	0.10053583388507150720 0.22023389471313573051 0.45981249137441732033 0.00415444471937779884 0.01891461465925602103 0.17866345219196122507 0.01768526845678006221
3	0.14529234435113391743 0.13153293484127093205 0.00942932148646197753 0.66270126676506513341 0.03487878191791029397 0.00741162443140013817 0.00875372620675766815
1	0.00018936479283719414 0.99924717034580534669 0.00009347999595195314 0.00034515413417596989 0.00001947812581232476 0.00009549989256478067 0.00000985271285025148
1	0.01481571574680020688 0.91343999537774100972 0.01992336755730200054 0.02410523107714855964 0.01275686127768185449 0.00341190587152509972 0.01154692309180133797
1	0.00398049581664979522 0.99455828497937182053 0.00041446728903474369 0.00016038662226388077 0.00066333198251110792 0.00010486092289767470 0.00011817238726995102
1	0.00221892464301454541 0.99276962658692524677 0.00137853405331798203 0.00216302567005785236 0.00091045464234219397 0.00052483539825781136 0.00003459900608429044
4	0.00204607514347344022 0.24445790954878696133 0.05769549509486774502 0.09019566375557634685 0.37051745306420219572 0.11648287877445567817 0.11860452461863801865
3	0.12421302467680396531 0.08401012579083325105 0.03649475257255939409 0.68431045335227047577 0.05532342173689357850 0.00455202699329290261 0.01109619487734709101
4	0.07127303128121838249 0.15779985057754408739 0.29630613360428509351 0.08085041641412223090 0.34898770361431080689 0.02206514737701065210 0.02271771713150838243
2	0.00120521283540835165 0.01886968732936544768 0.86717703512355248652 0.01886944098192473371 0.01480261118667298287 0.06672317082373854791 0.01235284171933733431
1	0.03781851414785905585 0.86724406109156548794 0.02039388389326511272 0.05559060173103539532 0.00189251589880757936 0.01490182411870803574 0.00215859911875946253
2	0.00085666628986147929 0.00049673958526695312 0.97849207430706697242 0.00106129552503095607 0.00106227168704695345 0.01044954648453242166 0.00758140612119477097
0	0.85590765666712609328 0.03484695934210798457 0.02911872153085015222 0.02133303081646793428 0.03097558781774384720 0.00814245221518602492 0.01967559161051777444
3	0.00255310854945683518 0.02575101830680060627 0.00443326067660954146 0.96685541031926058864 0.00013659562130162003 0.00015880462847477883 0.00011180189809616102
0	0.82665365596606421583 0.12624044848011783948 0.00089087066701548927 0.02806062723740219630 0.00951240008787288156 0.00098429440211841596 0.00765770315940905288
4	0.00136274988400567911 0.00090865885969389183 0.00031073332057677356 0.00083211922519345154 0.99319428299257506154 0.00008978139714488199 0.00330167432081107225
3	0.00277484689467553036 0.02881623969732390045 0.00084393792800742558 0.96164332052574097442 0.00422776007697066910 0.00133227095317258273 0.00036162392410888028
0	0.92341879007976812588 0.01802121273209815466 0.00145101892427706167 0.00982281842855726832 0.02970272346384930998 0.00208489751436039894 0.01549853885708977336
0	0.99513363990700054451 0.00302467162773981850 0.00016032603529749848 0.00012212729958877035 0.00112809556489587549 0.00007892416489677525 0.00035221540058073033
1	0.00603668965371981312 0.81008594402331990381 0.02355653832742470380 0.02570290962928766659 0.02614126813788158685 0.04368847098907321230 0.06478817923929310052
5	0.02318837684329306051 0.10403370398754817339 0.16070857735507532160 0.00573357073071730818 0.03023254712926040991 0.67265707001364172246 0.00344615394046416616
0	0.98368993649119296219 0.00260990877444077863 0.00021785937782033309 0.00218149265982815798 0.00554479890073677779 0.00027252839048361269 0.00548347540549744706
5	0.13116470210022607157 0.21498333224684817999 0.00349178600594735869 0.00351355613325028899 0.02018647994070712701 0.61154024437602083619 0.01511989919700045155
6	0.05461160259539778877 0.01774057082158328816 0.02749526459299527978 0.00606598295730634805 0.00509742720987309966 0.00458967923454008629 0.88439947258830431398
1	0.04570969415299395294 0.88978054836391939908 0.01961138257755082326 0.00997967672985857965 0.01522689956531778251 0.01193996212107067620 0.00775183648928919750
3	0.04546597051341731699 0.09011320826635563219 0.00971732678345281140 0.68178645900251044765 0.04545946477545856346 0.09514868891590734512 0.03230888174289751197
0	0.98474295524076660424 0.00182714486182364343 0.00034197601326668497 0.00074662607774214401 0.00618108955278101960 0.00181780897026866898 0.00434239928335094193
0	0.96968651992519550031 0.00983328184487853967 0.00021028932550204264 0.00784177125022922535 0.00584344837280586539 0.00015547220006318583 0.00642921708132563816
0	0.93600701924111340269 0.00311093639901152859 0.00077034770273106063 0.00344659959863755387 0.00423779666760089324 0.00332805745420812482 0.04909924293669745005
2	0.34766123371470464276 0.02349854161137997569 0.47991850291402932127 0.00833747971504793413 0.02011393222515967319 0.00071792946240567816 0.11975238035727270303
4	0.00001493204516982898 0.00000096025006184446 0.00001645454492934447 0.00000576626940905406 0.99983611477881761953 0.00000292294907341877 0.00012284916253862822
1	0.01726071641030061873 0.78488972671801149339 0.02683171109346864022 0.07937574044261735962 0.04710970413194551926 0.02628908092101586019 0.01824332028264012001
1	0.02495723529185447931 0.62710855764874129381 0.00974435369098419074 0.15404348733756717538 0.13939475107354892813 0.01947910620085415573 0.02527250875644972486
0	0.43448281218652734514 0.08260982603206426522 0.04361762548987162258 0.01872731979877245365 0.27814799373010962169 0.07990261793516549582 0.06251180482748926182
5	0.00420077935563555743 0.28897911184428642928 0.00558117241572324372 0.01057792291069060454 0.00449197320193157282 0.68585847124219068149 0.00031056902954226719
1	0.01930613820889483245 0.62150316572240182911 0.15498191572314951037 0.13360103670571976675 0.05093370856037901517 0.01119535707696309862 0.00847867800249177926
0	0.68542957843140228658 0.16659378964565754733 0.00106333155031704046 0.12122056975085145070 0.01523591074189563702 0.00183517705014761383 0.00862164282972855724
1	0.00601389237494329328 0.86780056368613800455 0.00244282025174740293 0.10174248824666942692 0.00132691588083612790 0.01451352967498729593 0.00615978988467805796
4	0.26748555712057048295 0.04377867800741662430 0.07500319573665208128 0.00238510551267582605 0.47318807827223519080 0.00725482315922158349 0.13090456219122817427
1	0.02908941302180665864 0.57138536725087707424 0.06434667372825600418 0.03362849043416252931 0.06996183578742525000 0.05734724540623582084 0.17424097437123672871
0	0.97128278191853678614 0.01740930071200130769 0.00082168093328722916 0.00701716621770586205 0.00174339284656884418 0.00032712258586023614 0.00139855478603992151
1	0.00120618286918033391 0.91541215267329179017 0.00543790105696420611 0.07295506207589821934 0.00241219530603513322 0.00158017298222673389 0.00099633303640434489
1	0.08308677387663092329 0.46893535234567729209 0.10322867110553905767 0.16655858799278894233 0.07633767501171254133 0.04022543749217438735 0.06162750217547697390
1	0.03751931547925928256 0.83692030089753044475 0.01029148937703788964 0.00276939200495675318 0.00650777722225741057 0.00666580831081043258 0.09932591670814763796
4	0.00395693587792550223 0.00857210165303778047 0.00429514098960375422 0.02689019368530993354 0.94527703307417387801 0.00102120224332429141 0.00998739247662449453
3	0.25565086699321692976 0.02573224326345076654 0.00878051724327090846 0.68324410959259773701 0.00623496262992917147 0.01088172758477849549 0.00947557269275568076
1	0.00216951105847240774 0.97423371659083213281 0.00100806147943469809 0.00228134185652193247 0.00860756195886801592 0.00539086167942970807 0.00630894537644097458
4	0.00018799767247820292 0.00003896147293649146 0.00006016176545649919 0.00021519690798916518 0.99891087576806469883 0.00022239406355878435 0.00036441234951559474
2	0.21708381531172341039 0.17545631047842655259 0.49884351776365321030 0.01888134699132481761 0.05447871491911823738 0.00492349913271458370 0.03033279540303914987
1	0.18678001007151720514 0.37584255469262017879 0.09925376625557010002 0.12309653881440815737 0.12056559838317802702 0.04857033942552387018 0.04589119235718226025
4	0.01086570438875126068 0.02413312104436483516 0.03380984306761734837 0.00236219788405701674 0.70799493364894561243 0.20971730181181272301 0.01111689815445117240
4	0.03101962582162084980 0.03800183632636135872 0.02091013382733915640 0.34322883864647790730 0.54182020373826400572 0.00476793532160006955 0.02025142631833669674
2	0.00065156772687437290 0.00016839810364241008 0.99540845821769952106 0.00002713973679405440 0.00314525988185869682 0.00052229576396400142 0.00007688056916769409
3	0.13509603302989472984 0.09040344546309325713 0.05307351954424888857 0.64353584264980390195 0.05004244258037873760 0.01598110602267656041 0.01186761070990384644
1	0.08906718460084994682 0.61018555480212177677 0.00193961897658842986 0.00934230893423467976 0.26585909239409799554 0.00864669834798133946 0.01495954194412601503
4	0.00078537914913756656 0.00054557806385323543 0.00008513379673456594 0.00178395037725868487 0.99554289187659916749 0.00010495081240060771 0.00115211592401605464
1	0.00001968907445427872 0.99977221348853617666 0.00013735068965346940 0.00004227010763580943 0.00000243293237144187 0.00001944651989636466 0.00000659718745221971
2	0.00227670909950638319 0.02541549655753208223 0.80188418693673835236 0.00032292647787746911 0.08217953433105119887 0.08735567569865385074 0.00056547089864060463
1	0.00282881216108363557 0.97530056812688559198 0.00165550065791362274 0.00222570070954669847 0.00261171649375072654 0.00426276774287399820 0.01111493410794584663
0	0.78096387401774192139 0.04991905373991398914 0.00175637533427340248 0.04452982636245610831 0.02658069874804318972 0.06659756270837575987 0.02965260908919555710
1	0.06377060590034258625 0.87699315164067270789 0.00086770593372587741 0.00473656377555151543 0.03010960568071782348 0.00605125317694217655 0.01747111389204713400
4	0.00022855538126277685 0.00197909347878854431 0.00045991211993532554 0.00009830888322618434 0.99239002107176965684 0.00308198233181582962 0.00176212673320184920
6	0.10025408172999286660 0.00542629968656357931 0.00468414061466348140 0.00588800933805879497 0.00498391378572596213 0.00026907870763310772 0.87849447613736209028
5	0.04129027242315773394 0.06666454228536601578 0.20358978594607002321 0.02035920052538308864 0.24264628065293705750 0.28899321605146316427 0.13645670211562285767
1	0.00734221482749812960 0.77333193439433312033 0.00861158697452977726 0.00122159005163677151 0.19285739452853029041 0.01424186661426798430 0.00239341260920352284
0	0.99352303238676420438 0.00393246995235705093 0.00009693690533016966 0.00207646719919967523 0.00017177424138667307 0.00005959984918467640 0.00013971946577736086
2	0.00012417313251063738 0.00014462045136149490 0.99837013241870320446 0.00012357638262207944 0.00025979592865858444 0.00014221817788388324 0.00083548350826016359
1	0.00930583909859754137 0.98716103725460901952 0.00093276778466542122 0.00110480639946643612 0.00065739476705756444 0.00039179570066529484 0.00044635899493966857
1	0.00109996565248590846 0.78917233358587202119 0.00012464125519046377 0.20750553594459261730 0.00069477937483019018 0.00085630556403953732 0.00054643862298850779
6	0.19558407879373918004 0.12989913679136308455 0.05351122537104156807 0.07329735961825831203 0.09022239289355156455 0.22395764635308126889 0.23352816017896518841
3	0.03054342524304652640 0.04906620350714505779 0.00163334692981002881 0.90844107127916595701 0.00053934817118285233 0.00435833859776601964 0.00541826627188332719
3	0.00296671893601815895 0.12058947342337339448 0.00184461920164316964 0.87158665482395913937 0.00256317439318874858 0.00031056711300710290 0.00013879210881017902
1	0.00654668808835698248 0.90549223740184581199 0.04446150216094157948 0.01683599303958331628 0.00385133628530418166 0.01120600495367923312 0.01160623807028918382
3	0.02810941814569581365 0.13264018882081518580 0.02602813466631890768 0.80582087123135592854 0.00290251313620406215 0.00099933809683811284 0.00349953590277250889
5	0.01642796933258381178 0.00125994526136544247 0.00538454860246886588 0.00130732550170369510 0.02561429262540356952 0.94864924208872281053 0.00135667658775173836
4	0.04818597182475639618 0.01067439294395626515 0.01782767360651885125 0.00844848590453111011 0.66696367930973243787 0.03399065089884098501 0.21390914551166395619
2	0.00173196249514868126 0.00053917468436341003 0.99336860503637813835 0.00064725221931108466 0.00059538089458615890 0.00260585692577563772 0.00051176774443677416
1	0.00564964943630676987 0.98259205466352816938 0.00447849498743626943 0.00495995369760962156 0.00034787882539070417 0.00022894536840131906 0.00174302302132601974
5	0.00084078053249845598 0.00037889240865120129 0.00033833337098042001 0.00000954993482896130 0.00174277251697963821 0.99655596228099174727 0.00013370895506953264
1	0.01036197399496193057 0.76913262097518297900 0.06339551340201497742 0.07381912558720177264 0.04404742471468160031 0.01170586319416024208 0.02753747813179682757
0	0.77689088181391841026 0.19421254634018922380 0.00124328558387680021 0.00901795773893617793 0.00557116712484268840 0.00015825905565010389 0.01290590234258656537
1	0.06151551034728420381 0.89119368280589983389 0.00046980537827359409 0.00152759244978424016 0.00421452409293896629 0.02717080792531839997 0.01390807700050034589
6	0.00585450744868491833 0.00111153816827220262 0.09167894579329935456 0.00331458941737335869 0.00241545495120132651 0.00590800922985988339 0.88971695499130876161
1	0.09304278381093825101 0.86710952350247383347 0.00099935846584254281 0.00052060808899370670 0.00948521477712030957 0.01573770456477531499 0.01310480678985658648
6	0.25917461947386177812 0.00224937821760656928 0.00073667766248447736 0.00035177383228921584 0.35148030914885458609 0.00692921517547055461 0.37907802648943295099
1	0.00904883512074548639 0.83244444137306328191 0.10782353998101015802 0.01368771402142971751 0.00242261309171139293 0.03123467394188228843 0.00333818247015775895
0	0.91162178408886895831 0.01487307563640475998 0.00096767525414900445 0.03992713311942898413 0.02507842489612350373 0.00126028463010094665 0.00627162237492396961
5	0.00250233750492799209 0.00273437344357179432 0.00011397682889016696 0.00012720812684095199 0.00097040272436849356 0.99308193662033006355 0.00046976475107094032
2	0.01022919603403410482 0.15855781070898239404 0.66967876009002325066 0.05457783981304845100 0.03584846354833941956 0.01807737180648873870 0.05303055799908398815
2	0.00003621267915182530 0.00001667033684286935 0.99810922072020336060 0.00001516980538556850 0.00061951499520340248 0.00116604749859911222 0.00003716396461205019
1	0.02045830129369588871 0.97723044249259305438 0.00042111150987969928 0.00023117999081697700 0.00047439642046829378 0.00084210152083479700 0.00034246677171173161
1	0.00709946571140148038 0.93069074697169196231 0.00523136822632489559 0.01156718957064685124 0.01528273620273127437 0.01840038380162901249 0.01172810951557375601
3	0.00846286175275359244 0.16442970859970040820 0.00195035265032850917 0.80827790688301992539 0.00608727904352536747 0.00386358194246283959 0.00692830912820963096
5	0.06477480693183079730 0.01669952009484278882 0.00781514905763957234 0.19853653920281802425 0.10008679103603722316 0.58202261192710313953 0.03006458174972877206
5	0.10867320812708147759 0.17254213927975253773 0.03599473610261284123 0.00448117609179446343 0.26056582295410413153 0.35924893982289335392 0.05849397762176083981
5	0.00009506745482263084 0.00018737641232690103 0.00005749951674153963 0.00000615837188156928 0.00001723352592998324 0.99960907013691713274 0.00002759458138050049
1	0.03516001952567616301 0.64249348238136705369 0.01076074698701872702 0.09849303360420505471 0.00696525239035526191 0.19623325159430668463 0.00989421351707140372
0	0.94387449191781991331 0.03380589673689681635 0.00145774070621896949 0.00452035516719707323 0.00735582139246664535 0.00115824313560319858 0.00782745094379757277
2	0.02393152140961446808 0.03999953149632060750 0.76942526692521595599 0.00660635953107369285 0.01732169147973217430 0.01684005779410132839 0.12587557136394150747
3	0.02801441743358835945 0.12384043770001114393 0.01762027503186850211 0.78804788129276781561 0.00794670557334877480 0.02715007765881915364 0.00738020530959625828
1	0.01274304581767249887 0.87849458371168531734 0.02400694916783115834 0.07289940142144570034 0.00350079732187168549 0.00716859785394363853 0.00118662470555009236
1	0.00106201227832567325 0.99666046317327050552 0.00076808504287457894 0.00035276656480655343 0.00003972645810635694 0.00013717976131528978 0.00097976672130239582
1	0.01316788186856641604 0.97323029154950235764 0.00141197167154153021 0.00530153409722529476 0.00305651042734525090 0.00236314884980538169 0.00146866153601392965
4	0.18001799639851306933 0.04147496134796570255 0.00062678244813666470 0.01680865690723902517 0.61887228836612562244 0.00007495492710755097 0.14212435960491245912
5	0.17079187765971273749 0.00970606366121849924 0.05057375197602504563 0.00787281422201897146 0.01608636784185954113 0.65710049998566977258 0.08786862465349534745
4	0.05624525632323658375 0.15737861133491476417 0.09395453616897260496 0.15812889652758499448 0.47212739879932535958 0.01258316057544319778 0.04958214027052233741
6	0.00017729470750874448 0.00031380041765665474 0.00020613994656780451 0.00025320922434201877 0.01568233849876231323 0.00025132336580735199 0.98311589383935460429
0	0.68324101253099611686 0.08723281609023696148 0.06865787937083654702 0.09053427466234748033 0.01471144101140778836 0.02290249991616297512 0.03272007641801191052
5	0.00112010123248307736 0.00401055087519312358 0.00074038357585530761 0.00007093234115053065 0.00071187281420242836 0.99320036047134874213 0.00014579868976669359
1	0.18024900867786980418 0.38045750790713944722 0.05986012755077652070 0.07890884044923915375 0.14117495897298745766 0.02324950275647029788 0.13610005368551725269
3	0.02670076478426787123 0.05875907322018016771 0.01910202835603427851 0.81180660539870519443 0.05081476307359549666 0.01347882742077222487 0.01933793774644422189
3	0.22002935948448260062 0.13275358828860148175 0.00432930070217209684 0.60984428160531323204 0.01872499625204593343 0.00055503063914416064 0.01376344302824057675
0	0.98419375818543664014 0.00077438714818387248 0.00144151049373483190 0.00066521026507184084 0.00890280128777418134 0.00033705459550406651 0.00368527802429427162
3	0.00124605743133206583 0.02930439204298740385 0.00049692658410448805 0.96088950366657777113 0.00621242777265731960 0.00085312634588239743 0.00099756615645865622
1	0.11842129336608644974 0.47795330253819473532 0.01034202809653492379 0.03918343198368463148 0.35198327420508584984 0.00095067642026839649 0.00116599339014534478
1	0.00091495279139851922 0.99224455880933193352 0.00133407766923167130 0.00487770140983029721 0.00046600886155177725 0.00011639454268706656 0.00004630591596934953
1	0.15362717720359542195 0.59676774748523331304 0.15045636800361933405 0.05926133835019175428 0.00563616187752491102 0.02608459892185369805 0.00816660815798186251
5	0.12383176477252114123 0.18693657175930822323 0.04571486448078732057 0.15832351770950817138 0.16219120622596411296 0.20728333366539450355 0.11571874138651642994
0	0.91383220236953022209 0.04411410966592513305 0.02493279263477898161 0.00367751974248422490 0.00460323159334727165 0.00179341346373115156 0.00704673053020316627
0	0.82366752886742844453 0.13335041903241434680 0.00036448947079390415 0.02965686571589670056 0.00623987155054405752 0.00164927098944841035 0.00507155437347407440
3	0.01409968725818580397 0.14251097540310264655 0.07820769631857715787 0.65839957008093197288 0.04139121373898248940 0.02651487949000190525 0.03887597771021812643
4	0.18629702983130394522 0.07322532470783554848 0.03406970909670133801 0.02923974732769955495 0.45261132766530687288 0.02897710165661820936 0.19557975971453481212
0	0.94338152301040900660 0.00883482967437434347 0.00325407284263949052 0.00338381319261628647 0.00646400221415389248 0.03104166450913021028 0.00364009455667673853
1	0.01362986738249639777 0.89800115966472804363 0.00337505766280473199 0.06781861396545831033 0.00667405177328582455 0.00314877796748504104 0.00735247158374230294
1	0.00236586961148597952 0.97303216130251801719 0.00802221217831498162 0.00129631222716676217 0.00531091949581883466 0.00565616415249273457 0.00431636103220295764
1	0.03141047743475045700 0.58179333275452260743 0.03057757599222108227 0.05271119667442489276 0.03739428385250506692 0.01158623157922805853 0.25452690171234748640
1	0.00052129841927600704 0.99265742945952550880 0.00070623424728141434 0.00021969546891565888 0.00013934542763803593 0.00543207359274571963 0.00032392338461649663
5	0.12535923417650701728 0.09199611486843556341 0.06707825825571735179 0.01848819976347926969 0.02643007000913182025 0.64271031275869872079 0.02793781016803022904
4	0.00001441220468976892 0.00000823507145479630 0.00005171768721553404 0.00001311039558217124 0.99985004293327850444 0.00000176711460059014 0.00006071459317832551
6	0.06667501156228650139 0.05662359137121080604 0.00538791038648563266 0.00514505316296362189 0.02109131814473290401 0.04680158903483001148 0.79827552633749054856
2	0.00019112833051292727 0.00011051253053491872 0.99577064639173551441 0.00010065630058631884 0.00189174828711047207 0.00024145894000236669 0.00169384921951763940
1	0.01858495381001518121 0.90180188716242859481 0.01501345223668242718 0.03095296858715948160 0.02569041249815159217 0.00544792487864491099 0.00250840082691792003
2	0.00245215074758823280 0.02062700508960020260 0.93138335348937484337 0.01110737294467536128 0.00482592892002049571 0.02430126590541938775 0.00530292290332129955
1	0.01109819948959056904 0.52027754619513655321 0.00637380230493316425 0.22480018515279778790 0.08501899103123317092 0.04098713339092027730 0.11144414243538748599
0	0.70428555081800903181 0.02939204542023939742 0.00016163026576485162 0.00677378605032089888 0.07595226827262940850 0.00350472082758831235 0.17992999834544792792
0	0.46388659128878600990 0.01999533900550296700 0.30686529247875304893 0.00135298173537796258 0.01147663491014580713 0.00302558578243921576 0.19339757479899494230
1	0.00060929330913054073 0.99898614147296560528 0.00024118841328216864 0.00011505242793556579 0.00001819168091029508 0.00002399158558416339 0.00000614111019125556
2	0.00144656731379790905 0.00125445694499124209 0.98073233431365991475 0.00511947263084460823 0.00510846212115524407 0.00136369388603734443 0.00497501278951421617
1	0.00032762691156267107 0.99933742312740436731 0.00003087570114176840 0.00024672000520455643 0.00001476276784432180 0.00003771718866086675 0.00000487429818282795
2	0.02896839798676471150 0.32868250803742488086 0.60834798111753274341 0.00246746821181739436 0.00092113877648868569 0.02780823375079548299 0.00280427211917565981
0	0.65900703979490771189 0.01790846366311734175 0.00005557854911048516 0.31298706397331887974 0.00838244300311035209 0.00158371002959218363 0.00007570098684294793
3	0.21485332992137329278 0.09870776721306473434 0.03116566330954150324 0.63057557490946258838 0.00703611833883540684 0.00280675876754486612 0.01485478754017775099
3	0.00543918653119538058 0.02810869657234435146 0.00300430214845781845 0.96058023020081473309 0.00134959535316786419 0.00046013903328129919 0.00105785016073849146
3	0.05684213282272893714 0.22190509260601609665 0.16770300020433642763 0.32360951022598000160 0.09797215144808736620 0.03742485803999657384 0.09454325465285452756
1	0.08892625227710597435 0.56645985571652768265 0.08755692175447658820 0.00248531470091399977 0.12977620026118072416 0.00631810069273888546 0.11847735459705598104
3	0.28588735651474422861 0.07063198274832326040 0.02020968335765225762 0.36892638428589147326 0.01187753254812595055 0.06871251402483767590 0.17375454652042532366
4	0.13144953190071911875 0.12010392108760464813 0.03641921948431288414 0.05784578471870619604 0.53859511947377358698 0.01896161832175075404 0.09662480501313291947
3	0.00669391109455855227 0.06457339609034015715 0.00087311751610913825 0.92250166478197204167 0.00397598875561920497 0.00037486934487984338 0.00100705241652137146
5	0.08947308390036889936 0.12238224804526094680 0.04117445652576171705 0.01863336618467121078 0.00210998503232580565 0.72085116493235368296 0.00537569537925797810
1	0.00241784036082422563 0.99470559222833077051 0.00005644738513223954 0.00146977347729703757 0.00038450142859146970 0.00046199375607673763 0.00050385136374692834
0	0.47449620189124369629 0.20186940660127861147 0.08537558530818865898 0.02090092285916048120 0.19812370574175580673 0.00518169117955289207 0.01405248641881991917
0	0.54198817529748177790 0.13896005649957407502 0.00881601548252283068 0.09820965773171298763 0.18929376110165030411 0.00182388904976263670 0.02090844483729530426
1	0.00188256936644502553 0.49904806945731228218 0.44376031193248244300 0.00221900536202213972 0.00647091788610187641 0.04412017889118543396 0.00249894710445086729
1	0.00597010625650203769 0.87954836583752160628 0.01576443991965649841 0.08557581882487233504 0.00335304193267988793 0.00552229021048474683 0.00426593701828342602
4	0.13309322411395285712 0.12281380703550548450 0.20857867875302099625 0.09956030859666523125 0.40376758231692444490 0.01363510745599865598 0.01855129172793196918
1	0.01284033515481561825 0.97541865469422006640 0.00243180844778224242 0.00241011275626910274 0.00047142412731269605 0.00546022806769927947 0.00096743675190080454
1	0.07318818290408997396 0.50572495586340382445 0.14822004244236144932 0.02335450176951450046 0.07513111434198010974 0.03105727161694765356 0.14332393106170232544
0	0.60677039461005621845 0.11710514252225523446 0.00151620036113847534 0.16498779330630958251 0.01055799217701330027 0.02602830783249877183 0.07303416919072856783
4	0.01789020431019805804 0.00227690293149181719 0.01607280808621040433 0.02459862111988527639 0.88381691867935818774 0.03652845361963281967 0.01881609125322317513
0	0.90268490823718794402 0.00760059923841084617 0.03778067971970872768 0.00864074228490146860 0.03277568665342468768 0.00242836043484248544 0.00808902343152400304
1	0.10015267749680971388 0.50042220522664848659 0.05931891091846532710 0.12774400804138139054 0.09912461503195851842 0.04216010512628419471 0.07107747815845254225
1	0.12517537562420538721 0.42778961347863569964 0.19256969948240520996 0.14406003246859830358 0.05512909064320108826 0.00632386167637612098 0.04895232662657845318
0	0.99281519509997850914 0.00468891301618658100 0.00007781195425580566 0.00035030065546582219 0.00044033858499024805 0.00028400938424797794 0.00134343130487487835
2	0.00043610644370371295 0.00708514767546766268 0.97983914414937633985 0.00066363481248971643 0.00604423882131756122 0.00432208035897913012 0.00160964773866698985
1	0.00010678531578723270 0.99848822072455822862 0.00003266573929824618 0.00043792433152258761 0.00020453713769452697 0.00007171353359154310 0.00065815321754866200
2	0.00001111912408400649 0.00014093260176114178 0.99887256422245940257 0.00000115232583900748 0.00037577794716744939 0.00049120623104095774 0.00010724754764740328
2	0.00037908664518349256 0.00101119163337856448 0.99684819677601776977 0.00002286562046319584 0.00004174862482518314 0.00149384799366534334 0.00020306270646661262
0	0.77228152495668178634 0.01320251077467566106 0.00500562499466122249 0.16061283855236091478 0.02649872001342730085 0.00078115599810161228 0.02161762471009152919
1	0.00044715705934044901 0.99453340276522494978 0.00009378753998197750 0.00289856491179423057 0.00039118991793423411 0.00086567706434736069 0.00077022074137749375
0	0.56885970811782970991 0.00342164782508313408 0.00132089670445415582 0.00327139014393055356 0.19104503109702700159 0.00031096159873406342 0.23177036451294147357
3	0.00295978738448274010 0.00948166986192586561 0.01201048707254292330 0.97321985877739636273 0.00140816141550805548 0.00030249692057894388 0.00061753856756394912
5	0.00964404762773477670 0.00352337487997122232 0.00171095177791726169 0.00007786480915440172 0.00272882742321260566 0.98012363284285275444 0.00219130063915676286
2	0.12801571134683920050 0.09114804024689864004 0.59941880044811657324 0.03160567544420769120 0.10856718403428931852 0.02240122581898911641 0.01884336266065923110
