5	0.05664299378699202275 0.07034405901996199084 0.00443267778297558659 0.25887226619250713888 0.24923815368053281460 0.29139776537076372831 0.06907208416626653413
1	0.01255476886107059244 0.95924706320849406627 0.00127571736244763462 0.00649803364481989741 0.00392425277514242554 0.01004598938637143134 0.00645417476165381209
3	0.00000414665435263481 0.00002689461126312991 0.00001666405803439215 0.99993436362604248835 0.00000205756690903098 0.00000123376533472826 0.00001463971806424306
3	0.00035383154434054755 0.00869839959866788685 0.00124080558796607317 0.98851280050460910154 0.00050592342474628754 0.00050205690732445598 0.00018618243234622446
1	0.06598089742037274719 0.67421704223460043881 0.03345866882883646864 0.11534799884554619576 0.09061072630655939153 0.01056352420954736158 0.00982114215453769659
2	0.00090419313944669906 0.01595107470746844752 0.97195475453987645320 0.00206444820108663777 0.00694427890264367673 0.00114738137071619542 0.00103386913876122796
1	0.00261173822394488017 0.98882988462070597890 0.00161682912973837301 0.00624152137958411402 0.00010315677170881076 0.00043043851057059210 0.00016643136374787479
1	0.09595811762837960779 0.46690268549344698945 0.02622255990544473600 0.08542020806620236051 0.15388963170261873992 0.01583301271433808222 0.15577378448956982759
0	0.99829710845888008919 0.00010807372979519710 0.00005846957697724452 0.00023967505849549432 0.00066859605740804070 0.00000576165924405283 0.00062231545919972742
6	0.03420060146841666371 0.01178625757803078086 0.01901138971843352107 0.01657648850700120177 0.05966384333820563823 0.01239696645719187175 0.84636445293272055679
1	0.05302276867699431268 0.85951788175067156406 0.02089588130677840286 0.02745918257464105214 0.02054928481123778281 0.01022525171306777440 0.00832974916660859238
1	0.00878903631626394566 0.45060601161593055730 0.18360047994761016787 0.01975421556819138835 0.23504226752885770679 0.09464686022446384961 0.00756112879868243385
1	0.06150708342911124366 0.42454208534589649160 0.14518886846294687398 0.02839218128788160989 0.25720579636502549636 0.05899823960183672028 0.02416574550730159199
3	0.21343085818790469288 0.20087924194275036394 0.09636238318152162696 0.32990043334779944884 0.13805368236657661329 0.01590857961750921298 0.00546482135593795264
1	0.05351366173552266764 0.62070651273480326182 0.30240781318191467530 0.00769139493524104243 0.00193093352233091931 0.00614910299297620130 0.00760058089721141195
1	0.01153968126129674594 0.93268510595728948420 0.01965075867583348374 0.02212944142310759726 0.00222034330759097185 0.00963043110523940232 0.00214423826964258921
1	0.13993509079675275908 0.31607472621176468941 0.07150382655727859083 0.00410089928197822275 0.16567855969245656733 0.29532897506212052452 0.00737792239764867991
0	0.84483981634053983978 0.05499223642961343500 0.00281251146431139116 0.02374427412916701660 0.01961744522481629824 0.00689951178263875035 0.04709420462891348441
2	0.01489627555971502655 0.02878440792492649794 0.59845513729683086357 0.00040305844740372868 0.07875445309448188269 0.16045184545398663567 0.11825482222265489007
2	0.00003444891075978917 0.00001533591336258185 0.99957099368349622281 0.00002288622129785711 0.00001196468764184527 0.00031364746974196550 0.00003072311369908891
1	0.00083905797797973619 0.97223535772884106532 0.02224778158836437925 0.00126228895425425968 0.00203301218790605817 0.00046911321997635257 0.00091338834267860945
4	0.41347181173914876462 0.06485162988257614503 0.00053743255631417226 0.01120834682780645283 0.50509270051068733132 0.00262357095919604072 0.00221450752427128448
1	0.00082311872375644883 0.99556123692435782857 0.00009449596608941998 0.00252117731692680759 0.00004952799909808574 0.00003488146907064515 0.00091556160069980518
4	0.00644715012673223020 0.01084603185631442639 0.00940812055485398119 0.00680288272365324811 0.94020243808204140290 0.00980446732439130796 0.01648890933201394363
4	0.00007137725432714007 0.00003874823873671302 0.00010309321337650978 0.00044626269619610717 0.99893904715267456407 0.00006586301386979601 0.00033560843081898242
2	0.00102650537326374374 0.00054126457934851866 0.98298445340627849109 0.00026411193666382103 0.00040906161683977268 0.01391682657320806628 0.00085777651439718694
2	0.00038342512551984323 0.00556690615250976864 0.71203504039064113851 0.00681074058711162930 0.00656082941956878662 0.25701186517221807915 0.01163119315243059393
1	0.10266351705466324196 0.36440184168409678334 0.09769491921741271789 0.22072373532964334464 0.08025998498709689677 0.06784207500376474020 0.06641392672332202540
1	0.00719399784889279172 0.89299611275866708215 0.05784008668588390412 0.02471676649664637446 0.00195194013378503935 0.01174355362664632023 0.00355754244947799466
2	0.00195250626388982721 0.00334461741241982857 0.99334584284483129490 0.00011319350802278822 0.00078880831348383134 0.00010673187479673907 0.00034829978255532950
1	0.00036695853203644069 0.99770745314077469157 0.00031144741952256568 0.00091890251778200518 0.00013773672132843476 0.00047847483310899618 0.00007902683544796349
2	0.05666457654416998807 0.29014471593035856545 0.33248349152928607930 0.00853997027206688901 0.18959540118583800838 0.02785356970196862722 0.09471827483631159450
4	0.20288508040230518459 0.01880273553397457387 0.04982446988418381267 0.03854747276337114337 0.34387776422501875606 0.01955640182784168513 0.32650607536330483738
1	0.00793224691383726671 0.94769699507491200752 0.00908634577949924555 0.00170839741503644375 0.00080028615891979246 0.03234938060838823265 0.00042634804940639126
0	0.45721522245456736044 0.09103550540893258491 0.00554474966054096640 0.03339221421108107962 0.26676025368742706245 0.00193850330098652352 0.14411355127646466312
4	0.00006626734429986147 0.00499523067183500757 0.01326737548530937220 0.00100936184447123368 0.95960287772162378150 0.01461060242478037612 0.00644828450768138162
3	0.07661108419699125260 0.23569028949093698277 0.26769714413474787751 0.28749193972910747075 0.08562231873527724468 0.02026337212823674239 0.02662385158470234603
1	0.00416230505554437882 0.92585877752862322243 0.01756169022797962609 0.01557870294968830005 0.02214846026880596883 0.01247915283807246069 0.00221091113128624216
4	0.05793617474525523947 0.05519999222643799663 0.02538704836347222688 0.03268579335172827616 0.77242763764054167552 0.00616407184652420677 0.05019928182604006112
2	0.00236087925542406013 0.01172134639623189679 0.86241124074064290372 0.01773643085933807040 0.04837296613001245554 0.05148755428123301392 0.00590958233711740867
1	0.01563528053110222263 0.96698562007117261352 0.00378146179452199882 0.00317804907604578085 0.00342161592550176532 0.00584489552672198300 0.00115307707493359315
0	0.98852921344863231568 0.00055121246036203672 0.00083775604734078715 0.00149137921796534275 0.00467395920236206557 0.00022755590848431067 0.00368892371485328050
3	0.00059949897396195792 0.01857092915735127775 0.00099988870746880944 0.95086140385323758561 0.02330112512547780068 0.00131418884934341525 0.00435296533315875957
2	0.01414287629335070871 0.36114088431889790343 0.58553611441166386609 0.00755740170268274104 0.00036127941989379085 0.02442006539465833154 0.00684137845885134360
2	0.00152442255508752813 0.00039612170193887778 0.99516615345826020533 0.00010957668300764160 0.00082102782512626332 0.00170986368684178098 0.00027283408973693610
4	0.14300568766251933739 0.21430138773539839092 0.05179445282449315208 0.16653288703420704442 0.28910295476240271961 0.03830161985403706532 0.09696101012694231802
1	0.01744845542557713763 0.92974631934142859535 0.00496649200714218211 0.03110342641075659539 0.00156951307695257346 0.00356011124250367504 0.01160568249563992231
2	0.01461195221071641404 0.24234268339159870109 0.53561908835970839515 0.11869498317306141633 0.05867594465930087155 0.00747661444086090629 0.02257873376475310126
1	0.13914787987428586802 0.33864995241918882662 0.28871058060170007309 0.14991832144218739109 0.01700370679040733371 0.03468331779666684878 0.03188624107556375931
1	0.01711165684786787253 0.95903928314179953674 0.00111324713131437944 0.01451508866239857413 0.00189502573817344560 0.00246829847971921472 0.00385739999872700395
2	0.00088712100129305967 0.02089368931544121136 0.95738001659964233614 0.00168938185483815642 0.00733433323558084233 0.00155660215486181763 0.01025885583834304331
4	0.00004986460797899109 0.00006131818671080372 0.00036572237038165988 0.00094552215921527840 0.99748613072279601610 0.00002481395923787754 0.00106662799367790375
6	0.10736221302186915727 0.00644723104579959534 0.01836605840082952690 0.00504480783302616378 0.06513292108066870423 0.02228293710634524430 0.77536383151146159864
3	0.02003602195497545049 0.07285548343020929740 0.02392592528614123984 0.84884754536006046255 0.01176649130454954922 0.00334672529451010819 0.01922180736955349592
1	0.01190594695226522386 0.95112105084510412123 0.00521534123422879355 0.01025707913341154451 0.00460382537653269627 0.01616387915250915019 0.00073287730594687422
2	0.03607225434761868882 0.03676942654816691552 0.73307324874940005266 0.01423677190362064408 0.01579065015012359047 0.10904599244812429593 0.05501165585294535282
6	0.02632895037149531048 0.01064260044280001746 0.01220091637550350071 0.00200786548843291624 0.04448482291304259317 0.00719703744933153193 0.89713780695939415732
0	0.85630934491641119699 0.06724288453800214560 0.00571700395622624404 0.00438139778972312845 0.00824249393738810988 0.00413012053406810759 0.05397675432818117153
3	0.00521775068801733858 0.01348017985556640257 0.00454806508501047306 0.97406726045453850826 0.00093718921404043365 0.00062548250162569087 0.00112407220120141755
3	0.10518116899776258633 0.37751571518753807011 0.00691852607267133372 0.44571807020509801589 0.01275861287242755632 0.00079549065051339840 0.05111241601398937295
3	0.00003860094013800250 0.00263897864149785196 0.00064595603560601677 0.99663732096379409331 0.00000588514210254178 0.00002947781463065605 0.00000378046223200981
6	0.42491305058912515191 0.01554860987213046997 0.00167609943688797037 0.00110884026125455254 0.01000439923804634194 0.00251845168229457555 0.54423054892026090368
1	0.00066750705537213463 0.98897998369206263636 0.00046969695829816128 0.00807745169527949829 0.00075808506765384512 0.00078967832976962104 0.00025759720156467129
1	0.00530913575227648891 0.87307207444703116561 0.00327676309992130021 0.11110304988338437493 0.00514920443243764223 0.00171965030233236929 0.00037012208261587813
1	0.00061904277092038698 0.98549861329463428472 0.01087281839257606478 0.00041307072707342791 0.00019869687521673768 0.00144036116251822157 0.00095739677706127156
4	0.01721886159581707126 0.23519310676565907681 0.00133487530928735020 0.01893593676591365585 0.69466501093918209264 0.00358848779789885334 0.02906372082624184700
2	0.02565914413228771729 0.01464225510006733622 0.85632905767110600870 0.00103924632188739713 0.02846819057655877380 0.06635102677850729380 0.00751107941958555417
0	0.54096160042821528346 0.00345047595278767834 0.00638256198976857453 0.00327360433734540796 0.41784232250689345989 0.01700781672073996276 0.01108161806424960878
3	0.00506372194254416531 0.00100311999816190709 0.00145417576905544394 0.99067947846745585405 0.00077256882333905303 0.00048416684082415684 0.00054276815861948192
0	0.95453366838103237413 0.00942837838549787088 0.00009113765690679145 0.00247587821810374550 0.01713505863915538996 0.00053398008518000506 0.01580189863412378298
2	0.02127103044022631007 0.00785429666103948723 0.88226766948896573339 0.00135868067789612457 0.02509100085344364434 0.04752478056770731429 0.01463254131072135381
0	0.87757902513026142532 0.00531216083423093847 0.10258097008420594132 0.00177660425387101122 0.00478157950246348162 0.00225826505372946811 0.00571139514123784366
2	0.10205753263324428282 0.20497375205477982862 0.45834213146448105070 0.00357666090586680188 0.01721051739645960629 0.19968619206643678510 0.01415321347873156957
3	0.16031670285921101327 0.12229812166289566466 0.00825600401845489641 0.66354919652506894057 0.03180424878576577907 0.00732296577220801007 0.00645276037639600213
1	0.00024009855496830984 0.99917310148978988327 0.00010796558323877309 0.00034439395011372741 0.00001967675550413302 0.00010443050918838490 0.00001033315719871591
1	0.01919948581930996934 0.91559948988441830497 0.01836220578724526153 0.02081432473559232874 0.01147625879643275615 0.00299198920915013560 0.01155624576785168993
1	0.00535625249780960835 0.99301773148533123425 0.00052774747851302832 0.00013779964345886261 0.00071248107889724263 0.00012223725445397474 0.00012575056153668206
1	0.00253762437881193932 0.99266183860586121313 0.00141762289207666959 0.00194128910070109580 0.00088241991565568339 0.00052890853202804838 0.00003029657486525428
4	0.00217247290178994735 0.23346784093870215360 0.05432949612139614803 0.07900550394470449989 0.44280787000287163968 0.09665730030951372176 0.09155951578102172750
3	0.13544255756030207372 0.08606251159663157180 0.03509082681486203059 0.67687457269771333923 0.05353222591591664387 0.00398541735931955046 0.00901188805525474958
4	0.05843587761922827001 0.15058884161397892432 0.30151378216837421142 0.08628435093956261792 0.36003626688130713207 0.02050542978495157112 0.02263545099259733212
2	0.00183586840985131938 0.02222987439112400834 0.84684188105823854364 0.01959320217420886662 0.01594721007374099581 0.08074881878166113858 0.01280314511117407184
1	0.04689215005237992034 0.85192608098353461710 0.02132814682284200902 0.05848986728844225019 0.00217502951379035248 0.01686172774856600429 0.00232699759044504044
2	0.00121501329374272852 0.00051931408858293189 0.97961715374133362388 0.00103732288240068770 0.00096004428000665649 0.00948308834093645851 0.00716806337299647281
0	0.82247680907876841161 0.04269177771432860341 0.03768543610684033790 0.02598991354831431747 0.03857539478569477903 0.00882035358763932908 0.02376031517841413823
3	0.00304691106859283304 0.02372601586593928516 0.00388122422125816886 0.96898470250695245554 0.00012835054720933422 0.00014281044333962315 0.00008998534670775321
0	0.85790117148959144089 0.10526742476926639891 0.00087391875735992456 0.02103543524058350961 0.00754205165061670648 0.00096408043486300441 0.00641591765771885696
4	0.00145892896377775093 0.00088102683742932112 0.00032200387723234185 0.00092181949774115769 0.99310870649836247015 0.00009444237379320997 0.00321307195166340267
3	0.00246881376010810432 0.02316218198308399659 0.00074524701061059052 0.96803635014403033310 0.00419459045896469415 0.00105355890265573077 0.00033925774054713098
0	0.93765750615626708431 0.01445709029457826686 0.00146167179840504488 0.00800937111937188688 0.02391503784804461380 0.00200788656500432107 0.01249143621832884792
0	0.99568512225741223620 0.00273372718947129285 0.00018819638018569568 0.00010190407680910963 0.00088502352689433835 0.00007694075921509534 0.00032908581001249101
1	0.00772473113776029480 0.81805043583474412738 0.02147329880600225629 0.02209171304124443042 0.02209814627202387818 0.04481552788996407549 0.06374614701826050722
5	0.02678809569678467645 0.11709212306020262695 0.15052961687502311450 0.00614303153853542304 0.02985186247289837308 0.66578370226928185183 0.00381156808727371255
0	0.98183518953591375489 0.00294369026571576764 0.00028594856708532006 0.00246603152770222397 0.00560597926001783330 0.00040139751330732872 0.00646176333025784595
5	0.13649773539473089579 0.21526539198815913823 0.00342905708041849359 0.00309492399324499392 0.01863161702070572842 0.60789405190994294514 0.01518722261279780751
6	0.06227743779084704556 0.01742526307964408286 0.02719958903047337354 0.00582447934300639285 0.00520861494931607917 0.00428298468022438646 0.87778163112648854849
1	0.05212365325049573422 0.89123240068151887705 0.01727837021717405774 0.00858252934162047863 0.01298574852418334612 0.01095299266531648587 0.00684430531969159716
3	0.05228864754990586450 0.09930039456840197842 0.00879148793956985135 0.67941105853349337274 0.03829314548186074640 0.09252999472825096383 0.02938527119851742919
0	0.98841901757221872771 0.00131783947261077269 0.00026920601168177010 0.00053352851657680338 0.00485578718226242941 0.00129289239686515870 0.00331172884778438295
0	0.96511565860298820230 0.01075712652451643082 0.00035031969406575553 0.00976163935414456688 0.00608346667622625299 0.00022700583027013318 0.00770478331778904225
0	0.92454496459851942536 0.00375535835480052130 0.00103589396696554602 0.00388013352034235516 0.00449974755926358869 0.00499289526191653947 0.05729100673819186029
2	0.35168866330803882914 0.02366508880581230309 0.47501902887559394051 0.00773617059319703197 0.02212441042994540627 0.00071530918152511928 0.11905132880588735478
4	0.00001497955634044289 0.00000119070874189331 0.00001493961508075990 0.00000578795749071294 0.99985094511174443799 0.00000280822582520424 0.00010934882477653868
1	0.01823899616559558276 0.77309356218528513249 0.02680028126142610517 0.08646208880360044258 0.05023571154120614474 0.02677424864764817170 0.01839511139523831995
1	0.02333911848028249331 0.62147878617086682596 0.01134705239444139778 0.16203930811919950439 0.13915727640196193238 0.01966726633371092617 0.02297119209953661645
0	0.42140658175981987599 0.08274812354953516025 0.04359163183812566483 0.01923889262324570901 0.29071126801814872742 0.07995654533549245713 0.06234695687563256844
5	0.00483598991175367664 0.26703699646991013728 0.00490905866875434270 0.00921525182569335639 0.00451440637534067900 0.70924016635960784871 0.00024813038894024448
1	0.01406715262513787146 0.62821792243991214644 0.15597194405380473969 0.12685130269938635350 0.05407810122737489317 0.01184146404997500797 0.00897211290440919074
0	0.72880423044520026288 0.13684406485065295223 0.00109111894364650628 0.11274351084117326116 0.01151209495374165559 0.00186565460960964381 0.00713932535597592167
1	0.00619544688018480467 0.88052812094717514135 0.00215706132779594972 0.09074853085620096516 0.00113485831542264252 0.01293741226345723229 0.00629856940976319512
4	0.28671111735365406581 0.04493451954111394447 0.07488347631743616506 0.00239006686170388635 0.44739778197042928687 0.00671216564370412036 0.13697087231195864687
1	0.03878429225976195993 0.57617574701811380411 0.06139351431525339603 0.03279074365376425521 0.06542134296938287297 0.05651992316082737888 0.16891443662289629124
0	0.97810469147245726607 0.01337533932805612738 0.00078113210692984316 0.00519924285492204957 0.00121098858087545047 0.00033626858753161171 0.00099233706922774835
1	0.00173133628218615117 0.91063989827749702854 0.00544755149698254726 0.07670808131991728451 0.00279445755379957627 0.00164774403857136402 0.00103093103104531705
1	0.10735532754055207572 0.45757558612467380543 0.10072201695676508137 0.16285692083061359403 0.07423722188783551945 0.03851822952034325565 0.05873469713921676549
1	0.03469199638831106658 0.83725006212502239844 0.01013607220394602271 0.00258937279442908062 0.00597816164280242854 0.00685094461396980586 0.10250339023151903983
4	0.00370580250832910300 0.00837950061142026491 0.00390799437306593722 0.02575318605792070031 0.94959625061848185190 0.00092204099339868477 0.00773522483738405073
3	0.23641325913599875452 0.02403511801567114609 0.00878563143135962024 0.70747842541100269820 0.00556379935585211288 0.00941143294468951147 0.00831233370542625374
1	0.00210522267215495574 0.97556926873635052555 0.00093581010686315832 0.00223993290410832730 0.00737682708221426738 0.00573938455078356995 0.00603355394752592283
4	0.00018692630411576915 0.00004275784073197676 0.00005372811288125587 0.00021322868604743824 0.99897671302870827414 0.00018927423170815149 0.00033737179580723309
2	0.24681725697403841813 0.16273204550249967260 0.48675110926118647647 0.01958305884825458504 0.05283771663222337767 0.00513091459252527655 0.02614789818927184400
1	0.22787029453961810121 0.35856132369847631969 0.09167822738783655556 0.12251148054081750782 0.11031131169707741879 0.04637983889019275247 0.04268752324598145548
4	0.01148554004657115213 0.02794285642778511838 0.03714300179084294162 0.00251513693433595264 0.70555219236319788312 0.20156248283972963420 0.01379878959753713663
4	0.02967408696281992331 0.03468437719427677063 0.01979233548018495895 0.35200791453738583536 0.53982979730295466148 0.00420675806166949558 0.01980473046070846746
2	0.00054504561951891617 0.00018312013350467199 0.99564288841424597454 0.00003628323661561829 0.00300585389808739889 0.00051105420908454367 0.00007575448894255286
3	0.16924860066354532884 0.09186904443878979309 0.05345704520582757191 0.61316956892131380119 0.04765409018946491215 0.01426604343065192987 0.01033560715040661437
1	0.06226468930586396416 0.60761956395580740686 0.00218362336041725202 0.00946211507841505928 0.29269182282914846249 0.01060152959661144270 0.01517665587373676420
4	0.00082148933832220294 0.00062590849506525409 0.00009196460517637493 0.00228028619870187426 0.99491553799430565430 0.00011377858417262913 0.00115103478425602015
1	0.00002358682291082227 0.99971601970954737659 0.00018403026058886598 0.00004428226185143814 0.00000292144482255761 0.00002119479588061172 0.00000796470439803711
2	0.00287490173418985910 0.02932314647747829781 0.76738970736472011946 0.00041186124334015230 0.08630137034983707822 0.11314346416771435544 0.00055554866272047106
1	0.00298766562086241012 0.97693835071654411273 0.00165971629388516609 0.00224740505620597353 0.00248317713859488648 0.00420385431804271275 0.00947983085586470361
0	0.77941454479793803589 0.04491240092806393636 0.00192090167737244181 0.04508204821867624335 0.02347671844060284646 0.07592232145872242211 0.02927106447862407382
1	0.06754041478316397118 0.87975385342898149155 0.00087973104017143619 0.00402630455837476534 0.02507214821818095143 0.00593005901227679471 0.01679748895885081056
4	0.00021092199741052907 0.00187638449173046086 0.00042833841447697830 0.00008253225502278638 0.99290921996282988093 0.00289820188885736270 0.00159440098967206581
6	0.05430768964569684248 0.00362590343598785019 0.00441671184252278529 0.00398253297901043479 0.00361101735982377820 0.00023432069777532062 0.92982182403918312019
5	0.04952405556572859330 0.07152121648623346872 0.21061630417478638400 0.02003992335664308080 0.22640016841186921814 0.28156450847132258319 0.14033382353341705695
1	0.00921319080356738929 0.75629959509455824129 0.00969050173645999956 0.00136813239100419689 0.20653851388461980099 0.01462309840104624586 0.00226696768874406216
0	0.99406763439525080983 0.00337591881723075995 0.00012228456081245334 0.00208105485578824858 0.00015917289267507279 0.00006645564354507162 0.00012747883469714584
2	0.00016591059751757577 0.00016536474072067787 0.99810988737086159261 0.00018389673530444463 0.00024634321787980691 0.00013253010336462473 0.00099606723435207009
1	0.01200783045375806296 0.98434730455333097066 0.00104761194554783008 0.00109222350274301022 0.00066303619144435796 0.00043175226726209194 0.00041024108591477339
1	0.00141284879590636877 0.77821754428748113330 0.00014635152168439799 0.21805637597446234088 0.00066879536981703563 0.00093379325182324719 0.00056429079882467010
6	0.22175012069860672304 0.12627974609350908763 0.04959109084812636514 0.07462553866379696699 0.07947366998787669390 0.21567253895001564645 0.23260729475806868338
3	0.02715438892326867484 0.04214954254980150805 0.00164625013856326842 0.91967228884386686971 0.00044335074092457903 0.00442988724682260269 0.00450429155675241295
3	0.00228484315077541814 0.11632072974698963452 0.00203437263984705121 0.87640219192334412046 0.00248012613674780582 0.00035041483026996482 0.00012732157202546664
1	0.00693745600258796266 0.90880467268990428042 0.04074310904038633968 0.01624274214371921113 0.00401907213327407347 0.01116025012945263441 0.01209269786067559624
3	0.03103803243241449322 0.13531074230843168071 0.02219324874945721032 0.80547973167322395316 0.00242539167266915892 0.00072352036853458659 0.00282933279526900120
5	0.01580394779282527640 0.00142259143032135165 0.00557487652605563079 0.00169987131378228568 0.02555028870790399323 0.94828723175127371814 0.00166119247783752012
4	0.05839412059618813433 0.01058518266084864864 0.01793041658057517238 0.00769761334917317200 0.66099696684685071979 0.03338314775746180352 0.21101255220890224873
2	0.00238153224770851733 0.00059013889879168770 0.99244300234328164390 0.00094707135939166298 0.00057100281001556518 0.00249920029928472551 0.00056805204152599324
1	0.00565973988048200198 0.98260569422849530774 0.00463122962559489940 0.00487231232114768067 0.00032691834998214932 0.00023038553160527271 0.00167372006269288351
5	0.00081237588460414574 0.00038222108539142806 0.00032695374544395624 0.00001076984544568102 0.00169748217728230596 0.99660158456068426158 0.00016861270114885599
1	0.01184103185483910588 0.77745064616623160703 0.06338554306067752109 0.07455550790388960902 0.03914662848941304063 0.01009469785127032303 0.02352594467367968151
0	0.80363295997629213829 0.17176854459588575263 0.00125755911806223046 0.00791138519510815007 0.00404596202844094508 0.00016171184211977816 0.01122187724409087588
1	0.05662955938105198456 0.88677614072932642308 0.00057529198541704778 0.00144185774654446703 0.00502536801103732871 0.03394272436873051191 0.01560905777789172062
6	0.00579188130419019433 0.00114329408543445226 0.08890791879046326673 0.00333186760723064865 0.00211140881521285941 0.00546297179336154709 0.89325065760410693461
1	0.11129911151639557132 0.84435152687410697236 0.00133277324955285450 0.00054177270752321822 0.00938392093784371287 0.01885088527177727555 0.01424000944280053547
6	0.23404113929072900557 0.00225709478879971160 0.00084719544713725997 0.00035509037004835423 0.35890676062889498299 0.00753918032965865577 0.39605353914473190313
1	0.00901577950139025724 0.84836848796790942373 0.09727917167335947690 0.01185213553488383836 0.00216135763488017451 0.02838865356193101541 0.00293441412564519021
0	0.90975375498957911091 0.01565286592198660703 0.00120849096487144663 0.04250018859412026812 0.02341799987640066222 0.00162291429201097707 0.00584378536103098874
5	0.00230047588795747812 0.00281568078862097591 0.00009844563316206920 0.00012600064548841454 0.00087673667447769671 0.99327329551776322170 0.00050936485253009578
2	0.01261540790012210568 0.16130359665052659834 0.66270136063585460828 0.05660364495892357406 0.03707570398206578438 0.01832887343684394543 0.05137141243566267085
2	0.00006150644501549364 0.00002072827603541590 0.99805682808460616240 0.00002106140368316979 0.00063606575176157172 0.00116711123501730637 0.00003669880388226014
1	0.02230673715207024538 0.97540665915324820112 0.00044063911799203725 0.00020557954640742826 0.00051312742213575414 0.00073428012554003466 0.00039297748260599502
1	0.00991689186997230486 0.92616473198646143139 0.00561934984676738889 0.01159341987983573095 0.01586295822162483993 0.01844849064185484153 0.01239415755348323087
3	0.00817846171346627016 0.17585154078182357873 0.00169968076487190070 0.79944495303744789183 0.00528817364632367878 0.00382467710837113310 0.00571251294769533052
5	0.04973092190339495344 0.01744977103362742657 0.00870325197199094298 0.19228306355590782384 0.10774220624473383745 0.59689195271888939587 0.02719883257145535790
5	0.12204676255174067012 0.16280569903556388334 0.03419055557775684678 0.00397388884316791403 0.25985742865376049160 0.35658499508415303358 0.06054067025385735656
5	0.00007840309908759418 0.00016700879078243361 0.00004622004875136446 0.00000457496867572910 0.00001312539671322806 0.99966523139789897900 0.00002543629809060518
1	0.02571092702549501730 0.61678598254027194869 0.01167189465033108102 0.11141608253605732315 0.00743047360767113297 0.21601070461140453594 0.01097393502876850037
0	0.95031510720227541089 0.02945843834508074174 0.00158728611919078770 0.00384320158662882199 0.00631458052157147891 0.00128265184865884057 0.00719873437659400255
2	0.02257496506492563323 0.03883027717088876479 0.76218620464044117835 0.00661397775749265199 0.01651771220566282047 0.01632920400535466804 0.13694765915523443578
3	0.03508677322206416732 0.13328866014522267047 0.01749027810655584894 0.77354315474360146876 0.00781877924090295176 0.02567282339526778118 0.00709953114638529805
1	0.01651919311104238508 0.87633867993913805439 0.02436772981028554122 0.07002442704023835451 0.00421370519645882739 0.00736250259489248243 0.00117376230794362575
1	0.00118940537179658954 0.99639384609992709407 0.00089896520734970310 0.00034380088076849596 0.00004523706757200468 0.00014336761203063804 0.00098537776055615577
1	0.01727038668960901441 0.96918584278774266849 0.00158721831975590193 0.00485447534129199425 0.00317537591342867019 0.00234369993365221617 0.00158300101451963344
4	0.17564356047045379117 0.04494251043791650663 0.00075460161487069985 0.01622168233163069628 0.61816922162426135579 0.00008403237608016980 0.14418439114478689977
5	0.17107854718873707900 0.00977716698960059624 0.04668025700554821744 0.00755283109773528978 0.01492810828234334905 0.66729308067874704147 0.08269000875728840794
4	0.05366146631842406284 0.16337984524626994465 0.09333411800647063716 0.14922311772418719866 0.48183921522894368472 0.01275901602271860280 0.04580322145298601488
6	0.00017211031492593657 0.00028672257717065594 0.00021063429128273048 0.00025754161491847640 0.01413403716775305484 0.00023994175841041623 0.98469901227553824352
0	0.68743361281391734963 0.08271739976138019201 0.06804282068059204491 0.09481978350243544518 0.01300407638856368453 0.02167716036596664675 0.03230514648714434556
5	0.00106900884410708412 0.00396425165391834158 0.00073984662192347155 0.00007301485604783479 0.00075941851268610026 0.99322407948677693401 0.00017038002454007714
1	0.21182856719603340712 0.36147621989755179817 0.05765764793420061901 0.07162836138177852696 0.13095230434632437744 0.02273082662155512940 0.14372607262255607252
3	0.02886744653861014753 0.05535215015993492221 0.01536307949754064060 0.83274190652483581765 0.03967343266289693332 0.01140238591466713296 0.01659959870151419409
3	0.23674541009020905191 0.11962539495490587260 0.00549937878672229936 0.61139339919990220995 0.01480917956660939873 0.00058716932291963788 0.01134006807873174510
0	0.97927667669112405946 0.00096794172389756661 0.00197637672193153729 0.00084437034116690440 0.01167968825552465409 0.00041920983437996744 0.00483573643197542265
3	0.00157150322536382453 0.02714941724818810756 0.00061632169702652588 0.96241691516005689611 0.00642607813556591006 0.00085786272122904614 0.00096190181257006758
1	0.10163770757620595175 0.46151350051441342170 0.00991069039345881565 0.04440400534610747935 0.38067098667781523735 0.00091201693526987715 0.00095109255672861889
1	0.00124625595273128464 0.99101204923972574523 0.00157516800523314882 0.00545560131934647290 0.00054628305705766063 0.00011611240961110558 0.00004853001629534314
1	0.17842946290152927880 0.57679348255674578461 0.15590251244626526783 0.05099201734381796081 0.00534505299446419967 0.02514567060546794852 0.00739180115170975059
5	0.15220066372776885899 0.19146941409959850056 0.04442689624191172720 0.14716974297238655245 0.17434571445532018319 0.19772700822726158032 0.09266056027575250709
0	0.90388884954243076120 0.05199365767550521988 0.02647419667134379845 0.00411491819842342132 0.00439396270955893196 0.00171654780682707034 0.00741786739591086125
0	0.85722196857152865856 0.10683553880172126649 0.00034457235865967837 0.02461920083943434923 0.00483242707446366812 0.00171772360664391218 0.00442856874754836080
3	0.01770961615075311926 0.14270577104424544967 0.07233284376616605504 0.67031399542919889445 0.03858367325272227255 0.02310510281391671417 0.03524899754299789384
4	0.20501121884241210735 0.06984611235979058808 0.03092754312579230197 0.02703104712336815846 0.45539131674695115803 0.02533644069696633708 0.18645632110471932474
0	0.95265727537248134915 0.00729117019340903578 0.00291989994798729814 0.00263924785514378169 0.00532072022971168297 0.02575318078197146726 0.00341850561929501031
1	0.01316936572470355643 0.90448704875149599225 0.00316819791460056215 0.06372018733978414284 0.00613945260439243898 0.00300180600910193067 0.00631394165592145517
1	0.00326567919590720242 0.97154896425182624142 0.00851512941705911616 0.00135103907299381244 0.00539176068979998081 0.00599682144818422351 0.00393060592422881782
1	0.03699609676584183354 0.56251273682698499368 0.03327072974471489974 0.04997483643056487013 0.03859904842035850880 0.01133537904037471705 0.26731117277116023256
1	0.00068457959630086951 0.99075626376970826747 0.00095758316834453549 0.00022195843727811472 0.00016681740384016699 0.00681668650238405338 0.00039611112214398979
5	0.14547660374346185752 0.08737077229231715592 0.06919557831923391078 0.01786396232531413386 0.02524391993902032338 0.63011387303573873631 0.02473529034491400366
4	0.00001731679994901487 0.00000984021379540244 0.00005269078635168692 0.00001467669269740007 0.99984753066525877685 0.00000182558193397059 0.00005611926001413511
6	0.05929482084557223531 0.04941879592265187304 0.00514064879702078384 0.00468669935583505576 0.02039979050643586297 0.04477438928024562309 0.81628485529223837602
2	0.00021112317586041577 0.00012539519126793691 0.99555685399270543723 0.00014282945947195359 0.00208869402631069526 0.00023711441537533999 0.00163798973900896585
1	0.01763214566471649897 0.89777370613629881024 0.01394168113869161119 0.03443642991309787266 0.02861564186551595820 0.00527928082882887957 0.00232111445285025511
2	0.00263875918481029821 0.01973918028094829441 0.93548792372343581025 0.01072803610561108741 0.00457038900903151968 0.02138910837062212369 0.00544660332554064430
1	0.01096937771844161587 0.53252467892702903818 0.00625904597497732498 0.22163818226363771191 0.07733611627084903406 0.03973039896672660859 0.11154219987833875749
0	0.68005047241171046046 0.03030266570467694820 0.00022484173393765757 0.00683239608595849566 0.09113011274249441240 0.00483588458981093310 0.18662362673141139058
0	0.51558473690079842378 0.01660532467459571379 0.25838185348811598674 0.00131641706290264561 0.00814886699976774542 0.00263327098791095449 0.19732952988590848897
1	0.00070662228741962235 0.99886669128169813803 0.00027020656395782488 0.00010645985871069834 0.00001971893807192871 0.00002378477989397527 0.00000651629024894730
2	0.00168590315393467153 0.00146592458671569704 0.98065531079880008392 0.00516270757332956166 0.00515825228769452825 0.00149362247462137368 0.00437827912490510503
1	0.00035647717351392633 0.99931341881645607828 0.00003269264142970202 0.00023881749698909067 0.00001500838966124987 0.00003897276335820954 0.00000461271859226383
2	0.02727910800982169884 0.29469420429843529163 0.64602319020159171270 0.00204407341894386309 0.00097991724546454655 0.02631236654187411525 0.00266714028386836124
0	0.68022641165955632925 0.01383129856199520266 0.00005621111493334901 0.29774967768125054635 0.00654608744254023441 0.00151466316171292676 0.00007565037801152341
3	0.25121030084742174138 0.10423254175750355788 0.03068515769179090691 0.59298467307307689556 0.00631087356907546193 0.00237244448735444763 0.01220400857377705942
3	0.00670283074132936758 0.02608272310823861809 0.00305541826244329481 0.96139756333139447797 0.00130976582679942152 0.00047076611931585181 0.00098093261047874167
3	0.07228058557050713595 0.20626289723352367322 0.16124240980024273640 0.33244310231959151025 0.09596146219287376988 0.03521778177350925326 0.09659176110975159490
1	0.08119408977220123058 0.58284499878844597820 0.08896883961789710249 0.00230356865565033977 0.12273880974119480425 0.00674333963103450340 0.11520635379357567485
3	0.32507711113361115185 0.06540277340909479709 0.01789562318038335348 0.35740632470546995769 0.00936972183796683233 0.06521969080710057765 0.15962875492637323971
4	0.16204520917653900125 0.12176994576886941701 0.03861050873192121979 0.06020784135940567688 0.49216108740145231293 0.02113797580180115654 0.10406743176001129192
3	0.00609420420555169175 0.05902500623999142743 0.00095391899213062006 0.92823861403542051729 0.00436441974219072340 0.00040192063353661201 0.00092191615117862859
5	0.07372657344498731447 0.11146716520492311320 0.03390924200899003704 0.01553556729465050724 0.00188787637657421726 0.75863361726413380826 0.00483995840574101208
1	0.00308630634270268484 0.99413137959435227131 0.00005804256433247684 0.00137027190076223515 0.00039782615967432405 0.00047083722806946619 0.00048533621010583562
0	0.46659855647173642534 0.21518788976083746967 0.08611877392070384218 0.01844611893897748003 0.19661336430992079616 0.00505802538327082378 0.01197727121455319579
0	0.63328116495299169308 0.11111605729085441419 0.00783250388705711807 0.07658559937571284004 0.15283422102250981967 0.00177479942461303036 0.01657565404626126782
1	0.00256819016478445662 0.49634014056663217085 0.44837344284167446329 0.00275583481942522860 0.00601454651422290553 0.04147071962452096583 0.00247712546874016186
1	0.00821744006791954099 0.86962682943371294453 0.01489405310392682459 0.09377517704546731170 0.00383873760972486397 0.00546050994188128965 0.00418725279736818431
4	0.15757606640664123532 0.11209207079294647436 0.19862441521540358247 0.09226210465601338007 0.40968269295180337330 0.01255238398900019800 0.01721026598819146852
1	0.01532864988841983397 0.97313492782244492840 0.00254150844015012950 0.00209041024396664421 0.00049006305506852830 0.00542867421538206947 0.00098576633456684678
1	0.08193744760944043914 0.50825404041290511703 0.15781346021568282145 0.02433834526484884159 0.06922619008062835810 0.02818578492450606390 0.13024473149198884103
0	0.61965134186552839335 0.11035161850760333291 0.00200956091392931859 0.15718776177060994614 0.00866449843130962134 0.02590055906864962426 0.07623465944236948455
4	0.01827784122736308622 0.00273136823288839181 0.01874022364729241094 0.02466821976261915003 0.87971258970100074670 0.03779941432122383566 0.01807034310761219259
0	0.91690535361650082891 0.00598905891611913824 0.03474679442656777167 0.00658038338596960218 0.02624403209839586137 0.00224060042343778845 0.00729377713300898706
1	0.12740558886815395168 0.49123037372203459672 0.05724710461163376451 0.12059735268308949263 0.09749734556339884062 0.04079043092811195093 0.06523180362357762496
1	0.12029816969329945597 0.43266651927221577711 0.18819961002727889077 0.15521881519560226659 0.05124722215510762319 0.00655325910174064767 0.04581640455475536472
0	0.99291541845252562215 0.00454083557977597117 0.00009561742493536825 0.00031700616352317839 0.00041388824344160022 0.00031925939440640474 0.00139797474139161408
2	0.00068899201839174920 0.00817729612921447302 0.97734672912867193162 0.00105180624830973212 0.00661593836601716626 0.00429576257372871369 0.00182347553566712716
1	0.00011764636923703062 0.99837143424681906723 0.00003745126163865484 0.00046713215987131610 0.00022137036612381109 0.00007175021968236236 0.00071321537662838420
2	0.00001210000570567667 0.00015223668728450043 0.99890192218141848901 0.00000147588793781772 0.00034608502643159687 0.00047856697689881562 0.00010761323432365865
2	0.00044743415952648954 0.00118890284647375777 0.99647852706068507089 0.00002959184902476397 0.00004390039809688192 0.00157225114910200373 0.00023939253709130831
0	0.78717966395361560483 0.01439742084330234914 0.00558993295947641990 0.14916744358654104863 0.02265083560671096383 0.00087583483169460775 0.02013886821865918178
1	0.00044309555827516705 0.99438897197431719288 0.00009401277694707088 0.00301621777817427141 0.00038410294589327412 0.00086417116911731038 0.00080942779727469758
0	0.52399637152051004030 0.00384857464765319800 0.00175504416147682072 0.00386321409744651029 0.19650759959418304113 0.00037536430557976607 0.26965383167315065682
3	0.00352373828055480790 0.00850247880719475456 0.01254711197060873022 0.97318373318363826652 0.00141154651291061357 0.00029491030430853275 0.00053648094078428130
5	0.00950989279323670791 0.00289455337703502279 0.00138234349688017228 0.00006114149761472708 0.00219564084315588626 0.98219556843608424312 0.00176085955599295657
2	0.14580014291144102745 0.09208692899041936997 0.58032355681120462165 0.02906555732481135718 0.11310057890455113561 0.02229888422138327428 0.01732435083618924163
