6	0.12903990459673797542 0.10864937427343546172 0.02736178714332361192 0.13381503098695196607 0.04053397767114906569 0.18179757537767157749 0.37880234995073042148
1	0.01467363721176107028 0.86438865689666888326 0.00832726437889172617 0.08995576932080252830 0.00432483694099560639 0.00838770916375270945 0.00994212608712794280
2	0.00371461297311295085 0.02273321380893060517 0.91980052518475341472 0.03950846727216288795 0.00347291998877008630 0.00647881137365655026 0.00429144939861313655
3	0.03589585680675789342 0.12321887233969698594 0.00331301220845294083 0.83163786955319007888 0.00039436018890066514 0.00335859238562346207 0.00218143651737786161
0	0.85606805237438299283 0.00132404869736369108 0.00299442264968352145 0.02572025424120218465 0.06528809999519231966 0.00050983604339181385 0.04809528599878347410
0	0.42751378563315067804 0.03455900884182599997 0.00344816410970153787 0.01511581532257413180 0.20937809084912203939 0.07508515351665419335 0.23489998172697132417
4	0.00167855568618718626 0.03159086518075645417 0.00106968370739504541 0.01828649903794411086 0.90743578108209155264 0.00022039179311440001 0.03971822351251171751
2	0.01625399008291843889 0.06487965695956791901 0.86661113617813723131 0.03514354535102816313 0.00472686234160049536 0.00950531385695378185 0.00287949522979452947
1	0.01812974167546637511 0.81260750731759889831 0.00095606092649177924 0.16072728575587330591 0.00462094606370045367 0.00106947017467516354 0.00188898808619468450
1	0.00977509112126427257 0.47289024326230610917 0.08051189365136024456 0.02854989492315085017 0.15966204585886792366 0.22861095746223050740 0.01999987372081963102
1	0.24783696424761758603 0.33429221284085397503 0.01803403863786260872 0.05956135733786859648 0.11250418473082769710 0.17994953674110961139 0.04782170546386005361
3	0.12165405900461719046 0.00679832467346536910 0.04899571311548944069 0.71577595372910496341 0.04831847657002599078 0.01894340177340790923 0.03951407113388855780
2	0.00530207976044445601 0.01864823203679576505 0.88357581527549888811 0.01636218185425081587 0.00402467098795913740 0.07124351672546438974 0.00084350335958656571
1	0.00674399330487259873 0.98003747457835699297 0.00065916633857348314 0.00538880903116897327 0.00041038838701196011 0.00561188075680139377 0.00114828760321389312
4	0.04449072258946878966 0.22025116935012944985 0.10176912423101444616 0.00627299549864354482 0.30333630396159472209 0.25179165496968825000 0.07208802939946114263
1	0.20029848611094105970 0.22218847742851824401 0.18042776624092643489 0.20362164480386304999 0.05716823697104865543 0.04105775014615942187 0.09523763829854325902
4	0.02929542402304108339 0.16225365926904466995 0.01438778270888097649 0.00252051251309956363 0.60204803066336243234 0.09813936548761850731 0.09135522533495257780
2	0.00611405543110702179 0.01260009572803611790 0.94483312821905651724 0.00138550131057650302 0.00181703858562794218 0.02875146502824520167 0.00449871569735050755
3	0.04524202890419963541 0.29865428155231010798 0.03069835283340521456 0.44008324179521507435 0.09196063122093307840 0.00538688835718613944 0.08797457533675041852
1	0.00016008956877860503 0.99640193283254496759 0.00033542136789523861 0.00246200985670641873 0.00014945204321087951 0.00016781694810494315 0.00032327738276083498
1	0.00150852138566545668 0.96872272848354401553 0.01473596362304694339 0.00745578341516030165 0.00033658151903288511 0.00501220968854200304 0.00222821188500804852
1	0.00075164984766113807 0.98978878142417714425 0.00226823946885481133 0.00201826064582292511 0.00022028374842951825 0.00461350993766051869 0.00033927492739360720
0	0.89532352919826596604 0.01207037192130594808 0.00118101982608008666 0.08240257995517273615 0.00529459284184493131 0.00046897788318673488 0.00325892837414347653
1	0.00741144550100125612 0.85456592288705934823 0.04117409104513906903 0.00956804033310906105 0.03199737375908733028 0.03648725623313549271 0.01879587024146870539
1	0.00046599495341147494 0.63403115404163667979 0.00335579033460864547 0.35669327715699616910 0.00126526578808632993 0.00036323778655472698 0.00382527993870539857
4	0.01470463324019056009 0.06019849364143773501 0.02137632737017303164 0.00551246647648777777 0.80661400551383866109 0.08720555209453750845 0.00438852166333443972
3	0.13063737508872758086 0.04081336379346858084 0.03240645191189816393 0.74900511125225188724 0.00220595438804190849 0.01687967593971530927 0.02805206762589642147
5	0.01047342103860910908 0.00875858308629543988 0.00043723972727872506 0.00067086339945294463 0.00967884841824958458 0.94310763157536103840 0.02687341275475292959
1	0.05050515100751842845 0.86362428100614840876 0.00469977211848846867 0.00629633462646893901 0.02010371856763815829 0.04887015396556439184 0.00590058870817291962
1	0.00344763752383544456 0.55474007298007899092 0.02000908158144729110 0.00066141875517118751 0.01232896754264566942 0.01332215614709993286 0.39549066546972078129
3	0.06578972692255298516 0.03041755876192924618 0.00853813542050260547 0.72308962751911387556 0.15105729584756821815 0.00049917396464910105 0.02060848156368372958
3	0.31503182693941139680 0.05790387100256357000 0.06633037089551500898 0.38703572115959250510 0.04384679420672076694 0.07822648488993240445 0.05162493090626453507
1	0.02795455886571710999 0.51206606693948308884 0.01959382680218916054 0.16099323325204345503 0.18901123360654623062 0.04673719471124874320 0.04364388582277220485
0	0.51854032180793618867 0.02293203923791434576 0.04406289762577936947 0.30032047671921291432 0.04568971553696148102 0.03653412127118901148 0.03192042780100672744
5	0.00188670796586371111 0.07014560856659010635 0.00374549367044800475 0.00738018374654259533 0.00511565558706487001 0.90654872716020751255 0.00517762330328271330
4	0.00728051068043472464 0.07139230298090309956 0.01512152200268124420 0.00343837125520917710 0.87224991824079600722 0.02561022364229766785 0.00490715119767782919
1	0.00097516219022354504 0.96805153143707789454 0.02515253211440554929 0.00074343895891374118 0.00044122900801769167 0.00179494595411876581 0.00284116033724367799
6	0.00701263651826438284 0.00156358032856907490 0.00322326306625498552 0.00096243137207135086 0.00038294191912300023 0.00232515749710360264 0.98452998929861323951
3	0.01626458607795019939 0.00245187866786357499 0.00403780047286090953 0.97330386669371493635 0.00059260254542795900 0.00143332385204532971 0.00191594169013723685
3	0.02468678743812235954 0.25927033560735307516 0.01802841429611070148 0.64514501019524495007 0.01581112136190149578 0.01004256296473342996 0.02701576813653437312
0	0.99189376200614098877 0.00197888022103013704 0.00036436380368587564 0.00331206793734155000 0.00153784656721313935 0.00072692285507840074 0.00018615660950982638
1	0.00557350447717911129 0.78277571137590185035 0.11903044921906485998 0.01840776077621316537 0.02056698956476839257 0.05284198998571627837 0.00080359460115703770
2	0.03810687032288950088 0.11174652140183032045 0.55431382635743620124 0.08254492783537671630 0.01281456918000289935 0.18197338772720492162 0.01849989717525970037
4	0.00499536851896890694 0.08947942073544698505 0.00650921424037755915 0.13397637988188051961 0.67556147510966757519 0.01174750837178600155 0.07773063314187192430
1	0.00815260746879152218 0.94041292544086407812 0.02061044123332220895 0.00301224480233852447 0.00152549426035802601 0.02527535256886049436 0.00101093422546449300
3	0.00754743911839775208 0.22659195305175361401 0.02064005318251528262 0.60861044793906005079 0.01787251498964661720 0.08862469150099823445 0.03011290021762871166
5	0.00009688794052730728 0.05659543035400315530 0.00016060425027264455 0.00000354851252680881 0.00020320494651955310 0.94293241289094276159 0.00000791110520846934
4	0.00037106844653671560 0.00153542371511829006 0.00026743644892022783 0.00188080608393903525 0.99193041553786187592 0.00007704806975464871 0.00393780169786904152
2	0.00913740101649563978 0.15547081115942096297 0.79154914642318841000 0.00128130740973563689 0.03161013854696701625 0.00723117158194891765 0.00372002386224348910
0	0.74542018938905985070 0.02350582288010237553 0.00585282270588956786 0.20193472515083774055 0.00694259322564374452 0.01176578060862428984 0.00457806603984230610
1	0.01822221110406498784 0.79769541396964438462 0.10455291533624234968 0.04292223095463869320 0.01208410989675746255 0.01691657704081170679 0.00760654169784034332
1	0.00183339272754120381 0.59682294895925158684 0.16099830029434666900 0.00086721524156163513 0.00196038510878921227 0.23028060081085599542 0.00723715685765322081
1	0.01382765937886454299 0.89621640925720491566 0.00338142208461398057 0.05227116207565657424 0.01249658971151277990 0.01197292720336888723 0.00983383028877834152
1	0.00822164058576427964 0.70052985758085095647 0.09071409247601568138 0.06467093740469385954 0.02707933702612326868 0.08185615614598125422 0.02692797878057178601
1	0.00263927573804495540 0.98562615661517727350 0.00114816185582379332 0.00812630255122766439 0.00117677503522468116 0.00111584240996904257 0.00016748579453364202
0	0.78226881667841574597 0.08024100740184691993 0.04247394811804862391 0.04722779662689284563 0.02353038824894795530 0.00515232223101137667 0.01910572069483650395
1	0.04800649168964797597 0.52134577651317459690 0.12452295766919471709 0.05865965136000213243 0.20569867388402163222 0.03215014951624314832 0.00961629936771579014
1	0.01848484168657087146 0.87297741838894826749 0.04064667501790773796 0.00934724317879566911 0.04947090458309738592 0.00572613067572763906 0.00334678646895202438
3	0.04006319899917619443 0.03837785005787498066 0.00373348042377969576 0.60429104004689271346 0.28620936986830225468 0.01211638507179721956 0.01520867553217702603
3	0.00151005972805882613 0.00023495751791325495 0.00014853694297115472 0.99791805979750713984 0.00001262112765920628 0.00002768639286054851 0.00014807849303025201
1	0.01194458289133484667 0.53350631574020956904 0.03881500241615198216 0.00022464740111471335 0.00891717047101919097 0.40273753261467215570 0.00385474846549777213
4	0.00001464300272354975 0.00008876768317033532 0.00005480300044174957 0.00080615107609384950 0.99879391696352926022 0.00003061656280759489 0.00021110171123465092
4	0.11557854950411548811 0.20033767661540022309 0.04359538243775107347 0.00626062125843806268 0.62065966902245683912 0.00431169231433552354 0.00925640884750254800
1	0.00370560991655696998 0.78322315129204134188 0.00179878569561449180 0.00776337555147590258 0.00094544771615365469 0.00858315821644278949 0.19398047161171486086
6	0.10848002605533742237 0.10519082685569400293 0.01358665938655289132 0.00447394846193648402 0.04739526427456559887 0.00402777008201252954 0.71684550488390108569
1	0.06488300037743999216 0.49943732448762423459 0.03558178894219130028 0.04156998332937086871 0.08598293980820968796 0.12880494133022288294 0.14374002172494143581
1	0.01095027367916457869 0.43251728046635701252 0.10816728060066695127 0.00692869038507345266 0.12853627095467523578 0.02773663610793700857 0.28516356780612583943
3	0.35334353234582016601 0.23737469904686342437 0.01876901383629241138 0.35420822217800274068 0.00729627858521961995 0.00983755916273583095 0.01917069484506602958
5	0.00134956053656996324 0.12419137489557335874 0.01514224796608328732 0.00104804496796508670 0.01070171066761766224 0.84570591599032185481 0.00186114497586920024
0	0.47457919564741291030 0.01231068067378015933 0.00837819701221554150 0.00081169531665788001 0.36107304469022505344 0.09309113032871356441 0.04975605633099504377
3	0.10384079894063275029 0.31733189063780015138 0.02061132102476905675 0.43296842129320400883 0.01483669815485726996 0.10713340099680943029 0.00327746895192697427
2	0.00444094033839268366 0.00060744010756227148 0.99117997430911275458 0.00092697362772096482 0.00114455294864943447 0.00142152361679532494 0.00027859505176687483
3	0.31459233722637641728 0.09246556819625155466 0.00745018786527113213 0.53156157662670466824 0.01264755304210440565 0.03157697741713021145 0.00970579962616198964
1	0.11932481575377187899 0.86626517502214184230 0.00252821843483824055 0.00230884120201883900 0.00040012687796522163 0.00864709151342138091 0.00052573119584308045
1	0.00627576519811505387 0.92550649803698681328 0.00625036453760074388 0.01262276686242866201 0.02059891631952450591 0.01373335168931620782 0.01501233735602747893
3	0.01023656584922959939 0.43414402936690354995 0.00912091911722787141 0.45390159854130363026 0.07682425557385258452 0.00454669505651977574 0.01122593649496279010
6	0.00056529372840641030 0.00062730983279586574 0.00299617381739335697 0.00094247455271994707 0.00848253189547709154 0.00366546832652892875 0.98272074784667828862
1	0.02891332398748308607 0.62928983344739752859 0.10600670630145998807 0.05946449234101575110 0.08304426561971782472 0.06220724230040339947 0.03107413600252280361
3	0.01469364282174989017 0.02911456077799509309 0.01182275950826596443 0.83545233199365576127 0.03961229813841041225 0.00892124794936121485 0.06038315881056136730
1	0.00033666138148001840 0.99555206621587333249 0.00099311369276815697 0.00174107266738304203 0.00015577166721313026 0.00119465152697547663 0.00002666284830691301
1	0.00231551687075363076 0.97152070827842929024 0.00086227358623254687 0.00560104179687813310 0.00051325556687751520 0.01632044789248314823 0.00286675600834595048
2	0.02149258523104292246 0.01327720619312241362 0.91901943017546061654 0.02033464194964542879 0.00419568973192972067 0.00543182386969567974 0.01624862284910370130
2	0.00025222739193302910 0.00051064707370476292 0.99348055047065153556 0.00048313726774393999 0.00346266712737842075 0.00137851204511719723 0.00043225862346983867
3	0.00373721516888759478 0.03724675385371353786 0.00056793510732928065 0.95778048696827433606 0.00013799212802217229 0.00039848918051218010 0.00013112759326044140
6	0.17334880708610378441 0.12040533444385885520 0.03223975463673105224 0.09568372924235551968 0.04522677711445505233 0.04813729095814380660 0.48495830651835186709
3	0.41075261932543888355 0.00786362796719448746 0.01053753064537622276 0.42789567080083451556 0.11507943490681209198 0.00696573148002050616 0.02090538487432323095
4	0.02863464278215008263 0.15714058495591684550 0.01854379066293405237 0.06359001005996102462 0.59320064229850633097 0.01639666752893918777 0.12249366171159262184
2	0.00068005699052935218 0.00265073515291401303 0.97558957376553079310 0.00678344385221301988 0.00440753730313864309 0.00662294755068486979 0.00326570538498945030
3	0.02424305831413067075 0.08796058264714556874 0.01479650865048403631 0.84627940176469196309 0.00293950490485476827 0.02332038540620903766 0.00046055831248394499
1	0.02618190211073351606 0.64361503096378014366 0.01511509512846481718 0.10438449562742654897 0.11240360702138847693 0.08915499282077407606 0.00914487632743276983
1	0.00724098016686755379 0.80864164562386409152 0.11291334058275398489 0.00696583594022156648 0.00798918556216758960 0.05408857190708924595 0.00216044021703605061
1	0.00076647662265122538 0.98571041134767745096 0.00682622036822223312 0.00468984902303564224 0.00029975754733694286 0.00090350840551453994 0.00080377668556273231
2	0.00532489307114505320 0.10464579588885165873 0.86008475667109107743 0.00378460254112668011 0.00112692104632831761 0.01062523454328358034 0.01440779623817307897
1	0.00385935338519713400 0.97698156490665544194 0.00896424053068217361 0.00389677454990431174 0.00458147577684098195 0.00121326819838415783 0.00050332265233463819
5	0.00572150530791626106 0.02735298123097567452 0.03328265363410107952 0.00120192895450404167 0.13274274726652565692 0.75156775030484102018 0.04813043330113626200
5	0.00959733394869206544 0.01267453113790755446 0.00313404774430965909 0.00457902219829143999 0.02829765830452416614 0.93686241083962074061 0.00485499582665431528
4	0.00137917166973432529 0.01553912602023000723 0.00044466909100626228 0.00251629966426211802 0.96094017707293699626 0.00327046175205684053 0.01591009472977420597
3	0.03717877821327846000 0.16817340656957557865 0.01268594197672991662 0.76243237758436177565 0.00108847488042875190 0.00883590115583713677 0.00960511961978827503
1	0.16236300872753769986 0.33178517081284991663 0.04524545770582687892 0.07346894347837157335 0.15285849267101064841 0.14472461442073447646 0.08955431218366874391
1	0.26442840981807891332 0.29750454312533858303 0.05182505706476907281 0.23769503230326810561 0.06233885798003711842 0.07983482492264941388 0.00637327478585896726
1	0.00327717737101454248 0.98523187099130948852 0.00059168338878294515 0.00980508486941694853 0.00058187768459247002 0.00034416751997772997 0.00016813817490506666
3	0.00289020237410190107 0.03769808283178949920 0.08584885444291799617 0.81616870619265879938 0.00941987558303808599 0.01267561544238593116 0.03529866313310804637
1	0.25212450860671203889 0.43823247717842905846 0.00711022663337928292 0.04178633009381694380 0.16465623704269849448 0.08475662484591693635 0.01133359559904713494
1	0.00972684780816951595 0.79244727581763763080 0.02643538495233822838 0.05930041785168301688 0.00598464374694799694 0.09799693252722366243 0.00810849729599922783
3	0.17717502349409217088 0.37061340269711479101 0.01263914124723755118 0.40475839951687919704 0.02260697047764052142 0.00410070938271700925 0.00810635318431873232
2	0.00004834642783758833 0.00910959729607426286 0.96141193410822300969 0.00056046137232788201 0.00019717801220411923 0.02866213717582100778 0.00001034560751237053
2	0.06898939326277300776 0.08994022386651714940 0.67088639710010367079 0.06957072621143861602 0.03998574516578319582 0.04154845480978466843 0.01907905958359965709
2	0.07231008688062974532 0.02700905749230471040 0.71301383753572833424 0.00456664720815944027 0.06592470755501408930 0.02700196320707942341 0.09017370012108405497
0	0.93000029876432399600 0.02399328924185611597 0.00549991402753880441 0.00853706791105170171 0.01416176083122627077 0.01363575103132377668 0.00417191819267942899
3	0.04004972158000414534 0.02587256357178477004 0.00438923331927275600 0.75971082778823251225 0.09298069709008434380 0.02722049665604848664 0.04977645999457312037
5	0.03535010877614883779 0.29696839561760191017 0.02079764463840109295 0.00663180360393579409 0.10488472290587545765 0.40933498000452661625 0.12603234445351016446
1	0.18050696641326574587 0.68940724658139185266 0.00541424395916137967 0.03050369843247389273 0.00558387583142400633 0.06500119557371113188 0.02358277320857181392
1	0.13988648211128670851 0.43614235957671371180 0.02009767716806412988 0.06171528908315194323 0.08132796163330723027 0.01724963158389445500 0.24358059884358171376
5	0.00139224307493045381 0.00383524485610571694 0.00628582025791910980 0.00746648943673099575 0.01114137139839209249 0.96714090591121670837 0.00273792506470545757
4	0.04265187049791683421 0.16394229198822268811 0.02692139678735642680 0.06918023741838733032 0.49581574268076733514 0.00648487190234638914 0.19500358872500297980
2	0.01059091943776660147 0.00577088307657654467 0.85065288375000802645 0.00204742461399991900 0.02122599904608664725 0.10130507592401914729 0.00840681415154234495
3	0.02231903715331087432 0.07488497612204524090 0.00072656834879028477 0.89633506445245081373 0.00267783612392328207 0.00224374990382851915 0.00081276789565062305
3	0.00140145724212603824 0.00374472036714710872 0.00547031862357707024 0.97668812340633870406 0.00445507991318805797 0.00057739032235907173 0.00766291012526429567
1	0.02444790369224083063 0.63660494375946796719 0.00584860194427108248 0.27822601862215790014 0.01352157335991099885 0.03042366159938134085 0.01092729702256948522
6	0.23621607290955842773 0.23180178565976883309 0.00668872976876272105 0.02844226205347377689 0.20548714303371173884 0.02062186489356004210 0.27074214168116439438
1	0.00001219810554170171 0.99984832991947425462 0.00005961583214409674 0.00001669709441420186 0.00002926227372302353 0.00000876200546874238 0.00002513476923462719
5	0.04736769012408409418 0.02565859638113395652 0.43066555171165821214 0.00123396029997704872 0.00054358328722675555 0.49370839693116236324 0.00082222126475745634
4	0.12485881273937052272 0.07999930842758763705 0.18111374908772032155 0.05950248205621470193 0.45384671289237443759 0.08375378461944724129 0.01692515017728506155
1	0.00079921305993751416 0.99882821649372066641 0.00005236220472433536 0.00007488289338869643 0.00001541576113202290 0.00022070224617500009 0.00000920734092237789
0	0.37356368610932227936 0.12909702841283196562 0.17215759759967849685 0.13732058747372696828 0.07566428646192507879 0.02428900673433324539 0.08790780720818187899
3	0.02386921996012007427 0.08214458821756846774 0.00880081318230542184 0.86411339914299067910 0.01057174009396170261 0.00386470461140010334 0.00663553479165383125
5	0.00377230585356652746 0.00339540959426177548 0.00475127934496396339 0.00857154639069725340 0.00025194127647036981 0.97917614202735459017 0.00008137551268546461
1	0.01830244431093108748 0.84043180661464200742 0.01445391147387653855 0.07071278883620057965 0.03866307139108040442 0.00501846434035327100 0.01241751303291610369
4	0.11983098157115860960 0.02284361986621214965 0.01014026340927033816 0.10465733801029017402 0.45580198703259877657 0.03459103600661972422 0.25213477410385043420
1	0.08111826728386671570 0.28388549564266263303 0.20602803605674641085 0.04529534268779870920 0.27646278015804337524 0.08388253471400058947 0.02332754345688124731
1	0.07478968289880129350 0.64902923797652078974 0.00795339215543061639 0.22835962082169419807 0.01118283153298345323 0.02153431262513578331 0.00715092198943406525
4	0.13400306467051112391 0.19243792904595369286 0.01580060267642058661 0.01060756662100711435 0.36546014725651138066 0.27437357710383780685 0.00731711262575790011
1	0.00928417784180394015 0.90092220682006629584 0.00110541584381757029 0.00030538615140508486 0.00016377767039633527 0.08759291582510922436 0.00062611984740174769
6	0.03188904839141812331 0.00362278969229051524 0.00921919945241809688 0.00195248530269677423 0.00217180326915297631 0.00446458546387292279 0.94668008842815076775
0	0.57562185050552017174 0.25498146067264632064 0.00959295268615009342 0.12128082567750764209 0.00727686365176082213 0.02982721633281606999 0.00141883047359914519
1	0.01558182844049148599 0.97167586462348387588 0.00178970700537881130 0.00491420841485725856 0.00369196066773040199 0.00095250850740366078 0.00139392234065535670
1	0.10994327091673451735 0.34880843621090296125 0.07028834233851512237 0.22186844669075106440 0.15570632776526605046 0.06808793761372494702 0.02529723846410512206
0	0.81106735923895678653 0.06486755921726998497 0.03292910258404414120 0.03095616370041978649 0.01580880920109672960 0.03710072283504690926 0.00727028322316563246
4	0.00162608121009661451 0.00484179900018099837 0.00077284660139596362 0.00027767557544285722 0.98686317693829728181 0.00300761885415233663 0.00261080182043441685
1	0.00769340843151108435 0.27851541431808335414 0.15447014721247490088 0.14877426578440436367 0.12661081330855247784 0.00740412227398492499 0.27653182867098802244
1	0.07493758664800612146 0.43070197065264642644 0.02964656437843413497 0.14832221213396748483 0.22318133189603547861 0.02599909362791504031 0.06721124066299530297
4	0.00241437592532406028 0.00571583294643657029 0.00033238470180721593 0.00021502197792201241 0.98000379830098316436 0.00442970737484092193 0.00688887877268627193
3	0.00098472721809011901 0.00250119111769001208 0.00130542181518735270 0.99504009961600958789 0.00002441036320346165 0.00011103517483045497 0.00003311469498867792
0	0.96966262594360452809 0.00092962369399905546 0.00019409884919790074 0.00061524461392457516 0.00132278713359820538 0.00045865298258277495 0.02681696678309281739
6	0.04800647483963245421 0.04210447900784516917 0.00590057326596375373 0.01388971129677238868 0.21300283107269396554 0.09802710178022633336 0.57906882873686571500
3	0.00027278463795104549 0.00008965497907681151 0.00048882556488666503 0.99911724511230015633 0.00000832911648881696 0.00001338307945416044 0.00000977750984317943
0	0.70485874628854272572 0.19666700683216983836 0.00523817934144012870 0.00941055989662139929 0.02978534616178896144 0.02726821397995990437 0.02677194749947715488
0	0.77125770078570454746 0.07497664124297261090 0.01025191870300019327 0.00768754157435678175 0.02609636734507305919 0.02473187957145678989 0.08499795077743602101
6	0.12197192625819545941 0.18862341627752510220 0.00646584161269294754 0.00612043622909381590 0.02909821281324797421 0.01276274936025802859 0.63495741744898659409
1	0.00203352404268943411 0.97376582827179347657 0.00892512341124151835 0.00199104255675184531 0.00014052880594618249 0.01125438202886274233 0.00188957088271408773
1	0.01638293039743291338 0.92675665202324120084 0.00812827156216307592 0.02349946169956688286 0.02023703704978308676 0.00260976180713767218 0.00238588546067588624
1	0.02491793114311886131 0.83419666906074640966 0.00901427339066169196 0.10944193620422880409 0.00360075663910621640 0.01687709475792485703 0.00195133880421293881
2	0.16635236818874341025 0.25895328744881285221 0.29227975930920091496 0.03393519128830297521 0.14586998576742030154 0.03978115432101266002 0.06282825367650704540
3	0.21862705903131299245 0.01452541190414795291 0.00088994923095634423 0.73765795130918010436 0.00790389908609818309 0.00636942269451224244 0.01402630674379214473
0	0.94838733682694764671 0.00363204144547435957 0.00438288131372238307 0.00444552256923320000 0.02463705047030868150 0.00179977719030941343 0.01271539018400451478
0	0.93437861026265001119 0.03216911151917352385 0.00118357489584825664 0.01022578075261408072 0.01777068053537006129 0.00351740788099794447 0.00075483415334634345
2	0.11982003489216859482 0.03860536940679721446 0.79947641411664827071 0.00284439899027316614 0.02460390579117699775 0.01089651523734757634 0.00375336156558852023
1	0.00210247325205591661 0.47651564590673578525 0.34980599056085004417 0.05829916576956137297 0.01127389330107418652 0.09456979950679136881 0.00743303170293120076
1	0.05400541736442243668 0.38486571742175601507 0.04509567298359400817 0.23565277834148665170 0.13625455656912627278 0.11421621892139793841 0.02990963839821717679
1	0.09239451075471111219 0.68700353288111681849 0.00444341360871524163 0.05138180872054370213 0.11410748745183392494 0.00677745206808158963 0.04389179451499700818
2	0.00813322691488075657 0.00368408657140531894 0.87580520186440768970 0.00062684863606957966 0.01232149199499957791 0.09732062542984507014 0.00210851858839299425
5	0.01670251991748573916 0.26223151868196542535 0.00421618252536861467 0.00203700978919746064 0.00317649942648959727 0.71087460228253673833 0.00076166737695577448
6	0.07710416860406216211 0.07533800003645987897 0.13897350649237893983 0.00947644942473476783 0.02276177225203194002 0.03179713598517967810 0.64454896720515275632
5	0.06563173296371409282 0.01028365814995176389 0.02147303504609463648 0.08085353126601774187 0.10802360619322390334 0.69304963967325294849 0.02068479670774507270
2	0.00085032620302751818 0.06557858010582491570 0.71264755342049379561 0.01112165660149458564 0.14544603158929839126 0.03103745329969800210 0.03331839878016271822
1	0.00041983407660841634 0.98128872635942743230 0.01024706451102570803 0.00185588524666878830 0.00019651348454751070 0.00572648814273957630 0.00026548817898304321
2	0.00128858892812984014 0.00148658943165478046 0.99169560493295738635 0.00223489546308935265 0.00226571475981657451 0.00071352604841603325 0.00031508043593542217
4	0.01169022860899557141 0.11755097841464016983 0.03665224103922648524 0.29979207449410161246 0.30336119497836505632 0.12750162992832064779 0.10345165253635058011
1	0.07876106017489971356 0.30104568725396263495 0.07679320781627030357 0.04010221798971012885 0.20056912577058472191 0.25498618446334114784 0.04774251653123082889
1	0.03351314991408455013 0.53717759012544141761 0.00623022293358150604 0.01282143318271578014 0.38626969364736185586 0.01846448721221907729 0.00552342298459596731
2	0.00000658784995761433 0.00006023954275136110 0.99978809051497574689 0.00004045625791000896 0.00003362215938284104 0.00002227470974732577 0.00004872896527558118
4	0.15751515013679878718 0.12647193116109364808 0.09334233764468999328 0.19648785923263398234 0.32637722361882665068 0.05956262630328966468 0.04024287190266750969
5	0.06575645314329668645 0.35787902646147889962 0.14272764237933052711 0.01983115414817785901 0.01147722183321006097 0.36959992654423495795 0.03272857549027095164
3	0.01673423197020566106 0.01841417079714353922 0.00762866179895496741 0.95434282404754122719 0.00176840306684284071 0.00049159496963262640 0.00062011334967909649
1	0.02389915227185838986 0.92668640445818595275 0.01594846801198178399 0.01325346028649702218 0.00373091067800916535 0.01588064035740185953 0.00060096393606610119
1	0.00642359437639765819 0.95517774016021173011 0.01676568525823931774 0.00029492866261092730 0.00112261572578187512 0.01924864277364295856 0.00096679304311475056
1	0.07568755200277375861 0.69713190126652291312 0.01969036841119592082 0.00397971561035644159 0.05897964897589717814 0.04173395497735762211 0.10279685875589582300
3	0.00648856809553355080 0.00183794528412234101 0.00350028634356456094 0.98176219837321732076 0.00132479907452973415 0.00087741873644480654 0.00420878409258833297
4	0.19270731151194692155 0.13319660580134648487 0.05702111894801092928 0.12511782493975687203 0.26275596239891441108 0.01442793855591574352 0.21477323784410870533
1	0.03182311579734353052 0.79761451413845996239 0.01690266055736468209 0.06976175644185272917 0.02105359474719304888 0.04222453456021861562 0.02061982375756783031
0	0.83472160041068699243 0.07849354399394356530 0.01736583302843109494 0.03468271788633671415 0.01177035033070449564 0.00933952157954818889 0.01362643277034909436
2	0.03344187364424729830 0.03552955871906896684 0.92220375257436471017 0.00453224805736627667 0.00136268462001710262 0.00209119315690646989 0.00083868922802883496
3	0.05283757207459312960 0.14399952529272103119 0.00115799498868403663 0.75857652990969570705 0.02539352914481587606 0.01326624063541774826 0.00476860795407240724
3	0.00038892398661106200 0.01067187785764703994 0.00051188830523129082 0.98628787310879140193 0.00049623887290661979 0.00095106046650588383 0.00069213740230659440
0	0.29917438769515886099 0.25452735247819108233 0.03868148489369570286 0.28772330498558607026 0.03135396565676690922 0.06261917752746415378 0.02592032676313698811
1	0.02082093582981148217 0.85023567750675999033 0.00314861723768969847 0.07582779032810683939 0.01442850863283344151 0.01197069355308730959 0.02356777691171114270
3	0.00846903958336691319 0.45110987217237524805 0.00359657694320949118 0.49825976894984308485 0.00224562533628059127 0.02190212383291877465 0.01441699318200627411
2	0.00155227107491504447 0.00280847059266384159 0.92026987061305409732 0.01280521041434990424 0.02615136713981440139 0.00668624254215300848 0.02972656762304836872
2	0.00013525880143226099 0.18582315980442556946 0.80506446805167519720 0.00641334973285530123 0.00012757458697600847 0.00218104496473868568 0.00025514405789614557
1	0.05538579192274685481 0.84874086334164866585 0.00975207167480967273 0.03846085377365683622 0.00149966022768079858 0.00174986263781393516 0.04441089642164398194
3	0.00211716726921563989 0.00076193459162871816 0.00027866425112658283 0.99614810500523631731 0.00014149399480291902 0.00004065058722546702 0.00051198430076366728
5	0.01751279223174557684 0.03729868962455593073 0.01096982749365303655 0.00291489277054102994 0.00816752987723493550 0.91962656238987561252 0.00350970561239404618
3	0.00009442956939372378 0.00363884432648660860 0.00142051864976990125 0.99351822425814395601 0.00078941386270086321 0.00006414279099291481 0.00047442654251197248
3	0.10247340408790193977 0.17391628699041561390 0.05321564644557776752 0.53461934966114144085 0.07458715370613294704 0.04833593643909169651 0.01285222266973867072
2	0.04682217955779302554 0.04074646972478271345 0.73622265412613230318 0.14630272227819188235 0.01262173691932018740 0.00744097174312134072 0.00984326565065872516
1	0.00342075510915086688 0.94282914807628714904 0.00747949796146590330 0.04035591313720221507 0.00100942256171760803 0.00081274637033641457 0.00409251678384027744
6	0.09279306345503691988 0.20276794662141492398 0.02955915162211314104 0.15559595124335853789 0.07481174387965676409 0.01779772678558875706 0.42667441639283099075
0	0.99409277571057885758 0.00030561698012361794 0.00039076888032068977 0.00104634775016587515 0.00177889975271665638 0.00107728302281860037 0.00130830790327574357
3	0.03215024522792139794 0.12031669768360242490 0.09095840865668432251 0.62332169632159917239 0.06746427181227959702 0.03163382838461451657 0.03415485191329827724
1	0.00594534316198509858 0.97125420982857246788 0.00946713393041564467 0.00506364194608966648 0.00035477224142660494 0.00614361042105018070 0.00177128847046061359
3	0.17268503922446523657 0.06936809300723134619 0.16159656546190756532 0.39932825104932684335 0.07192101456740278287 0.10614201994584278321 0.01895901674382341473
6	0.14719041983193634215 0.00108205531533133760 0.00087486715285686365 0.00465219598574312561 0.01984718618768797904 0.00410469876814477039 0.82224857675829965409
4	0.04129536966986235152 0.01421236342294486879 0.00195922489389684399 0.00107162736079847326 0.81039673746257978593 0.00244365341612266069 0.12862102377379533436
5	0.00420486244958235677 0.01200098527237613601 0.01293597930896681937 0.02632819861455935537 0.04001316760716400883 0.89054905634179459817 0.01396775040555612094
1	0.00002299642137827053 0.99953745054048648289 0.00005207802206612280 0.00001498507916539771 0.00001254628314769980 0.00035671894119850131 0.00000322471255722981
0	0.64822188727919793916 0.02155874148203780483 0.04570187034507727092 0.05115942982668123667 0.02512439446659836192 0.03733700255401983109 0.17089667404638758663
1	0.01401248280526792324 0.46663868081040277280 0.00977797394728092094 0.10290302332236474225 0.06774746831624253729 0.14559243632717741579 0.19332793447126406239
1	0.08970394909925873128 0.72627209540774351204 0.01234181198577791357 0.07273378814804681847 0.01837516098915681698 0.07599238688962794974 0.00458080748038807578
2	0.02071943336765900284 0.02608145878081849153 0.92554705989499286289 0.00350414863049156380 0.01695238592055467106 0.00605459041488292868 0.00114092299060116766
2	0.01063186179995066934 0.01279991495621382418 0.86881015042134068782 0.00344716129763168429 0.06369482779282802098 0.03752259795020225497 0.00309348578183372058
1	0.00044960899265147799 0.97423133231979808233 0.01868853548606634260 0.00384609742546978281 0.00024336638729275848 0.00129823847609585518 0.00124282091262591966
3	0.00074394843710016403 0.00503516781528663779 0.00120039691038738880 0.91682083330945329802 0.06718160109649184975 0.00820987887942563853 0.00080817355185436128
1	0.06600675786671604539 0.40697759722527659942 0.08294238802238709796 0.03291647545519876816 0.08922553159419403801 0.06487883043316254594 0.25705241940306483572
0	0.49926562868970292275 0.15017000265264032755 0.13674002143795671582 0.12560484978941705014 0.04193388173102819555 0.01171715101359155353 0.03456846468566312364
3	0.06489765411946789297 0.06372769578452991412 0.02093970286687965240 0.77150989690317062220 0.01906981472059537941 0.03187577825879427812 0.02797945734656219138
2	0.00174712600036594718 0.26515039113764643508 0.35338467310063798044 0.01289334046289083817 0.12637282963038037886 0.00384241868626274390 0.23660922098181508266
0	0.51485491747919920336 0.12497269204413856414 0.06656386035136187262 0.05729394326455895803 0.02539567779668477215 0.15850457227981010200 0.05241433678424664566
4	0.00591939495178472365 0.04005897164693925094 0.00309444091079594990 0.01064685479035357499 0.93511390616822631650 0.00153696210144616202 0.00362946943045360047
1	0.00689436685952515404 0.98839999527065369733 0.00087931305025570558 0.00157320240935172688 0.00152274578702238416 0.00041491158964309543 0.00031546503354831784
0	0.39815974388359692826 0.15892098951991981415 0.05588009468885377778 0.04801341808336198613 0.13830711867578274199 0.09848827176719961163 0.10223036338128536904
5	0.00427837007267517933 0.02819161594907136983 0.01563723897266577900 0.00586108235607228547 0.00228224528406128580 0.92733607262997386211 0.01641337473547936979
3	0.00305871088704855968 0.00200797216248742739 0.00267229984116573553 0.99026848623919627723 0.00150361382804368071 0.00009586196413637669 0.00039305507792249171
1	0.00883758455361821800 0.97070889442393859525 0.00023183398980720037 0.00466978117287199061 0.00116426223194460057 0.01428892571740017665 0.00009871791041894413
1	0.00106357406184349958 0.99345484390595795166 0.00047736482222596177 0.00413900070901408994 0.00026960114798402511 0.00056349232358113646 0.00003212302939432170
5	0.02481558720094815401 0.01085152153467483158 0.00219892784629235590 0.01390974554429328172 0.04348133391307778400 0.89418380015024900853 0.01055908381046475469
1	0.02359402814325747486 0.83357335788113917641 0.00508428633303905069 0.02569874362303719434 0.00733241056637858220 0.08590981350726835386 0.01880735994588018933
2	0.00138518637457317895 0.09015292532260378577 0.70960893557704129986 0.02178189213142226605 0.09913307478409934259 0.07366650001260248437 0.00427148579765818538
4	0.03204939530787219437 0.10549055298518687784 0.01052017189078367256 0.05761334761088581641 0.45844652864034407536 0.29701974436934752699 0.03886025919557976188
3	0.12917484547721205801 0.10690739078143396412 0.00115981559327175965 0.74077766086106977550 0.00344759036567087720 0.01355852738620641484 0.00497416953513520489
4	0.01422340085085890306 0.00674268857202791044 0.14525857977668399368 0.01697038943861266594 0.71989334994877440810 0.03579599902274409329 0.06111559239029776269
2	0.00022530698410630140 0.01021987535167817422 0.97388079848944364425 0.00034367151534791060 0.00040143718811275474 0.01294694422248086028 0.00198196624882996872
1	0.08818860399812387951 0.84233133124914849610 0.00553733221948984802 0.00924611141898719520 0.02481532830778867063 0.01829793131209532173 0.01158336149436646305
4	0.00059333525446571885 0.00221403733379943067 0.00007816272095336796 0.00005922323519924611 0.99476627017746144244 0.00071766021786065417 0.00157131106026101898
5	0.00003162351133142314 0.00102044953257992383 0.00079299317595791510 0.00005890056550021018 0.00087405921963537656 0.99689970792161353152 0.00032226607338138195
1	0.01303288926672132447 0.92154369677940917160 0.01332020825368899347 0.01007912075148337597 0.02599528786605694031 0.01142071632693760289 0.00460808075570312385
0	0.98280619761074616836 0.00553649280616667298 0.00145884864041036949 0.00341096063109667643 0.00445049588045408513 0.00043674560935041441 0.00190025882177544559
1	0.04182887680226309718 0.49196649818544085919 0.01347977161206243696 0.14771346039903970881 0.03049631039686331174 0.17333445485347914738 0.10118062775085157057
1	0.07289241553874241386 0.54093203791946298242 0.02094261932144596272 0.31513430337668479897 0.01556305484907645302 0.02775076138884248478 0.00678480760574530842
1	0.00106750839932496220 0.98807386891248161209 0.00419906848173675663 0.00133322687237870667 0.00121616559489846768 0.00288581610425265710 0.00122434563492656787
4	0.15610338288534297835 0.01359888396823096153 0.00712836245796629690 0.15039142027425880799 0.48848942053359234450 0.16739141210255256698 0.01689711777805583473
0	0.77723775641728320984 0.03350970213642852358 0.04761159958751788601 0.10885166407772474406 0.01036505305870202842 0.00697555483994722475 0.01544866988239640936
1	0.00446286550796084428 0.99425091373536156336 0.00026466742621270587 0.00033731865296208297 0.00004308504765689225 0.00062696692456386488 0.00001418270528139235
1	0.00138769025978156303 0.50149132028628262692 0.42138958420013000739 0.00322571711219108315 0.00039482229118140648 0.06839294611667913470 0.00371791973375414650
0	0.44463003847129067836 0.02962463079393541990 0.00719731882147507142 0.01023467977948446135 0.05951832288717230635 0.43050785761220555781 0.01828715163443666789
1	0.10650670085259857089 0.48615064975507421563 0.05486604012746681275 0.23812328281303593580 0.04774820824914961792 0.05206129025875862182 0.01454382794391596498
