6	0.19059778522530490541 0.11396145379781309759 0.02742175810407864942 0.07976032791034358416 0.03354869686628522696 0.14741897270837064915 0.40729100538780399487
1	0.01947305135453374428 0.87809996849112370576 0.00632727829563292567 0.07128755781416164228 0.00277727586561245634 0.01012328067327736107 0.01191158750565842611
2	0.00465152613398749949 0.01889663291087382083 0.93937482438378072658 0.02645694940510706986 0.00274085280878786242 0.00595531777769909253 0.00192389657976455779
3	0.03397471568905918726 0.11744897490945724328 0.00264605675130375525 0.84053765533578772562 0.00027769145335214591 0.00313351583018408068 0.00198139003085634913
0	0.87220916386462576941 0.00098830964267438001 0.00250509710345998620 0.01925023933069061957 0.05716745137978126307 0.00023664530045384367 0.04764309337831414831
0	0.55923668377839808041 0.01510316915993632769 0.00256222979340296276 0.00928340343678997482 0.17717712040128785755 0.03753518769621037865 0.19910220573397460764
4	0.00072544810577324602 0.00850552260532557065 0.00047560148019152557 0.00494980465376233109 0.96701247355504094116 0.00006741745628720151 0.01826373214361906930
2	0.01541823418081363258 0.06912331241742619703 0.87165139523542756184 0.03042916993826583899 0.00411526709091993535 0.00706108742923360327 0.00220153370791346427
1	0.00639178983385233716 0.82742714973324216210 0.00045057617205850178 0.16164094114321553297 0.00225492629566576832 0.00076176803555144668 0.00107284878641442571
1	0.01219131038492167300 0.49222148691292355593 0.07728838485153272098 0.02211457365789574331 0.16770675684804073335 0.20406889250266191382 0.02440859484202335949
0	0.40261160483881891503 0.19060309378120132706 0.01479969090543778627 0.04564109738011846301 0.08677707354186210698 0.22049399852848400316 0.03907344102407736552
3	0.13264189143752383448 0.00544063571086282009 0.06140508711036469364 0.67344140978383359997 0.06205376385899315228 0.02218459261350995762 0.04283261948491192544
2	0.00373056160038650860 0.01697631798127289399 0.88967086826969421498 0.01377606756435520441 0.00197199228549979752 0.07357042670946924157 0.00030376558932252833
1	0.01057995479845619952 0.97536733064722191955 0.00057371949034080647 0.00709414167437782527 0.00036706225406290231 0.00500201246374009419 0.00101577867180005109
4	0.05845249718242855053 0.21759364315569262871 0.14256658052214163379 0.00645262005664911428 0.27359956682100722292 0.22812289433902391278 0.07321219792305702634
0	0.25872938041902132644 0.21040846686912340058 0.17938722263015871583 0.16953954877180718586 0.04794526522573180904 0.04119093504487963270 0.09279918103927799200
4	0.03111758564948587796 0.12045524612035840573 0.01484763393213737320 0.00164918202245937042 0.67677719966404281671 0.05420782697892557317 0.10094532563259077385
2	0.00297711053088044707 0.00492010640207140009 0.96923480710498943758 0.00055045154614543138 0.00075768137935408022 0.01901514425135240535 0.00254469878520757189
3	0.04752016484604654895 0.28952446593198116753 0.03447527037341497486 0.38487835466770675685 0.10169883068671489723 0.00537861620973100266 0.13652429728440421131
1	0.00007628680664798542 0.99565627708386528205 0.00023825206473607676 0.00329342789017122387 0.00010336383980256587 0.00015851026648648259 0.00047388204828960220
1	0.00236856314763232885 0.95935200822412469712 0.01530718923195546234 0.01128526913945974985 0.00033062251951539889 0.00935078099727126681 0.00200556674003964661
1	0.00046137194854851965 0.99159602253813883266 0.00121764918530405976 0.00142577023133633727 0.00009744685237521368 0.00501934684011928756 0.00018239240417815557
0	0.46795617647479559320 0.05320880475933645326 0.03872803291226965816 0.40004153046927121151 0.03026780999592366961 0.00344081943981996595 0.00635682594858339323
1	0.01135707817095397282 0.83667704760534133968 0.03694270529058199526 0.00815519454312992401 0.02981958156034153137 0.04267067041453693338 0.03437772241511377613
1	0.00043869864067322260 0.68736698968822385059 0.00353193641874247587 0.30530745250344609731 0.00068665811120750657 0.00022720228092766527 0.00244106235677858706
4	0.01260233682398159520 0.05885218888011926885 0.02083933750531029652 0.00393504959101655463 0.83606930441620841421 0.06604626062424773236 0.00165552215911632145
3	0.14976895582319871281 0.04161474033417422724 0.02761384686129534499 0.74150972073630350145 0.00160054050908221769 0.01421998245771773778 0.02367221327822857657
5	0.03095789884818796883 0.02465016504382050097 0.00163580634837706988 0.00149900630808948165 0.17950642659104351639 0.59442353234405043150 0.16732716451643139810
1	0.10792391033225032237 0.83216394139014826514 0.00456208722458778960 0.00369854450715399090 0.01751826973192613726 0.02964566443577994898 0.00448758237815356786
1	0.00257814259937696934 0.56648484815312782903 0.01607250011265407355 0.00042821742050762411 0.00716360523994606386 0.01520559765446141166 0.39206708881992557991
3	0.12379335426390417063 0.02392128112428153555 0.00673196151188148757 0.66266141901964914496 0.15857919042445944857 0.00025663580675670572 0.02405615784906734583
0	0.49759434770943078430 0.04421519367797579342 0.07282912483995850061 0.24137545522225345440 0.03005524044213118973 0.07192034694342160084 0.04201029116482874609
1	0.03487361992853340448 0.45710291988751655667 0.01969515995080757531 0.17322699471920832703 0.22421429284326790943 0.05814022759074011920 0.03274678507992578869
0	0.63100374603306474963 0.01968312967225324672 0.02763827336483109728 0.23574634393817331390 0.03606558707298496147 0.02344591932480297181 0.02641700059388964877
1	0.00496121120287943643 0.49712070100095162584 0.00662800050987612677 0.01130969685275650359 0.00989626585427751462 0.46212994422027897645 0.00795418035897997068
4	0.00841024875891499893 0.06775495362772585017 0.01045655159069493016 0.00252164591430439986 0.87700029720780547926 0.02890680174489588389 0.00494950115565863033
1	0.00098334651875979506 0.96656733867849642383 0.02809420502372938708 0.00057772003316955260 0.00031425627049296283 0.00188830731244252767 0.00157482616290927318
6	0.00615925796924259028 0.00060998768398997077 0.00163703430132322472 0.00050808942986356345 0.00019994724004296303 0.00177692400830716944 0.98910875936723019475
3	0.01751863136646684277 0.00178282567286690199 0.00446945047038327121 0.97330612143441153084 0.00040880962265560795 0.00105019074953773927 0.00146397068367774765
3	0.04110316048360018043 0.22148024913285918602 0.01751044598385082668 0.65457142527123102216 0.01854549264202499936 0.01320746579154835967 0.03358176069488576221
0	0.99643431100651325139 0.00080714257499944330 0.00018473594767283438 0.00130915979850964605 0.00087417401511203686 0.00031114331989840459 0.00007933333729426287
1	0.00407219792483313765 0.83575245532969533180 0.07919153993950772685 0.01767079959568521388 0.01782077255301146509 0.04500760027724041989 0.00048463438002709688
2	0.04899550372195665693 0.14533411599332629605 0.51119227868344552235 0.07186536500880058576 0.01463628556135240094 0.19223087362482121909 0.01574557740629691296
4	0.00471449074778810748 0.04399823907411003210 0.00628549856357644293 0.10634562325478345846 0.77356165433384593832 0.00722741174177384503 0.05786708228412213578
1	0.00434690149193249845 0.95136924786307452973 0.01408489798332007714 0.00382562450333840277 0.00110995236057694503 0.02443240562063046101 0.00083097017712689214
3	0.00492721671562323677 0.26776542434604289067 0.01446050702616966978 0.61913454386941113583 0.01251171155081945603 0.06077430122134273860 0.02042629527059082808
5	0.00082085117504085761 0.08123302292257264523 0.00254522413329840574 0.00005172540876401311 0.00314744105990187074 0.91206584613568764119 0.00013588916473454462
4	0.00029129041703491944 0.00138514724516516116 0.00025483767920232497 0.00191950604329362159 0.99296542387311548250 0.00003836057422938029 0.00314543416795994317
2	0.00962510438128598780 0.19432943889677900540 0.75506939139700646191 0.00084158962420869527 0.03158122371110522186 0.00573997671373876854 0.00281327527587553342
0	0.73470399330548752381 0.01565980176076450098 0.00281786820227807001 0.23622581212006296680 0.00220934257707539614 0.00505191727860993759 0.00333126475572150579
1	0.01738724806637921214 0.82652087302297372329 0.08587554684601535204 0.03824588057945516734 0.01186699785284849561 0.01410708812360393118 0.00599636550872414444
1	0.00168041830129887987 0.48830326936736240251 0.20738589605911769698 0.00057259575608508556 0.00126507692230475944 0.29332786216766804088 0.00746488142616315384
1	0.01049106602156534354 0.89889717894302778589 0.00167624552775513954 0.05222274879959120514 0.01133979416520334259 0.01337132072582285398 0.01200164581703392665
1	0.00436792149457283351 0.73868257401523418348 0.11367512476361847640 0.03540736455084250722 0.01313584901214444496 0.07709417867003590108 0.01763698749355176176
1	0.00195645861799402781 0.99181077509343074095 0.00077994821852583028 0.00403649134438314409 0.00061370640432932794 0.00073280512059821154 0.00006981520073965691
0	0.83967420156301830758 0.04783991849912359179 0.03583627448412569916 0.04358019583869118113 0.01461841248496001215 0.00430329802005635642 0.01414769911002499055
1	0.08817734329245298375 0.47273525745164629575 0.10296750733930648547 0.05353075305222426000 0.23957561982647396226 0.03066050399864931816 0.01235301503924705543
1	0.02694375309316980605 0.85880545276766628859 0.03616856234132256875 0.01395853929899049453 0.05242949228272083401 0.00775594409759607258 0.00393825611853405345
3	0.12054766841014757928 0.04042380293515617645 0.00404918703674390663 0.50108289446821596691 0.30576436036777471239 0.01343108056906516627 0.01470100621289617375
3	0.00095316920241300868 0.00016123400996978496 0.00009407177538473663 0.99865828759867558695 0.00000990345485287717 0.00001655826568386945 0.00010677569302021568
5	0.00799948163346701248 0.44084796729014247285 0.03348032725559345335 0.00014252705249510113 0.00790492594384692264 0.50723594558178797254 0.00238882524266645791
4	0.00001311874207468383 0.00006314236785892104 0.00005177949717359734 0.00055817689491012145 0.99913782772232617724 0.00001894634311125977 0.00015700843254404224
1	0.15785302906872539230 0.59620899560878115597 0.06367511433496425566 0.00583038479997214330 0.16656761156766158871 0.00488569955207164477 0.00497916506782435184
1	0.00227669631843710907 0.74481936376214230577 0.00086069715248927241 0.00979389998249404099 0.00076503618849928278 0.00912840644792079978 0.23235590014801749126
6	0.07502822450645245389 0.05685811931231759403 0.00828063071305483629 0.00180730392470991835 0.02804721794215529404 0.00159970114710449355 0.82837880245420514314
1	0.05406811659586080454 0.46888972242518905942 0.02996583931021714470 0.03002917170385644915 0.09721599422134082069 0.10158749309299655583 0.21824366265053959935
1	0.00646994746690013160 0.55687288169848181418 0.10944714432569808971 0.00493742477032444241 0.13840236767520971983 0.01972036589933606407 0.16414986816404969483
0	0.41794711171521364834 0.23754093220246308427 0.02399194829407008331 0.29019351371267082529 0.00720908408664362819 0.00515416084420276636 0.01796324914473586276
5	0.00087685877884482750 0.08606475126418294819 0.01381798237457143239 0.00080724064806657445 0.00802773189357539919 0.88950325138458063989 0.00090218365617851797
4	0.38484460828344663197 0.01670936754668186572 0.01115404406708691426 0.00067564408397763592 0.40855632138699171652 0.12236107330920470426 0.05569894132261046793
1	0.14213735615076980578 0.41692870454362046528 0.01893608046100300063 0.31654294954046863220 0.01464986476390432724 0.08848119671724180568 0.00232384782299207898
2	0.00245459143154796956 0.00029486316620956171 0.99468586387874624588 0.00055173400270131239 0.00095801338230851662 0.00091496389727398621 0.00013997024121112879
3	0.38244925891662701067 0.09165556364400899436 0.00540351707273044497 0.47965868641338127443 0.01143977125097904966 0.02077966374802060409 0.00861353895425254375
1	0.11837455214032728545 0.87250969183898274828 0.00180979979176388098 0.00132440674795460188 0.00036293469519229011 0.00526867373371362087 0.00034994105206585064
1	0.00704418226509374162 0.92214509287467705256 0.00504210348750938880 0.01267210759186565040 0.01625113242228798729 0.02002060678942143082 0.01682477456914521774
4	0.02578116068618241732 0.12959011682737348048 0.05399726636594287532 0.11522491687715007147 0.51293039510670890291 0.03195090003202737117 0.13052524410461502358
6	0.00032528436066035630 0.00038010511560806554 0.00132813963569188660 0.00029750846035320969 0.00580830821293079787 0.00163965847941834227 0.99022099573533695072
1	0.03327149927693842657 0.65356986184416476782 0.09114711303759542860 0.05280145387907198007 0.07227375011280996742 0.06931840079097155438 0.02761792105844730963
3	0.01491580845331468702 0.03701749473976307520 0.00986089079685237985 0.79928776186119521174 0.05392065069476597444 0.00974142846471585076 0.07525596498939350620
1	0.00040881687397984070 0.99647551181502280748 0.00070728040067406469 0.00140304882129852230 0.00010562678790242533 0.00088349574804065035 0.00001621955308163919
1	0.00447733552522745076 0.97165395010542909837 0.00068455423649986101 0.00538480060543897968 0.00027394422375410957 0.01453586036068570640 0.00298955494296518137
2	0.01750870500812711297 0.00577275181089310224 0.95106391734845119323 0.00924378442871695398 0.00202511291719708339 0.00264149003436622625 0.01174423845224918141
2	0.00010142635841879024 0.00023412272520198697 0.99668858111887237428 0.00018256249589329883 0.00154693770628209657 0.00105759125268586884 0.00018877834264658815
3	0.00173145679191869070 0.02154726847200023540 0.00028302378177329527 0.97609013951942635856 0.00005329423888479391 0.00021780762827599184 0.00007700956772085855
6	0.23969973761559959513 0.13191101827861023699 0.02767254430404238186 0.06525639040130561119 0.05854549875203313158 0.04517111315752810746 0.43174369749088081782
0	0.42758315038457800350 0.01002245155535508303 0.00853752569488250984 0.41191498644856405775 0.10278090234507822331 0.00683318649964923495 0.03232779707189300383
4	0.02111230013174274570 0.12196730024215264587 0.01438843313980264250 0.06099927578159846514 0.54771243849325157438 0.01112745799837957204 0.22269279421307225375
2	0.00111342548606722827 0.00166455899453062041 0.97965312286256323038 0.00577264852268258039 0.00368012555744813476 0.00626606120848243343 0.00185005736822623596
3	0.03007773404178099019 0.16476141041331049397 0.01325657400873804861 0.76713847948367763774 0.00220400341615632333 0.02226947274201192609 0.00029232589432479149
1	0.01506350319484258890 0.68931658284016594784 0.01103868674460599560 0.10475623920886857621 0.09660642339680547419 0.07791451309919318613 0.00530405151551801516
1	0.00594769557984786701 0.82891779394768927425 0.10782808413507451173 0.00478794740842099220 0.00818694320414143847 0.04245101556465682296 0.00188052016016946981
1	0.00047903287372386784 0.99191052712901384147 0.00434134706412855117 0.00231598967197677334 0.00016262706717988054 0.00051936012145760338 0.00027111607251981639
2	0.00433536637399264610 0.08903348737793249923 0.88388685817007961454 0.00281638745160590030 0.00052346505072181160 0.00868496768385223356 0.01071946789181629084
1	0.00462067133090552241 0.97217170353522153192 0.01333211387810446028 0.00330841959497524003 0.00459662587282525219 0.00148286008381845165 0.00048760570414967591
5	0.00292991352062632647 0.01130103336017752001 0.02648226138670860610 0.00058298108264721610 0.05433340156914150815 0.87825417302187647195 0.02611623605882239588
5	0.00825065680206192587 0.00549127705310442551 0.00208114477103250829 0.00226574515255118609 0.01179202821538508084 0.96822717746782827053 0.00189197053803629887
4	0.00199102557724863604 0.01180761351926602060 0.00059651972089782451 0.00210503847139392134 0.95737234083712952071 0.00220976805458256110 0.02391769381948147602
3	0.03378882299599908490 0.12136586811285882126 0.01034202938680008760 0.81904388377151970957 0.00098160323989636509 0.00629089156434851481 0.00818690092857795107
1	0.17249707076789119742 0.32331352690695486229 0.04233892650724659090 0.05661818624140231571 0.14570549579202984880 0.15619209485932389336 0.10333469892515106947
0	0.33547087558066074342 0.28379931836065974693 0.04547412628737666079 0.18550345779077626052 0.06106905735858510209 0.08327691524543563706 0.00540624937650583531
1	0.00231266831796080692 0.98770670695702500463 0.00032695406114060458 0.00895295013156624866 0.00028638968999869513 0.00027892748336157808 0.00013540335894609797
3	0.00237124028902916881 0.07164962536424253348 0.13418922516007741885 0.72664654432362629777 0.00871591013097686336 0.01889684795746287768 0.03753060677458518180
1	0.28355616481024531472 0.38946811993356617032 0.00662396504579079032 0.02718324220437756678 0.18422389882913089987 0.09736518900496035633 0.01157942017192885829
1	0.01066092560769879918 0.79202701345490844620 0.02519126419169579259 0.05540091252062855770 0.00412633521551220364 0.10711911529558452993 0.00547443371397123273
3	0.09324512641355978126 0.30769848366963759023 0.00868141677767640847 0.55849916926318821098 0.01915069563929033478 0.00327757658601221221 0.00944753165063554057
2	0.00003183507799858795 0.00779115647967656717 0.95986596036411864219 0.00035863099818449082 0.00013099970747716604 0.03181815873609222106 0.00000325863645335133
2	0.08870519817821838349 0.09178197849879717041 0.64237650179485861202 0.06639134225098591857 0.04471970490701509399 0.04751385894535585519 0.01851141542476892471
2	0.03696884783422528520 0.01192769114561900365 0.86497254874578766159 0.00166774407470784937 0.02971150680963783458 0.01002853431680115689 0.04472312707322201319
0	0.95820607608185481840 0.01313749950083871292 0.00438960869042686903 0.00306047144888677231 0.01366146321625073302 0.00559797904099431504 0.00194690202074770534
3	0.02759205443601269597 0.01748354719688758468 0.00244846588190296508 0.85724902460464247334 0.05205708460888068545 0.01580084013957284983 0.02736898313210115591
5	0.04060292811905405475 0.30577360837467548738 0.02174294590747907416 0.00659833203896087375 0.08310329703069055385 0.42600533876722213034 0.11617354976191766880
1	0.24482284573637425051 0.66602646921960684256 0.00553321904381560200 0.02931347841880799915 0.00319125709226466148 0.03665340111326971517 0.01445932937586081810
1	0.19099590265593435756 0.41285832569328140274 0.01186944791225428598 0.04495361715465238245 0.08437438195877840219 0.01221088786234581294 0.24273743676275380543
5	0.00056563747396883989 0.00231940211083871139 0.00563791998825858860 0.00361066499025434551 0.01165817235959823797 0.97427474967866234401 0.00193345339841836505
4	0.05579595364782638511 0.14361976714171542646 0.02871845872788476861 0.04434298231889456654 0.46313843361015616384 0.00407758906054818838 0.26030681549297413069
2	0.01382020199840655258 0.00425565838049086608 0.83834848355497815220 0.00164826498646541541 0.01356511092659222137 0.12047055297647168981 0.00789172717659553449
1	0.02764862398514644770 0.60095838338954876701 0.00100682402827710518 0.35834871339413360003 0.00648292452421235683 0.00428809486423800939 0.00126643581444345777
3	0.00184197570185620362 0.00407256285244850594 0.00626837305516485862 0.97226239773669886901 0.00552423832023648826 0.00036776164757919012 0.00966269068601541097
1	0.03182917431693963600 0.68583440513045434983 0.00488578871496840681 0.23271256342583163113 0.01355888486708146934 0.01878097235411645485 0.01239821119060860628
1	0.26959473311820708608 0.29016204375240312041 0.00347534140942716476 0.02088805032649941953 0.15436528753069142517 0.00888369964521275313 0.25263084421755921394
1	0.00000804629065782679 0.99988970816081479409 0.00003613226398270107 0.00001644338238801333 0.00002687141998270571 0.00000636801659547252 0.00001643046557758259
5	0.02456213429545285945 0.01760426115214641998 0.46109442008548262582 0.00053928167227383585 0.00012954002245382177 0.49575511333287303195 0.00031524943931708524
4	0.13150425946678506728 0.07055246293488025289 0.17350271741144757121 0.03940935811041391956 0.49015207715694769641 0.07705884513625334276 0.01782027978327224704
1	0.00053438467515525315 0.99917103327888168174 0.00002458525833167355 0.00009053504436613270 0.00000757305744359485 0.00016510720629605153 0.00000678147952498916
0	0.40885001347053107068 0.16206225456029146881 0.14732874827969366649 0.11310487341664503258 0.07780038849274191481 0.02314403401326636800 0.06770968776683053414
3	0.05558343653633324166 0.25524742250924087328 0.02843505627006644512 0.58343679707287166014 0.03912425943203714368 0.01121497967565279058 0.02695804850379794962
5	0.00423053199116447953 0.00161887584312273881 0.00236289381084966695 0.00385545873090828179 0.00011951225863531801 0.98777761542474984413 0.00003511194056993431
4	0.01902284635837017679 0.38854981051394504865 0.02385137827932932303 0.11166201905905698277 0.41847739261545507938 0.00978281404785086468 0.02865373912599297745
4	0.12802663358707022656 0.01273262855290820811 0.00659709783902551368 0.05806077087787985674 0.53120899538113086624 0.01392998340354800399 0.24944389035843719804
1	0.07154405687514710233 0.35982792115394612864 0.18885625750630136155 0.02982245930755853328 0.24280015548756977983 0.08824716076981634072 0.01890198889966056631
1	0.11429260625374078331 0.60574017230674570555 0.00854357314378068750 0.23294189108938417876 0.01232382835932814905 0.01902196703558743651 0.00713596181143307841
4	0.18274862348087289599 0.18177625281625850451 0.02926495232695245155 0.00567771715296993759 0.29869736879136504770 0.29665044211064461877 0.00518464332093652395
1	0.00697321200073819022 0.88976892187401723788 0.00091009791805291571 0.00022486300682462881 0.00010798361306115216 0.10159091269572399774 0.00042400889158178206
6	0.02473202868459709047 0.00197734321492673733 0.00722947182168858643 0.00093351399336386303 0.00166909056987545631 0.00175488318324931204 0.96170366853229916071
0	0.71171230988508893400 0.18743078890977335482 0.00504690354783873807 0.07758542462542351859 0.00415546820769219054 0.01310605374058941737 0.00096305108359372746
1	0.01551387354119429171 0.97305686589959716759 0.00112488475603837778 0.00441963602974648241 0.00366141966836341362 0.00084814844543295036 0.00137517165962688470
1	0.12850556367314469597 0.39979934644674602895 0.05638144700074974869 0.18797407761670290038 0.14845211929602153411 0.05628705135075627586 0.02260039461587901727
0	0.83785856539513836605 0.05649689808777929451 0.02920661963248319393 0.02737763586071985042 0.01398571091357595809 0.02777360589153989381 0.00730096421876343105
4	0.00134513926728072010 0.00341349035603267462 0.00094617273255367007 0.00021625688358112126 0.98841355982662260082 0.00386484338802433290 0.00180053754590450829
6	0.00832645125200459114 0.27202859830215070369 0.13974037099705574616 0.10755162184601917141 0.11895616340825694579 0.00681847519446477420 0.34657831900004759662
1	0.07269860322589262458 0.46693285967560033134 0.03219961157686151987 0.12718210122085166214 0.22034990464287182443 0.02242907095213149404 0.05820784870579071013
4	0.00110125161536694656 0.00164948053633019297 0.00018789843603150871 0.00008090935265678162 0.99366418396120603784 0.00138862609895585285 0.00192764999945257390
3	0.00134836876178941623 0.00200497581379810224 0.00084797765493837380 0.99564562748037743756 0.00001739547962626638 0.00011382829472750742 0.00002182651474302181
0	0.97930384590027597103 0.00061094324060904806 0.00008535566370170732 0.00037867272395365037 0.00138263716306762942 0.00025251838404342057 0.01798602692434864148
6	0.05032542669791909701 0.02310669359360165154 0.00399524584280669046 0.00843706303038972184 0.21317319006648927093 0.07599071083739088184 0.62497166993140251812
3	0.00057356348639680003 0.00078720831949034983 0.00151645180859319223 0.99701222968454783491 0.00002977113364796941 0.00005909662269718197 0.00002167894462682757
0	0.70154638692269277733 0.16559075909559040074 0.00462637413339422182 0.02200878087924990761 0.04385655410740427890 0.03303869662200468321 0.02933244823966376508
0	0.88476728066163989883 0.03314109656544510230 0.00571352676398944812 0.00338021096640579721 0.00989227374695295786 0.00885853045200803678 0.05424708084355860799
6	0.17535590143106039029 0.10225099845001642263 0.00386883942415729588 0.00233791029688022126 0.01626772497303034457 0.00647375924933011812 0.69344486617552536512
1	0.00214541966135267572 0.96866861360221045985 0.01066487111816342287 0.00141231522389504891 0.00010544085626120066 0.01541507618299738265 0.00158826335512011747
1	0.02360047537604904877 0.93232215562612641424 0.00583924781396746254 0.01278637740514242463 0.02139357937324863276 0.00173741714343252085 0.00232074726203328674
1	0.03724138124797949506 0.83559991680748957332 0.00679513994942429825 0.10150040882520987295 0.00256082809680240357 0.01486797353255258324 0.00143435154054189829
1	0.15400270799548190781 0.29434451121520061045 0.29189012982888012937 0.02432792139492809605 0.13787524916126631114 0.03506195271341316227 0.06249752769082960596
3	0.20965954718339982477 0.01824270060442064953 0.00095279796884708819 0.74766492633060710471 0.00630421701045081554 0.00700169444523311268 0.01017411645704174514
0	0.97359684165064308559 0.00140735435658269543 0.00166531976220076535 0.00115292792545643023 0.01629302779030317866 0.00050550041164428591 0.00537902810316970032
0	0.93594604506622758322 0.03031237397812010584 0.00063287884510511427 0.00724024406968422265 0.02224039679847690174 0.00291715609811707324 0.00071090514426882915
2	0.08005936866213282654 0.01519280862981514484 0.87979242870911789076 0.00144341483051704474 0.01155899718738697367 0.00944018453725286796 0.00251279744377669355
1	0.00180165665762780768 0.44964804462874180535 0.39419356190112775362 0.04894676236009348758 0.01229372041081392385 0.08600900976555077293 0.00710724427604441170
1	0.08395779943467154838 0.39658231664007209671 0.04053746824671036753 0.21599919598466260640 0.12995375959054705772 0.09791967311665497609 0.03504978698668163861
1	0.09411642854687941873 0.71341047339717489351 0.00317184705074572033 0.03780832333909194681 0.11075563393768221576 0.00551083630864537388 0.03522645741977997041
2	0.00471029255624931184 0.00257501718424140141 0.88707770815582132062 0.00039779536000775299 0.00655199409514282353 0.09748602345065714159 0.00120116919788063633
5	0.00949529695717182994 0.17334830405535092690 0.00392808165927023382 0.00207167813076967414 0.00300594704487899649 0.80749509465160584920 0.00065559750095296049
6	0.06916546292760153425 0.04100204358645349184 0.11086465253022377564 0.00667042478221023093 0.02662200738659281640 0.03034614147961779002 0.71532926730730039822
5	0.06461811747502357872 0.00891522183948517503 0.01905777274624305753 0.07045687385288135207 0.12310996150104486224 0.69682678439277956350 0.01701526819254245079
2	0.00159730674078018215 0.09474505355249014660 0.67023969310158471036 0.01601716741007997921 0.11077854187995783697 0.07357052821234019713 0.03305170910276659241
1	0.00031752892593531537 0.98680668759891287944 0.00736190420211897505 0.00117147596493740922 0.00016184312138680014 0.00406327834179095581 0.00011728184491730057
2	0.00110622066995603291 0.00122722535018918318 0.99317293107112358808 0.00158050304631460713 0.00217270621508273672 0.00055830976582763210 0.00018210388150647239
3	0.01635159403814068560 0.12321264218592362094 0.04078910286915753830 0.27524492785421089680 0.26913143535978939491 0.18133951520652047407 0.09393078248625706672
5	0.08342442458277983530 0.26567435414785517400 0.07682253480934488066 0.02685311647734736976 0.19179304159838664323 0.31747728498612154402 0.03795524339816482712
1	0.04550247687054846668 0.64085178226180028460 0.00744790385518928968 0.01384576364553042130 0.26208921607177571023 0.02473586956670725465 0.00552698772844851648
2	0.00000213436105490461 0.00002670720312437136 0.99991402865923340038 0.00001581132124785063 0.00001825063619147818 0.00001017722942976007 0.00001289058971799619
4	0.19594689221389163802 0.12217545810572347231 0.08346953734166069616 0.18083714368449818610 0.31466561062875253452 0.06005030437566771101 0.04285505364980547044
5	0.07279770139684547947 0.34888960879913494262 0.12174250620573405512 0.01524951782979476651 0.00792995782269145626 0.40978671080294448714 0.02360399714285569411
3	0.00666183609458556245 0.01328728670619621494 0.00364569365796055299 0.97455406677651612579 0.00125649849674450294 0.00032376034136743316 0.00027085792663029962
1	0.04974301164325722197 0.89187288639471795637 0.01856211282510559710 0.01443072333143644373 0.00336571930588882521 0.02134304140296573726 0.00068250509662780236
1	0.01283084561809514842 0.93517607702080274290 0.00126141697738119184 0.00188494672412673208 0.00154877615831549458 0.03931137338877593868 0.00798656411250214283
1	0.09753551390798978482 0.72801571858956504180 0.02188336047055210523 0.00286199294984805681 0.03402618263490829464 0.02964168025024000938 0.08603555119689661190
3	0.00507655240639422970 0.00129192979421046219 0.00307835362104233803 0.98590340968494638574 0.00100530235223070187 0.00043371440974131637 0.00321073773143452880
4	0.20944387737694175611 0.12983412137422226107 0.05167432669158752989 0.10283221560720261223 0.30042975827829399016 0.01363850567347146998 0.19214719499828028515
1	0.02144825599814205799 0.86091816299948253910 0.00982411946749044661 0.04935414136997273021 0.01049213461736485040 0.03183929827021427655 0.01612388727733325700
0	0.83570444255290654567 0.07872252644800904753 0.01584402452944672079 0.03352896085733688553 0.01069886530345348988 0.00980844676109568665 0.01569273354775170201
2	0.05423589012100523549 0.03917604842192828896 0.89626766598856932866 0.00584422478639790369 0.00130922896243062105 0.00252024140388459102 0.00064670031578383848
3	0.07032970883381954585 0.14827158093464282151 0.00110191623468049735 0.73586670440821921879 0.02727063716065945137 0.01357741445334705727 0.00358203797463153709
3	0.00045143958604745100 0.00885275397722059230 0.00035137872775519260 0.98895832806374750490 0.00031014204683406230 0.00059019179568204315 0.00048576580271332114
0	0.35682219751689836507 0.24490765360179006516 0.03104689704162698349 0.22049359231402004822 0.03256930313603845911 0.08839418311665521444 0.02576617327297097901
1	0.02951907805547064612 0.86713526381104688578 0.00229542254011178828 0.06395199520094846379 0.01012320529299585298 0.00807889868746927350 0.01889613641195727473
3	0.01084863281191760821 0.44641886747211462216 0.00364815197570601260 0.49647394599180788566 0.00159804679573126505 0.02412283899761625064 0.01688951595510603323
2	0.00192682070120090646 0.00228785764997033051 0.93261514418643387536 0.01003816030818908620 0.01674066329592150196 0.00467343546789881440 0.03171791839038515942
2	0.00017317566618424519 0.16404934193746947835 0.82753565941527829075 0.00596369192224309539 0.00008782149313729765 0.00194898235763646356 0.00024132720805199144
1	0.07691688255869447155 0.82903148236862622689 0.01086481245743232266 0.02409520071063997460 0.00178522150673161590 0.00097860947528124868 0.05632779092259455889
3	0.00070011426337144081 0.00028588875207294888 0.00013895755234141378 0.99860013032914574094 0.00006762851394336830 0.00001634420561656520 0.00019093638350823621
5	0.02070365444591596230 0.02103643742246395429 0.00512619497321947348 0.00134370626744815158 0.00201386135760253009 0.94823810607126757244 0.00153803946208214853
3	0.00019004338193104209 0.00570904573232276519 0.00152568793589514021 0.99088328981840445575 0.00104698075288349999 0.00006973689015718932 0.00057521548840552827
3	0.13075840995266774236 0.15967043373038183884 0.04895024077464534690 0.52527325693463244871 0.07250891016909143116 0.05002487899068733951 0.01281386944789379874
2	0.06788750929613593388 0.03679639400207386501 0.74207051774368337771 0.12716405078537423856 0.01308652719650902664 0.00493375979352609923 0.00806124118269743034
1	0.00206529956928244328 0.92871022266798586298 0.00389768678242451670 0.06139500706171426708 0.00052925166752705263 0.00061831206596333190 0.00278422018510295077
6	0.09042791158641999560 0.11172376020486075865 0.01831735767598702269 0.12181374534073675930 0.06617426478466234552 0.01234895970211833012 0.57919400070521465107
0	0.99404182622098535838 0.00037419760257302001 0.00024278511056602669 0.00080334357753616980 0.00233646594377583811 0.00110637637627059352 0.00109500516829288920
3	0.03884945918932713321 0.15730976444310643125 0.10306312718910846937 0.56579445690797669499 0.07088579792222259035 0.02729574216647350296 0.03680165218178495928
1	0.00652918406928501300 0.96866536428397809200 0.01023211918048577002 0.00645919361747694480 0.00029085895529064912 0.00589780575879473006 0.00192547413468870891
3	0.18855470038439231528 0.08805651236983987051 0.17047209738752142072 0.35684997375571325673 0.07501698850646427996 0.10324808310554081658 0.01780164449052769327
6	0.12082266765169800971 0.00058467005120608551 0.00064473890874715072 0.00290070944909163065 0.01402242226041430090 0.00358748266154638139 0.85743730901729631189
4	0.02973522401202305376 0.00577404869052498566 0.00280125782603254068 0.00059919650826197848 0.76767295139804792026 0.00217368555361444624 0.19124363601149518832
5	0.00632967071933353623 0.01021438306983044053 0.01959925444339917500 0.02557860675007240375 0.03903488356957218741 0.88136803774920724486 0.01787516369858510590
1	0.00001392169215334015 0.99955565363672582713 0.00003441418899567843 0.00001282732496061448 0.00001134928834609285 0.00036902538751980475 0.00000280848130059184
0	0.62845846022910367701 0.03639311579816350423 0.03604664881694778084 0.06142175279108048197 0.02864444819656176283 0.04571879084538223170 0.16331678332276070020
1	0.02100952026020950006 0.43342420099841150183 0.01403985271280372427 0.06672339716663391873 0.06156768101335436533 0.19120109996680964559 0.21203424788177729909
1	0.12476926226111516305 0.70702845969893779454 0.00834732360660510840 0.06363060557509370163 0.01401796238470078872 0.07882078731126646032 0.00338559916228076173
2	0.02235207694539954881 0.02197431594335092289 0.93004404304673515824 0.00207052748979464013 0.01822343676085323022 0.00445079717681337236 0.00088480263705379510
2	0.01257126155207113384 0.01288150980691198794 0.86561363521737466620 0.00329452867371656574 0.06662379156722288143 0.03657806513808140730 0.00243720804462135496
1	0.00089952270316130201 0.96916349262700174361 0.02354023681332619716 0.00295460767531427731 0.00027572312005815565 0.00146853352927931889 0.00169788353185773458
3	0.00099972505645174467 0.00417913734710988107 0.00100754781440338210 0.90380358680095906898 0.07956006932884862604 0.00952041647737166159 0.00092951717485585813
1	0.07640501590933905518 0.41608346123683631612 0.07269773894398642855 0.02679236947696228902 0.06676100335870416291 0.06033070846476145527 0.28092970260940991478
0	0.50805719250119518726 0.15917282998477316758 0.13042417565105754451 0.12525524539774660071 0.03440617575142729950 0.00967320824246245027 0.03301117247133797394
3	0.14825923034053481442 0.06862041856903305925 0.01963480881326473346 0.68031008431763972943 0.01560160387846376562 0.03684232434233535025 0.03073152973872857879
2	0.00143536892165586926 0.27253692394602307969 0.31574520016014112622 0.01108664712361564532 0.10498620922272214329 0.00406435607244578449 0.29014529455339649333
0	0.60264289070227539113 0.13387164957140770816 0.03778210152398505522 0.03460724403795978343 0.01761955680246149458 0.13784906361094825811 0.03562749375096239957
4	0.00495419482142856870 0.02376955680360472861 0.00270233056118421387 0.00726773446496916612 0.95775371932623087901 0.00137565402231731295 0.00217681000026492951
1	0.00724745358052535961 0.98890800004437351411 0.00072269847806058463 0.00149179594080564451 0.00114779518230089428 0.00033407612667297836 0.00014818064726073875
0	0.44665185716310323860 0.12311838562487742443 0.05009009661157866333 0.03751446234289786130 0.14770653656412649490 0.08261250168091952006 0.11230616001249650593
5	0.00304635226052161253 0.01403888521523320720 0.00739889419170113635 0.00347554237045276469 0.00119253760652113954 0.96366838558515310886 0.00717940277041698768
3	0.00519949311745704183 0.00355747285047323817 0.00265790991883259678 0.98658880835092921391 0.00143952041101836074 0.00006761307717330707 0.00048918227411601895
1	0.00683779871857069770 0.96793496300439219038 0.00018949753871941568 0.00559038734117617460 0.00094337848619536059 0.01842964256864865896 0.00007433234229734748
1	0.00110638239791967393 0.99568443244376025891 0.00023968951443051404 0.00255334266371318175 0.00017094770675460299 0.00023362747237202212 0.00001157780105007241
5	0.02960039471039710435 0.00622645734923146180 0.00190704467970452822 0.01485993416236417244 0.02312130812533910382 0.91746397822200431715 0.00682088275095889696
1	0.02521016686244792471 0.85737227182024600136 0.00391046040688390693 0.02903483236804269355 0.00541437710662931362 0.06528602420268696249 0.01377186723306342633
2	0.00159986133109521369 0.12009914461388829232 0.68669702511519392640 0.01832100557090149406 0.06803993226770330138 0.10154527142397652695 0.00369775967724101642
4	0.02739470161123840411 0.05505079258649007296 0.00754980504741285720 0.03493434429753810438 0.50825290393863331584 0.32472895104327875737 0.04208850147540826869
3	0.09390808076802120707 0.11501973407458626619 0.00097079806366715102 0.77272070981529794587 0.00196075567453128348 0.01256574848109454773 0.00285417312280169221
4	0.01116491602115218633 0.00402260986457503474 0.16398612306317736365 0.01129734374546174230 0.72554911990687376289 0.02418050621724423394 0.05979938118151613413
2	0.00018547365803371898 0.00749080060333718462 0.97955955879058764779 0.00025205024862694095 0.00020804942099774196 0.01078313157262398951 0.00152093570579326081
1	0.17460765283410975557 0.57713901239558884626 0.01467114097771977758 0.04163928753084216589 0.09128538243655943962 0.05043189524469815499 0.05022562858048170570
4	0.00053240340268769437 0.00097855058015275170 0.00006081734798898178 0.00002319126915157363 0.99667309330562536829 0.00034418508526772777 0.00138775900912602125
5	0.00002168960385754734 0.00058179281899934027 0.00064543580229495788 0.00004185039405229667 0.00052723847019945334 0.99790212536576061719 0.00027986754483400283
1	0.00837437890909791156 0.91993567308670198823 0.00879027168923732921 0.01147990158499328540 0.03371988511071156991 0.01372037682013698551 0.00397951279911988153
0	0.98291466595128407224 0.00589307693130789161 0.00120789887841850504 0.00366988482525693093 0.00381408021609899684 0.00062874002731707506 0.00187165317031637844
1	0.03805350471927960998 0.63163348449674860952 0.00741954670508105513 0.07941458842668304430 0.02455963676947988533 0.15982971260396428015 0.05908952627876378622
1	0.10123946217905736844 0.57564918841185397369 0.01026446401482543694 0.28368925078051027144 0.00930563022671617932 0.01459390122580692985 0.00525810316122949511
1	0.00155731454796464606 0.99131761142293006728 0.00236513269958803880 0.00070637725570490994 0.00093604424877661945 0.00250767848103321603 0.00060984134400178687
4	0.10859842445035725045 0.01037378732502218688 0.00508986494778114994 0.10845337540690265510 0.60929933092916188642 0.14360397110732733839 0.01458124583344719630
0	0.84918634485078259289 0.02185198879238005321 0.03768849173394923924 0.07024520712009783840 0.00571884695692012786 0.00545926603016013996 0.00984985451570995728
1	0.00624557547192374288 0.99262079583231732638 0.00022313731964136309 0.00029200958276542167 0.00005491632858770132 0.00054954380073999655 0.00001402166402491019
1	0.00137666915574986251 0.47129630484929230239 0.45657993916245515065 0.00286577708563023502 0.00015747011459044450 0.06532032276426968931 0.00240351686801212666
0	0.52575131176651357379 0.01531245474674808316 0.00509442691463078516 0.00699745540575107475 0.06486318011828333396 0.36834011260954530043 0.01364105843852760590
1	0.12234609726474407476 0.51908378495642559791 0.04676317394035672120 0.19720725235370945017 0.05453521951981780969 0.04781030138345323394 0.01225417058149309152
