6	0.19371083324398730152 0.11458376788743575292 0.02587751607179029911 0.07993406489376984891 0.03262771632708021119 0.14929938028243827652 0.40396672129349842084
1	0.02048321254006470193 0.88240860205234239455 0.00614249205619953054 0.06592634361449095648 0.00267106970638811714 0.01006633807662698013 0.01230194195388752826
2	0.00495691721692935808 0.02029513824984133588 0.93511256512679374886 0.02880182242587291108 0.00276329557232903077 0.00607037280202824686 0.00199988860620477953
3	0.03456139898776242059 0.12117507667615537437 0.00279506158864120278 0.83598048134653779595 0.00028044149690013045 0.00316818261315726223 0.00203935729084608365
0	0.86699535328036214654 0.00103190218505546196 0.00279354937116439240 0.02048594015254423181 0.05908927269607525123 0.00024270865756548780 0.04936127365723337601
0	0.55622061126309829682 0.01567993007190043170 0.00273286141105215504 0.00957268009949203101 0.17781263727789517470 0.03829091849862102659 0.19969036137794102248
4	0.00050233060144182370 0.00651074033531519152 0.00045304809024719579 0.00338604499266356501 0.97242995428947220926 0.00005386874877169147 0.01666401294208866291
2	0.01688940919479643005 0.07216416480501056108 0.86560314212444122717 0.03167351254109680714 0.00414901124085829010 0.00725653386114490963 0.00226422623265209099
1	0.00636401241150312894 0.82888543513403245555 0.00039284887639982771 0.16087120305375368634 0.00192068494175259992 0.00070346906835567786 0.00086234651420374951
1	0.01255334047961330877 0.52425425269839420750 0.07627332616925552866 0.02106163117306064994 0.15386603801382700563 0.18735444602663464675 0.02463696543921451224
0	0.40644813643797766956 0.19242699048145309182 0.01399520660050552340 0.04304017929645304052 0.08916872772962999849 0.21693463705393661867 0.03798612240004393265
3	0.13667141288445117109 0.00555567536716434791 0.06303978012543461074 0.66590556473355244638 0.06393254335251059850 0.02175752331135868967 0.04313750022552795965
2	0.00372194014220014009 0.01839733231466003649 0.88076575410227986307 0.01451624530901040287 0.00188263877901588723 0.08039474029190267490 0.00032134906092985037
1	0.01038269769980659264 0.97580655604223409672 0.00054408653422359748 0.00688206230814496916 0.00034682850239314920 0.00500934111158691468 0.00102842780161062223
4	0.06056951486790981137 0.22699994593387243236 0.13354002552956981131 0.00656618439687932896 0.27802052546790190224 0.22000346433231918186 0.07430033947154736362
0	0.27182544606903819018 0.20929336728293490566 0.17179707131493018868 0.16821577063987713796 0.04618611242469335826 0.04098269578739607150 0.09169953648113048084
4	0.03272048766762074290 0.12386724430288961751 0.01496634415555147569 0.00159613533956606715 0.67321514263645920728 0.05202957363797752061 0.10160507225993552216
2	0.00305522146260566200 0.00515219726335837316 0.96896711776999699950 0.00053630661167798686 0.00071770827219126351 0.01909286310711729232 0.00247858551305411151
3	0.04858425785741527642 0.29155380917201834112 0.03420522265771387682 0.37798575543825269074 0.10304781819534031273 0.00538349086620383555 0.13923964581305564581
1	0.00007767312395752354 0.99574066428171681409 0.00022887077024814364 0.00326098280456126825 0.00010176399860664171 0.00015528847495671727 0.00043475654595193628
1	0.00245107111472098313 0.95786720261705027291 0.01628205022615428210 0.01132822628924593650 0.00033273148537683308 0.00971417072714432853 0.00202454754030727442
1	0.00046682236928251606 0.99169791364161063996 0.00116473616488133817 0.00138925950752841112 0.00009136929142578262 0.00501479431264788451 0.00017510471262527504
3	0.37814037767979374882 0.05241204015935151117 0.10085052101970477800 0.41526746526776053825 0.04238427850832307553 0.00486905250990335436 0.00607626485516297044
1	0.01098640271901315038 0.84250357026045441522 0.03503970398506264100 0.00750642890715962248 0.02809470399979999838 0.04142698838692358831 0.03444220174158658249
1	0.00047334080667783135 0.69205523901249388352 0.00366371751727215516 0.30051786304304228814 0.00063854715439579871 0.00023230189271597064 0.00241899057340110631
4	0.01347840626561448880 0.06432505112382584656 0.02171893878385743742 0.00420821569076531166 0.82506091972961581593 0.06949179447278017174 0.00171667393354115491
3	0.14825741065531794494 0.04361400997535369584 0.02817597500402226757 0.73914956120668451334 0.00157288934035912094 0.01456839205490828050 0.02466176176335431805
4	0.02423000538722028946 0.02395122580073289278 0.00196686248382378854 0.00126337413880050131 0.39462439253972181330 0.35118516504975177961 0.20277897459994903562
1	0.11524352263138627761 0.82478092512512490853 0.00466051539834049650 0.00349632532737513676 0.01692709506115342225 0.03022797717848150351 0.00466363927813783809
1	0.00277667244961648987 0.59707790559877804704 0.01456742094083658505 0.00042397601219679436 0.00693826757595176948 0.01496688738653045164 0.36324887003608957725
3	0.13131327242533027966 0.02546192043523023626 0.00676354954692304569 0.64393298846185609285 0.16733291201576089291 0.00027076481440646815 0.02492459230049307722
0	0.51555934552113003022 0.04237723059895613653 0.07083716402150221081 0.22637122576123172579 0.03122534284180517733 0.07198571414318488682 0.04164397711218970066
1	0.03647348245599647126 0.45306306516510752580 0.01952404125720221678 0.17790518940749180943 0.22013013583644683302 0.06003722128225364579 0.03286686459550139383
0	0.62967653898562658821 0.02009121605710530861 0.02734772017711652875 0.23919858819045286547 0.03542145374994350865 0.02406691198612946961 0.02419757085362555724
1	0.00445449479521929301 0.67999690827493108891 0.00578096090348446771 0.01004482901441008241 0.00966111733349782689 0.28369723677325864308 0.00636445290519824496
4	0.00831234521074650581 0.07083987155402227121 0.01084340139099795701 0.00255676108076057689 0.87411809662957973277 0.02819486561157042229 0.00513465852232270186
1	0.00099326107105440894 0.96939069305262248744 0.02552567406936274638 0.00054798826194817974 0.00029748375998448005 0.00176620684605812242 0.00147869293896990897
6	0.00739136650613710089 0.00065009784727347478 0.00169352321602375200 0.00050500354162650478 0.00020627185767939298 0.00184897480087424537 0.98770476223038561336
3	0.01874972843129049660 0.00183422786354716120 0.00449314501071323633 0.97181127991101667885 0.00044021697824226839 0.00108954297745956401 0.00158185882773095041
3	0.04243992991343530780 0.22333142884525128413 0.01805961551897272352 0.65159039999375600871 0.01771384451930818268 0.01318689083995197228 0.03367789036932435087
0	0.99612792607313960236 0.00085944220942619999 0.00020961204876938631 0.00141766971910762315 0.00096565200870175753 0.00033847776431982646 0.00008122017653548932
1	0.00408124575726405078 0.84095896016084858982 0.07742920836455501055 0.01627430363696589360 0.01650198032595874206 0.04426844127175486726 0.00048586048265293879
2	0.05688444664246777860 0.15883572535754006405 0.47184368072067101041 0.07707848107016464223 0.01442842267952810023 0.20448555895924624970 0.01644368457038215131
4	0.00520693486083128286 0.04651169962569032257 0.00627642074248166860 0.10967924267240464209 0.76332777229183779166 0.00783487851596386710 0.06116305129079015190
1	0.00421236045650255284 0.95389995517261472191 0.01301194466573290728 0.00376294515444213331 0.00109607478712848505 0.02327828634289767079 0.00073843342068190937
3	0.00441688592118662671 0.25870330322135037804 0.00995551679936437089 0.65807438290043951401 0.00870451937345334027 0.04461913703919952179 0.01552625474500594210
5	0.00085154819288897426 0.08358433538456894185 0.00268803623751321481 0.00005068929076214911 0.00291703050582516402 0.90976782407483880455 0.00014053631360256958
4	0.00029314704297005222 0.00139307175483929248 0.00025993605820256744 0.00203902280358324046 0.99286589521966661653 0.00003827557732424756 0.00311065154341637427
2	0.01031104960093825844 0.21274874822395398177 0.73456904846660131536 0.00086535214267270612 0.03292223245554833089 0.00570313314337416062 0.00288043596691073961
0	0.74444827587895756604 0.01520234421982447938 0.00260162799609877033 0.22808330706601318005 0.00198640105795330453 0.00466384523471782397 0.00301419854643476771
1	0.01847546144628385567 0.82824002035104815622 0.08319144583076525101 0.03803060480040934555 0.01181163385227633998 0.01424845477786240711 0.00600237894135458375
1	0.00180349025258528715 0.52502860728461819839 0.17938873109555611429 0.00058276552299355911 0.00136720245998856967 0.28360983320753591075 0.00821937017672211279
1	0.00977523419127511797 0.90354652674942237400 0.00157831218131031779 0.05143119972325336381 0.01079416177847862882 0.01255446742200316303 0.01032009795425616397
1	0.00453809535421291835 0.74922405660379887138 0.11158920854743374640 0.03292437920521205930 0.01137617553156426362 0.07355182699140901115 0.01679625776636920267
1	0.00201296983542873778 0.99200977750298147129 0.00079926553082579734 0.00376631062454037572 0.00058884298106912320 0.00075355674301219892 0.00006927678214251771
0	0.83454290319838864143 0.04795232975590602714 0.03902298871123312946 0.04523340483154837666 0.01477438426674117060 0.00445376590082752037 0.01402022333535527833
1	0.09360240815117544522 0.47217516014992422235 0.10400388560835174823 0.05220901388543938010 0.23496261725962463984 0.03054126068828742768 0.01250565425719676882
1	0.02607713502269339359 0.86699137916787660796 0.03412937302443744270 0.01318168842243586103 0.04849457025700915080 0.00767163587102746240 0.00345421823452062753
3	0.12518586753318111660 0.04140507027300030507 0.00408680720169801465 0.50973165162492017899 0.29019978135755686299 0.01359949047234443494 0.01579133153729897834
3	0.00081071632589519078 0.00015167138996561376 0.00007463574044551762 0.99886837939340511472 0.00000684048216806590 0.00001207943785652769 0.00007567723026442279
5	0.00869355944977048302 0.46897066921817215368 0.03024876869963849871 0.00015212485993929957 0.00804505551416915578 0.48127570686335863215 0.00261411539495201486
4	0.00000881844584154470 0.00004604493061086861 0.00003861617077785197 0.00036075298598777758 0.99938761052218194614 0.00001365871441849026 0.00014449823018094533
1	0.14107732359488842078 0.71590431062761461511 0.04833090679596998424 0.00536962448983444897 0.08177556122658984072 0.00411365907917346074 0.00342861418592908850
1	0.00234616928394217918 0.79282734487429573633 0.00083392305071931956 0.00957853527419922669 0.00077263180838222831 0.00906223222718093371 0.18457916348128058925
6	0.07550007054222887537 0.05525403489769788179 0.00755858707759051850 0.00179289907840286073 0.02542810640201980527 0.00158986491407272818 0.83287643708798742015
1	0.05343577187596973421 0.47650397417434936509 0.02844063396917695385 0.03048449235011596245 0.09561833567696949310 0.09404053558571846827 0.22147625636770015833
1	0.00671015143397016810 0.58204823230157887171 0.10165829538961419776 0.00499927523301884648 0.13249543270045527343 0.01898608264318191186 0.15310253029818080006
0	0.41414060947789960165 0.24515020405552359617 0.02473970950416291142 0.28508583401485443343 0.00740081017649975390 0.00489265322986394413 0.01859017954119587465
5	0.00090632735523144036 0.08699154257132596380 0.01264046568442214052 0.00080919950409870291 0.00819275755190124189 0.88946975404725914238 0.00098995328576222856
4	0.39588104945139784840 0.01840167608528912521 0.01006538572989748928 0.00073326898504400126 0.40711585810677647368 0.11047256697721991037 0.05733019466437531270
1	0.15173657461170983463 0.42184811788156784118 0.01873242680171717869 0.30627812193344783331 0.01426638532756439696 0.08493996584574765862 0.00219840759824516336
2	0.00204368522433259541 0.00021341116682429835 0.99557547193380491191 0.00039689221885978845 0.00085482659301796258 0.00082366451883774891 0.00009204834432378228
3	0.39456302198941312076 0.09159739458037598203 0.00562156298746088658 0.46882058233790524504 0.01111855624459385204 0.01974706167259915324 0.00853182018765173168
1	0.12320363499315573064 0.86792049809020799245 0.00179262119424701940 0.00129383445352874754 0.00034636081886341857 0.00510322414889828341 0.00033982630109901930
1	0.00722620195443011721 0.92356567900282771078 0.00436773630105415089 0.01259673664802281323 0.01606743632285168727 0.01950208912264168176 0.01667412064817223177
4	0.02667794825574688888 0.12967636817900582424 0.05334109837880238181 0.11157863280665171468 0.51955782287834939570 0.03134134511054584293 0.12782678439089795175
6	0.00029263917345420106 0.00022978518123455201 0.00082806844598119658 0.00018878239383369083 0.00471159803909209068 0.00104939265172684774 0.99269973411467704594
1	0.03498359803248398542 0.65862355650615767022 0.08719523999300314576 0.05202094142743149408 0.06937760353366108357 0.07125771125586606580 0.02654134925139622556
3	0.01531889572799820937 0.03877063252791900644 0.01012878650673940638 0.79652895100775200632 0.05403148121417707117 0.00980223083449900667 0.07541902218091539600
1	0.00044229995361476447 0.99642756917031671815 0.00068544948946051539 0.00144681846471953358 0.00010107733676493439 0.00088107819574547407 0.00001570738937895339
1	0.00453487704503042523 0.97145366971879931750 0.00067927410599595507 0.00533387288455178937 0.00027148777388839174 0.01471550137039576156 0.00301131710133836468
2	0.02264466846518649670 0.00601850236521000396 0.94423768040372990651 0.00975992348688872920 0.00209242744507728623 0.00277523971166909657 0.01247155812223841795
2	0.00009196969364061961 0.00018474737969171277 0.99698409750124206141 0.00013514023575603555 0.00145189251627645495 0.00101785369176655375 0.00013429898162751832
3	0.00134087454600692710 0.01880984622521374855 0.00018261537663296647 0.97942845440547010583 0.00003407682796675451 0.00014993291885619957 0.00005419969985359216
6	0.25258536894355737568 0.09467928887990670339 0.02208167635950855981 0.04922895356199864098 0.06081981708836001199 0.03633548796117516688 0.48426940720549344066
0	0.43842509490544911976 0.01059731945882602840 0.00873516065212394562 0.40731369346606288717 0.09713228331423029438 0.00706790786613459895 0.03072854033717319078
4	0.02153446926714808543 0.12306333501226567051 0.01538391979066808593 0.06268454132183610972 0.53359539066269601193 0.01143019547966227234 0.23230814846572392374
2	0.00098140158454254871 0.00141725907565649206 0.98225819289781690635 0.00463049031240174176 0.00344361936191657850 0.00590935447108769524 0.00135968229657884511
3	0.03129973826211703697 0.18581856711961361461 0.01514278497418234358 0.74060017372461905971 0.00231896637975209782 0.02451163100902264622 0.00030813853069315171
1	0.01478643577582053857 0.69714776223564034474 0.01075957161593390533 0.10212036930365604726 0.09499579440815943132 0.07572090175541437707 0.00446916490537541643
1	0.00599303573440157673 0.84039695814773174298 0.09848073885161388874 0.00444876656982170614 0.00787404022506545294 0.04102493074876801399 0.00178152972259924065
1	0.00047867092181509669 0.99259775111537174030 0.00382839717253509546 0.00220282552516317797 0.00014923602798134504 0.00048966991757127295 0.00025344931956252910
2	0.00414767210817817457 0.08795513027066512168 0.88588474013695628351 0.00273832989452357572 0.00046793124975435017 0.00818188924052748630 0.01062430709939424060
1	0.00490405961648470064 0.97217787500903329878 0.01296676340897470400 0.00322767061552396315 0.00465929549782293471 0.00155252120024631894 0.00051181465191279954
5	0.00319867271690160325 0.01174794531589923828 0.02725140852612600167 0.00064834997171564794 0.05845918888092766635 0.87050894699996073101 0.02818548758846909849
5	0.00885820475039831960 0.00581167172605005170 0.00206938810372823533 0.00243809416741188603 0.01193732491974817608 0.96690015763470149590 0.00198515869796236834
4	0.00139477064730613278 0.00924555720636552857 0.00054331764905654275 0.00149495763885157439 0.96426873503033283530 0.00170639601806169623 0.02134626581002568510
3	0.03303165894044728101 0.11727523387582232395 0.01056925716568532514 0.82409534878851731232 0.00096571741102261389 0.00641334382194150374 0.00764943999656350886
1	0.17912916151609489801 0.31668479158050794053 0.04127159987597498608 0.05586690273658511535 0.14899797021502769745 0.15537398490765491621 0.10267558916815440473
0	0.34465853254929418314 0.28321140576529352240 0.04151431116624248324 0.18599473145010086972 0.05824043718974142303 0.08113499743716202917 0.00524558444216522736
1	0.00233084261850977515 0.98813285368047210078 0.00029458979341717017 0.00854420631858795673 0.00027774655976327078 0.00029296508561742814 0.00012679594363101642
3	0.00245436064746870240 0.07392084785672860259 0.13291114757562158544 0.72592827465825982003 0.00853749826549597690 0.01870501258902229277 0.03754285840740204799
1	0.28371818162521450502 0.39487918827798190735 0.00644441875892411663 0.02785904626909156689 0.17888455597061356239 0.09594218370700634269 0.01227242539116791056
1	0.01073925550391843786 0.79182467516840748800 0.02438666837303983884 0.05601115464009435996 0.00386046362963175880 0.10785779493533745321 0.00531998774957037970
3	0.10300257309408634987 0.30831696558755306015 0.00872929991946626120 0.54789307046541924073 0.01954339637244612016 0.00327892653888897916 0.00923576802214023246
2	0.00003153511078939061 0.00660117403098142534 0.96047407008619001267 0.00028551994553875653 0.00012720808306657230 0.03247796889013320615 0.00000252385330095662
2	0.09553191142446638973 0.09542052769779041377 0.63033568597675027068 0.06802253868496431488 0.04549366117692008049 0.04674189598439410648 0.01845377905471452112
2	0.04194626321498450688 0.01344356503097753758 0.85252948277560214319 0.00182952941401528352 0.03138263075423646659 0.01039506639534884536 0.04847346241483555668
0	0.95985272972738988617 0.01279658658999696316 0.00449677583086323905 0.00290348925340172754 0.01303765356432994189 0.00508180714461432554 0.00183095788940383013
3	0.02449701501142116308 0.01578925847616610353 0.00174484352924501635 0.89578368353153337011 0.03235329010844004843 0.01125237250939131045 0.01857953683380299259
5	0.03996488974743159228 0.30612998482137659950 0.02046430365132591994 0.00660015746918631713 0.08562938171313759506 0.42246442637927655861 0.11874685621826565340
1	0.25695750488312391058 0.65672749935831309376 0.00532707303574610300 0.02885693697745714617 0.00292539008012881368 0.03547763021308272119 0.01372796545214816782
1	0.19937475626930742378 0.43129049306708300282 0.01124061638238968083 0.04604774779264298595 0.07875441335806065979 0.01239201813463533530 0.22089995499588085948
5	0.00057945233664425224 0.00225390191659976960 0.00604958511533039162 0.00352863903754567325 0.01176834592193186195 0.97393556029627359472 0.00188451537567454596
4	0.06180396039851720341 0.15023913613550657353 0.02855611778467069539 0.04521340653410858140 0.44074425657472687812 0.00401479128582613205 0.26942833128664389619
2	0.01413071457763810830 0.00425082497154734285 0.83810218244617618044 0.00177920763101097404 0.01312804027682578679 0.12007795716910094064 0.00853107292770057500
1	0.02735110237067119379 0.76826262377896925582 0.00082454505692190706 0.19278348646905954511 0.00596344584043061350 0.00390163648569729878 0.00091315999825053234
3	0.00182567712093642033 0.00404086827608158075 0.00661916259950515954 0.97230595821335263906 0.00537214460651975426 0.00037591862682477914 0.00946027055678036986
1	0.03389105987770832384 0.70166657495482098739 0.00462259205964715269 0.21978865731089727853 0.01169323363395635001 0.01722204724757727887 0.01111583491539257056
1	0.26996451828286227581 0.30168094191734456944 0.00349267770314326239 0.02131992723781494722 0.15030752909535133321 0.00817719796408744246 0.24505720779939627052
1	0.00000752699052856113 0.99989475091948054608 0.00003573372686928166 0.00001563518768055574 0.00002588236932013491 0.00000607831685222613 0.00001439248926834498
5	0.02659941324572812765 0.01866606163634429438 0.43599554615285895931 0.00057435455559347889 0.00014090603586037337 0.51767578813281589500 0.00034793024079898761
4	0.13891840562327092967 0.06899970091463959732 0.16479805413904174971 0.03863870848975542449 0.49740419789201822942 0.07228207854398445431 0.01895885439728937569
1	0.00049559533207686041 0.99923387367749005872 0.00002121878133196876 0.00008839305313086750 0.00000672407921759095 0.00014841715401947233 0.00000577792273389091
0	0.46124804592883722476 0.15659768719772340639 0.10855376034582732425 0.10747751472291013075 0.07355510430733729066 0.02066771030258951480 0.07190017719477534430
1	0.05482949369888052288 0.51644600627022707595 0.02551476634012819072 0.32904636521301289243 0.04176026931997820629 0.01140976090394769070 0.02099333825382526664
5	0.00387465941127126479 0.00119004628343966708 0.00173066748424902908 0.00322348893542622221 0.00009188778498819089 0.98986440490549398863 0.00002484519513198501
4	0.01254404636184987785 0.20387493106478538074 0.02140322716756628760 0.06827276367106116517 0.66122558422401322975 0.00686250623246102177 0.02581694127826322099
4	0.12071785391941572407 0.01259432293279241083 0.00615711392397725980 0.05784016744902942958 0.54465606266335842012 0.01388598120532199068 0.24414849790610440583
1	0.07218529248368917017 0.36709613993951745181 0.18143182251415601591 0.02920026550540905791 0.24164708467837550665 0.09000748253607453175 0.01843191234277831783
1	0.11665091903533975071 0.59260050053912460832 0.00882978081133927242 0.24104451492135772761 0.01309508671159914477 0.02028613413646279673 0.00749306384477660230
4	0.19104607298273335036 0.18137588481890787317 0.02897208972159777754 0.00576085986925753239 0.30489976671215474058 0.28250194449905796645 0.00544338139629070746
1	0.00737057918401262668 0.89269581738533942961 0.00084491456392169829 0.00022416983732689616 0.00010545450947197527 0.09835309545136948495 0.00040596906855748342
6	0.02511613863886463446 0.00211780929724617603 0.00720630397032073419 0.00101177957966700404 0.00166219943261499553 0.00166855517814318375 0.96121721390314329714
0	0.71849350737872030859 0.18652770975584709312 0.00425778193692053983 0.07420899517347198660 0.00375185409559969591 0.01189308451593763458 0.00086706714350286455
1	0.01729399906312337892 0.97077876051107736544 0.00117723990837046615 0.00439748905518863933 0.00400731042951843735 0.00090076600938810325 0.00144443502333327237
1	0.13795985927775189506 0.40177428973820888958 0.05512143801064367521 0.18428464145116255080 0.14234109696550592550 0.05614304293241019483 0.02237563162431694189
0	0.83311308677988205051 0.05774849622051012737 0.03121537164068650602 0.02898154079422681634 0.01469559542371719207 0.02680260873276830991 0.00744330040820891884
4	0.00095521728063416322 0.00264389933606613793 0.00088940825819322543 0.00015456401941610733 0.99065465980035838367 0.00302314550477861309 0.00167910580055412903
6	0.00868261244761154606 0.27531773705395279350 0.14448708441523744339 0.10645338821664644680 0.11352812575667331485 0.00681772014123705351 0.34471333196864129000
1	0.07039013505952690375 0.46334589975018553032 0.03325864564405262014 0.12836405791507138341 0.22840023535181841474 0.02082880932959391834 0.05541221694975152767
4	0.00070329063206074009 0.00124430116948848961 0.00015250604233687227 0.00005488964626234513 0.99518824500932245858 0.00096858857057548274 0.00168817892995325788
3	0.00145790463776539073 0.00196942971819081408 0.00084407898683632203 0.99556717232982216981 0.00001783709404097270 0.00012077853239886522 0.00002279870094556184
0	0.98173907891772960177 0.00052866474595610264 0.00005344247322714255 0.00034318468702740628 0.00112098263122525302 0.00019882904511603727 0.01601581749971835167
6	0.04924454240197020938 0.02368164626168448375 0.00402645424308901989 0.00786983429967644775 0.21596263479052046907 0.07494826938003937289 0.62426661862301979777
3	0.00100731047676138707 0.00179370582081039278 0.00279247351607606184 0.99420342707071418520 0.00005649129003539028 0.00011455189237450598 0.00003203993322813100
0	0.71088309624812917598 0.16274715203586267998 0.00458452338230538360 0.02196149151970538949 0.04260342431054364026 0.03092608677305506287 0.02629422573039868344
0	0.88414689387064238080 0.03508365878022030870 0.00597560099822010051 0.00361986474199216647 0.00982098860828097865 0.00919112255407003587 0.05216187044657425581
6	0.17453534794284467080 0.10470323294239083922 0.00377247372686278582 0.00230668600085501144 0.01623970589312623627 0.00630219067090751015 0.69214036282301283354
1	0.00219757546473988308 0.96901857132228497171 0.01053447357593980012 0.00140749005688124360 0.00010050374632417727 0.01511283337805339674 0.00162855245577661492
1	0.02399551182472817873 0.93197855474578572554 0.00636115001183931977 0.01250181620814814001 0.02108415081562817206 0.00175627396664400034 0.00232254242722666499
1	0.03587033669258957863 0.84189089210610201786 0.00650181408335701646 0.09849616185389077627 0.00243043326975405727 0.01342857463545222597 0.00138178735885428634
1	0.16123391444152002094 0.29644529113772011275 0.28790819647493148814 0.02363936947292667734 0.13528267171583899242 0.03599045675689378776 0.05950010000016887901
3	0.22075401173305875258 0.01715300842751379951 0.00077836052285521786 0.73885447906118439931 0.00579875833411581509 0.00643516053526286061 0.01022622138600935877
0	0.97475757307660315654 0.00134397797828004584 0.00159204478193218776 0.00109359540556929033 0.01562400984370359083 0.00047953769478511956 0.00510926121912661305
0	0.94588420935816119872 0.02628202787307941726 0.00041674695942070175 0.00639613687926809862 0.01782726314740865764 0.00250446371267655510 0.00068915206998511542
2	0.07595092693282291807 0.01338671389529880879 0.88714961509012046914 0.00115602759956400826 0.01104211285693439820 0.00943330176918905257 0.00188130185607043822
1	0.00175427746945513107 0.43885980450819184195 0.41911177393953125137 0.04467644724894661440 0.01158736938020065929 0.07737436169674165309 0.00663596575693196477
1	0.08867194348575294094 0.40645816428024922340 0.03831938076695690781 0.21505698453852140073 0.12210460927956336141 0.09600726113958293895 0.03338165650937297696
1	0.09274914989856899994 0.72212707743035442487 0.00318236256489309258 0.03634809527640175258 0.10719004826752141779 0.00520273900003665780 0.03320052756222365703
2	0.00581249583293791394 0.00293445451306103286 0.88288184800236924055 0.00044538343403934905 0.00690071763024684409 0.09972957015593383878 0.00129553043141225166
5	0.00950276015095656915 0.18482615239576971611 0.00418167075708269532 0.00231155171645119331 0.00297032312753833924 0.79558493710472266702 0.00062260474747834367
6	0.06873389404261261160 0.04088534392314858990 0.11371498167475288521 0.00682969179846928433 0.02721354270710141590 0.02967205504932540414 0.71295049080458960944
5	0.06704282238454162268 0.00896378940850072088 0.01941922666542420309 0.07423777780933435433 0.11971378336966012612 0.69302858615470763759 0.01759401420783109765
2	0.00168309266386309597 0.10547296233291224288 0.65896245109620643632 0.01694766410019380928 0.10644116174450952983 0.07725626755461950657 0.03323640050769519072
1	0.00030254791652306807 0.98733961913472190197 0.00708916595894819312 0.00109647820134463683 0.00014239121679141659 0.00391757460881953564 0.00011222296285069312
2	0.00088914985439834666 0.00096746544080824107 0.99431559500726351963 0.00114581585243429709 0.00205029285218187802 0.00050567638617378830 0.00012600460674080211
3	0.01736924685351704314 0.12771509296863453597 0.03932229731625049018 0.28140089739607454522 0.25247581623450254806 0.18621320814900466090 0.09550344108201631876
5	0.08748357713696351678 0.27430515451030546004 0.06249185487527961214 0.02713493661564224391 0.19881097998850344455 0.31143380756319627434 0.03833968931010949682
1	0.04958462230736415677 0.64760312527015506667 0.00743774087455750538 0.01440445151748328580 0.24913186783354721032 0.02623188415926987552 0.00560630803762289000
2	0.00000207401438850021 0.00002350461944522367 0.99992432643848938589 0.00001281647978067790 0.00001701161956954437 0.00001029866621452150 0.00000996816211348930
4	0.20729813713461753277 0.12203253760662810534 0.07953606275616086074 0.17878415311477188765 0.31155141698724070354 0.05837598117887235483 0.04242171122170858982
5	0.07521044365956200406 0.35169700533732350944 0.10875372144236003513 0.01515668447217072799 0.00779617049114069219 0.41742483978874150852 0.02396113480870165277
3	0.00626075411459865554 0.01261284217333950158 0.00262374369182389417 0.97717058659690803069 0.00090327824173464259 0.00023115732023100045 0.00019763786136361492
1	0.05009270915941738123 0.89100577643713396725 0.01996295800727420494 0.01389834071654227898 0.00327369694528367033 0.02110615070293907908 0.00066036803140921414
1	0.01315453051464637695 0.93330460405924842160 0.00136139803795925596 0.00186484879815916019 0.00161271502811650221 0.04014263789752620104 0.00855926566434441621
1	0.09735618397426364090 0.73244252710805646256 0.02206835272668519754 0.00281972280327847085 0.03421800463693051852 0.02860666989903297777 0.08248853885175268241
3	0.00516803321567733953 0.00125912343353050946 0.00330450880460615021 0.98545465678967214540 0.00105100544952217798 0.00043640753018903697 0.00332626477680227160
4	0.21495001756657594605 0.12926100104556395576 0.05181707655040283800 0.10298404545336777016 0.30017779193575905294 0.01388060111640793126 0.18692946633192250583
1	0.02143455553206841807 0.86531111360317858328 0.00838324152698829463 0.04798979081384604356 0.00998448024410360409 0.03118855369505587477 0.01570826458475926488
0	0.83544299476737693411 0.08131615346042395109 0.01565632806194577550 0.03341797964811431959 0.00963418160243244628 0.01019678916765490162 0.01433557329205142894
2	0.04631205308404332671 0.03062632085641822655 0.91466974303426973325 0.00431446527367729520 0.00119429654799016764 0.00243837354062872427 0.00044474766297245336
3	0.06985305495942698006 0.15758184500977809317 0.00118236141255656274 0.72539670121333599262 0.02791198745620278310 0.01423142710525708218 0.00384262284344233460
3	0.00047290812707688739 0.00887036469968926003 0.00036143267729380998 0.98885602291102414618 0.00031340281325512769 0.00060258129121522667 0.00052328748044686002
0	0.38238544691424380950 0.23656209207575512599 0.03191473073014343409 0.20412787667194404184 0.03191998647042962323 0.08694493492699900683 0.02614493221048486832
1	0.02893572540834035006 0.86781848838271369306 0.00235462474847665916 0.06452100549019523790 0.00932858869580405550 0.00778397806794458181 0.01925758920652567013
3	0.01050658958864400701 0.46163418401558992121 0.00361096472055445631 0.48473595273015640528 0.00149684217268139584 0.02256088044607931081 0.01545458632629388707
2	0.00218336317340298751 0.00254389827018390450 0.92445780508260733122 0.01124814129462710539 0.01812204933297608539 0.00502031515323476518 0.03642442769296644345
2	0.00025483794239176456 0.19378241450506761279 0.79665072627700150854 0.00675058040161899582 0.00009777178148003121 0.00217671372948201282 0.00028695536295658892
1	0.08101722494645105521 0.82672911087895717408 0.01119521583691684453 0.02322979717010969711 0.00173065353093422190 0.00096971493621290320 0.05512828270041789797
3	0.00063390436713685089 0.00026437940430410232 0.00010109796425101837 0.99880055889534102853 0.00004647532832306363 0.00001232703955984987 0.00014125700108412006
5	0.01996539185180539605 0.02061433612519326247 0.00476997653472267108 0.00127721743654606317 0.00183961624833949336 0.95002576943233152384 0.00150769237106165984
3	0.00020329736344336280 0.00597655746235158276 0.00165796871337320763 0.99032284916905943817 0.00113940527178011254 0.00007658032389418291 0.00062334169609724952
3	0.14312965387170314968 0.16094604938909226610 0.04416775590500573306 0.52470772615891525525 0.06637613294780157769 0.04869811849767136103 0.01197456322981074392
2	0.07400500391880715512 0.03819313197416349809 0.72925810862454343297 0.13167711813240601249 0.01341545062954277445 0.00517963324967776750 0.00827155347085953806
1	0.00190538512950881741 0.92525909912814841007 0.00280636183025730805 0.06713472186144478493 0.00036444583141385581 0.00045562365925857601 0.00207436255996916756
6	0.10341864284457349954 0.11273000427554137615 0.01852638342637409966 0.12637291431252609120 0.06627748065675830025 0.01288804634256996741 0.55978652814165685836
0	0.99436809853583640884 0.00037431655274842263 0.00016377755431758181 0.00079872751964970667 0.00219304225300531253 0.00097683173178148811 0.00112520585266157936
3	0.04020759748191408273 0.16035179513364641868 0.10168920433813831428 0.56216914231877923580 0.07171171468418723050 0.02721777565488843476 0.03665277038844601959
1	0.00653053743657934331 0.97053326648453108749 0.00917955575734497216 0.00618003807563438819 0.00026977383130444971 0.00551021771347708165 0.00179661070112797981
3	0.18978716399420322847 0.09124774847232096364 0.16515204026155683170 0.35494150113389161261 0.07619704832217605306 0.10482559603525333503 0.01784890178059798937
6	0.13303344451218951372 0.00059356255435929030 0.00067032682354384429 0.00298050828722361359 0.01350169181676279251 0.00363570189940744075 0.84558476410651339794
4	0.01884056380775049264 0.00422030210688182934 0.00241495466629104748 0.00039701579451157206 0.81057504313018802211 0.00154608774056702895 0.16200603275381011970
5	0.00642752958985599518 0.01093955480752775884 0.02194519885323163721 0.02693958780935584718 0.03961631612784102113 0.87573199197945372774 0.01839982083273472221
1	0.00001290938607110723 0.99959028967814111954 0.00003205188390015281 0.00001087249296305233 0.00001035615866651628 0.00034116356277681187 0.00000235683748066760
0	0.64813380021112998453 0.03543394650547027763 0.02271403436964385472 0.06174529168293169112 0.02508953042694908944 0.03944729846769989140 0.16743609833617523197
1	0.02207437251608539500 0.42580570729446731715 0.01473437989579236447 0.06693404114815230954 0.06103830007497836052 0.19324857122789476649 0.21616462784262976959
1	0.13242880894988107165 0.70050245185161008621 0.00772235254791130837 0.06207261572780830433 0.01383817732777363647 0.08018274786043796953 0.00325284573457765899
2	0.02378870691153594716 0.02259739920936758295 0.92748927890084442716 0.00216270140237627244 0.01850922832126987091 0.00456470306512719772 0.00088798218947843852
2	0.01094606829762904097 0.01035316007690809115 0.87733999274602769702 0.00247075326489506466 0.06265229032629107686 0.03449998487931121849 0.00173775040893786072
1	0.00092043193263334532 0.96990004585000444415 0.02292893053132019285 0.00279929548459858981 0.00028853547015725848 0.00144877530839519872 0.00171398542289130521
3	0.00098829361310935875 0.00430013918921466794 0.00099400965403123208 0.90798654211603746500 0.07494979397594236925 0.00985875282635343027 0.00092246862531110939
1	0.07528617755092033292 0.42108925023872689763 0.06571983119675628426 0.02680907395716405212 0.06691035619939485202 0.05982587023719141556 0.28435944061984619324
0	0.50905555309072814119 0.16021776347128935392 0.13027928267161853482 0.12825985775421006041 0.03231339583552862715 0.00958248848823518157 0.03029165868839024667
3	0.14642173644404921085 0.07611657718766966230 0.02136130605293025744 0.66792582248264753542 0.01577621218125570615 0.04065094812535514912 0.03174739752609269383
2	0.00156898564045441645 0.28314992067275429610 0.31442169835268873879 0.01152084530963404761 0.09691474807652367129 0.00393911051064972824 0.28848469143729504882
0	0.60154420960124543871 0.13748031820105399703 0.03695749460653426771 0.03445726351166814028 0.01789207691344587778 0.13485294591964114286 0.03681569124641127094
4	0.00327273791763018577 0.01723607513944126063 0.00228291864173244289 0.00490665075298572350 0.96945485849780255183 0.00102620319841413305 0.00182055585199384826
1	0.00749190567151894731 0.98850353305120641778 0.00077942974152972596 0.00154407022307931699 0.00117099073422708344 0.00035421558835352693 0.00015585499008469557
0	0.45885728539006742643 0.12149557469786070873 0.04777326185458185409 0.03680649572624329624 0.14552286456839008677 0.08018542311607175510 0.10935909464678510161
5	0.00316115072635583978 0.01439762232556067098 0.00739274254344211498 0.00353359851233607091 0.00109580643416150639 0.96378659475107375521 0.00663248470706950203
3	0.00526538789952700481 0.00347383410897574105 0.00267673372776121125 0.98650490538702040322 0.00147983462290665613 0.00006985194791249327 0.00052945230589620293
1	0.00621689245600316742 0.96909408050466472329 0.00018264981706831110 0.00542130397985492781 0.00099386630050415383 0.01802567362829570960 0.00006553331360849560
1	0.00106747634206583110 0.99595550496108520289 0.00022539294474823579 0.00236571162328694067 0.00015994772173578072 0.00021509967804500248 0.00001086672903329660
5	0.02767244876441032897 0.00471689135105872719 0.00135563829291691679 0.01333426771265358753 0.01765440708245407525 0.93017823005514976842 0.00508811674135617106
1	0.02594586049386617133 0.85635587742084728902 0.00379868011615754498 0.02990128469150737933 0.00538222398155667123 0.06504961308915879759 0.01356646020690581433
2	0.00160381701642308924 0.12934492634610764150 0.67305750715995704692 0.01867316817594256648 0.06337798932506646943 0.11017287417829189911 0.00376971779821100696
4	0.02867532480088134245 0.05473989249122749451 0.00725763603558955955 0.03591460635058654760 0.50239847336626219931 0.32780596933016387107 0.04320809762528945303
3	0.09896209889683860172 0.11106243450928234007 0.00100939887465072565 0.77208546567705305108 0.00177139626483290946 0.01246614534294363148 0.00264306043439858744
4	0.01125941905601454338 0.00402237914656500360 0.16449821565039443594 0.01153707809446284996 0.72484670459454902947 0.02387783234577183292 0.05995837111224248256
2	0.00018624747897011927 0.00815576819740528557 0.97890948753283413275 0.00026075966942052411 0.00020444323555366959 0.01075208687299712002 0.00153120701282018234
1	0.22545340467718508193 0.49486174670217375482 0.01523645926856347955 0.04659363871821231573 0.10148264518573524295 0.05670395650112624447 0.05966814894700381289
4	0.00036597516285637118 0.00075206817927657736 0.00004966500113948235 0.00001553139100740837 0.99729083908290627747 0.00026078489950401632 0.00126513628330988622
5	0.00002260158559026445 0.00058870996042917074 0.00061605462977103002 0.00004220372289293353 0.00050987280091001873 0.99793221573765689136 0.00028834156274967673
1	0.00841302231902917377 0.92254870055945448204 0.00821169812321772413 0.01110036478304630980 0.03234272508843691329 0.01398563205262105640 0.00339785707419380930
0	0.98538815509728949760 0.00520764664120861118 0.00081459465481955738 0.00338647034441285667 0.00296331381071793980 0.00052390649938790286 0.00171591295216350667
1	0.03913569394008961644 0.64487133266697616030 0.00745512370465753731 0.07975113620859408670 0.02196325075433660373 0.15359488607847091024 0.05322857664687526830
1	0.09476925130943275599 0.58202411852817315108 0.01069125108118616947 0.28406952127199325275 0.00875978030592698687 0.01458674219206937232 0.00509933531121810682
1	0.00161364759526039757 0.99148841570641055299 0.00219291648094454596 0.00069186203091491148 0.00088278482868583866 0.00253837331783626774 0.00059200003994668840
4	0.11459349011917802086 0.01073716660727795646 0.00564061143447782808 0.10257653942016965731 0.60839766526061822560 0.14420948241249245680 0.01384504474578553655
0	0.84940806722356021474 0.02189740064515642223 0.03756814513809943190 0.07092838902058634654 0.00542626648657236563 0.00547371766102776065 0.00929801382499732126
1	0.00669524428570061718 0.99219327460911399541 0.00021425067991836947 0.00028196815843909752 0.00005265305108193717 0.00054833201553537464 0.00001427720021184130
1	0.00145195047062350938 0.47694335561361189679 0.45335696207338344044 0.00272731082452432961 0.00015087617393903598 0.06281142992348673348 0.00255811492043206152
0	0.53514029290898235125 0.01524873272787701135 0.00532456083733966277 0.00686391286141200142 0.06626828012834748427 0.35742726895831139489 0.01372695157773007150
1	0.12737073065173157294 0.51964421218288847637 0.04414158181489673954 0.19606565614424034671 0.05268516101571761590 0.04789569077423747739 0.01219696741628805044
