0	0.97239312391604515451 0.00927484117060736746 0.00072890327232099782 0.01253637014502065848 0.00121402893830832494 0.00058651136067617952 0.00326622119702142319
2	0.00052370724242335916 0.00024613469399657279 0.98994708115894591849 0.00010230210887945818 0.00743983793407953717 0.00147053649239488153 0.00027040036928089076
0	0.86246430290601039381 0.04290817848221619574 0.02168048437555376504 0.04639007717651266738 0.00839262851697061309 0.01159385127326880739 0.00657047726946753674
3	0.00002524768501340916 0.00005944941153637457 0.00000142320139551224 0.99991327511732119859 0.00000010803626172923 0.00000038958432570076 0.00000010696414545138
1	0.02601880262197809116 0.81295732265209275091 0.01505772554344135539 0.12317071632744681919 0.01064644856775141465 0.00308568878248772095 0.00906329550480177576
1	0.23121722337952330117 0.71682723827871619449 0.00111217281757202747 0.01897205772877414917 0.00131691762401402808 0.00239444845885055909 0.02815994171254980818
4	0.00302997296141322824 0.02908696889265180094 0.00983920825708096969 0.00144089072785626702 0.81247146964304517436 0.14055406648867480035 0.00357742302927745821
4	0.00007965154829900445 0.00043223807541293479 0.00007846836007619044 0.00027253757149013716 0.89525262203084421397 0.00001908441489513134 0.10386539799898147907
1	0.02164431711407635919 0.94919443043330620213 0.00027237677109332077 0.02880227939003947649 0.00000658507763360327 0.00007037007641756002 0.00000964113743315290
1	0.00111087061050993440 0.99771707124541275657 0.00011284798302113225 0.00022020157417906397 0.00014649103368555866 0.00067047824548866148 0.00002203930770213826
5	0.00299924986395180230 0.01063117321034171003 0.22453165226620555583 0.01373210032580181143 0.00010234494136478831 0.74598973681053915019 0.00201374258179490978
1	0.02630162680183780952 0.97072780677495473789 0.00049607804593926948 0.00030960761539386493 0.00020135761943810166 0.00095645763218563909 0.00100706551025025624
2	0.00005828902916182001 0.00001233574217946315 0.99960561113908308339 0.00003910012606582809 0.00013688243229611534 0.00006909459356651022 0.00007868693764729610
3	0.05276102341851269389 0.15161129394212130572 0.03729432043772606259 0.71360950567819092516 0.02163796116168970052 0.00767549787405582499 0.01541039748770367708
3	0.00251799368648516608 0.00098077057672791863 0.00053306947637403533 0.99592488306227289208 0.00000850302155292589 0.00001860148700055324 0.00001617868958605751
3	0.00126916903045447846 0.34154982034623615483 0.00060485211554963661 0.65181829671431745776 0.00379830968009467864 0.00071954671634710354 0.00024000539700024575
1	0.06093913134466411030 0.63121112685628555372 0.04246189636102831733 0.11370778957651740682 0.05052420516488643348 0.08270942498430561285 0.01844642571231243020
3	0.00089508566838169092 0.00310564829458257873 0.00047173734580989132 0.99538419470482175644 0.00002161427883360428 0.00009070119407235799 0.00003101851349864345
2	0.00030095549401802397 0.00011851400303424260 0.99786006363273038744 0.00010830042523302558 0.00127719543530366493 0.00032245381935926690 0.00001251719032014859
3	0.01248718992635367529 0.05392841507011449098 0.04296681630350091680 0.76514394353755255107 0.06916731786009340521 0.00782905427769103011 0.04847726302469401033
0	0.43651374303662993093 0.42888314858571857657 0.03831538808208483082 0.06025246656695378011 0.00868376732093987212 0.01371446904977092866 0.01363701735790199231
5	0.00495917513093521028 0.31842958861996634168 0.00597584461868854409 0.00054946364277599544 0.00215018213350381742 0.66769036243138057962 0.00024538342275009004
1	0.22326573078870845523 0.73350586509336390684 0.00014430688037099374 0.00233611573205796084 0.00099799260785104820 0.03757170513255298633 0.00217828376509463613
1	0.01038072258843936342 0.97979973593292479794 0.00304700505312394945 0.00403252599337772157 0.00078886001364721515 0.00183754517553297563 0.00011360524295365266
1	0.04312471473669943905 0.92508840063733932535 0.01410356265813719236 0.01136697721059951212 0.00388302129163269364 0.00145871306715028592 0.00097461039844094299
1	0.00433460260231501634 0.96693512799741232477 0.00008093471310765970 0.02839083727575774860 0.00002747432649828822 0.00022345651633914966 0.00000756656857011897
4	0.00062895452269833214 0.00486130619033416089 0.00415286604633519248 0.00092519953620099889 0.98622212586124913258 0.00055665233466542193 0.00265289550851633381
4	0.00192316489727017200 0.00111117163954376104 0.00043079290107296049 0.00031558547180808648 0.83481919137290971911 0.00005927945403374308 0.16134081426336155385
2	0.00022223433192093190 0.00031411626410087336 0.99906822383757321049 0.00002839503552107000 0.00004837312628709975 0.00031632729129060528 0.00000233011330686068
0	0.96466571945840517976 0.00685645716808120937 0.00168361957978015349 0.00917241288916907475 0.00513527905908748011 0.00488425647024084194 0.00760225537523600680
2	0.00088812180075346176 0.02149787837677919616 0.93265072047461838878 0.00801485193277426920 0.00946035940776663795 0.01611506372428816655 0.01137300428302045509
3	0.16786342294608630477 0.05392302438239748169 0.01294543205485914304 0.70259691406291258087 0.00367067819959646796 0.00295072558541699045 0.05604980276873128969
2	0.00231834131782116936 0.00020264113766202456 0.99131703407479920820 0.00000971408877852327 0.00029122149545892810 0.00562469903636756731 0.00023634884911213365
4	0.00004864162324186053 0.00011049847924883616 0.00041938819471701500 0.00000890133989892507 0.99831104517726743097 0.00018449900055408298 0.00091702618507123876
3	0.00056021170070054047 0.09170547871299182530 0.00054793712639126288 0.88569794007417801396 0.02116711160072054163 0.00027562384144080268 0.00004569694357645957
1	0.00804123934451720160 0.96827568641118644255 0.00602377122583187298 0.00244614859118544737 0.00637694601695885585 0.00812419512955476000 0.00071201328076592532
5	0.01095385087932712088 0.03936464144853576291 0.00043938152224149568 0.00005683878314537520 0.00427457193389779028 0.94489439424374310761 0.00001632118910974613
1	0.00508024521817188480 0.90903036290799765773 0.00940259381829909417 0.06779212896900713159 0.00208407523945218455 0.00577703903971676924 0.00083355480735530058
3	0.00097205199506495397 0.00081098394684392546 0.00016944163441515300 0.99790356521348833052 0.00001087336350436748 0.00006812352575983267 0.00006496032092387941
3	0.00580162546520102650 0.03992178333696815018 0.00649616595329060784 0.94665410351839962555 0.00015823353067672953 0.00011299472947415560 0.00085509346598881006
4	0.04790832929824062614 0.07256823931631779800 0.02522173611273217236 0.03138597352342331614 0.71511371787682476153 0.05554731692851293950 0.05225468694394866387
4	0.00522591438889346248 0.00007015251104625423 0.21195034379410099268 0.00003277618142452150 0.77764414838054496393 0.00103960760406526039 0.00403705713992386778
5	0.03339261872308030982 0.02442240364294469279 0.00319513833794253001 0.00390880300231405409 0.12361173742790644570 0.76424957510954960593 0.04721972375626263402
6	0.00011619743663451165 0.00031808186267976124 0.00011947600828920529 0.00010269471083766000 0.00059586976116965526 0.00004746928922672530 0.99870021093116334576
1	0.00025107059626916392 0.99938970528177084596 0.00007355775720283154 0.00006286321998142893 0.00010042846062149754 0.00002387671006521715 0.00009849797408748871
2	0.00032171308058661816 0.00150978179935338315 0.99511418527802120160 0.00012409628954679843 0.00061102535354508607 0.00191638289712038482 0.00040281530182680947
1	0.01366607914946234292 0.94927622486892060394 0.00452381495027171562 0.01100650753510769991 0.00136603787009915360 0.01868451670842220455 0.00147681891771696380
2	0.00031415783707487217 0.00079717400764882449 0.99169289291009254939 0.00018709180335020140 0.00320776208621856252 0.00313796334620840582 0.00066295800940539785
6	0.00546616253328081805 0.05767459623869092972 0.01043681652184190629 0.01031407512261672127 0.05692900541789876895 0.00262217818526257890 0.85655716598040809728
3	0.02579539552834755889 0.04709633460249399578 0.00037408260300170280 0.92559518336184387621 0.00024445977674439416 0.00062353659780690148 0.00027100752976119328
3	0.00265848647461628014 0.00106764577343432905 0.00014503539374800893 0.99611229168685799795 0.00000151581864243636 0.00000335968198217679 0.00001166517071979346
0	0.91741343974308808829 0.01184715949838098178 0.00181031132948361573 0.01246846236987659076 0.01031998784683157977 0.00660849743865812248 0.03953214177368091775
2	0.00019391046300912674 0.00035625657718014954 0.99341837178269676301 0.00002593425467080305 0.00070871609440151348 0.00514559320800842164 0.00015121762003198451
4	0.00054720688512855319 0.07282773843782483492 0.00170755028917070491 0.01348817755887051287 0.90994325729727121299 0.00083897236804868322 0.00064709716368521492
3	0.00490307291735452098 0.01264919445277428063 0.00016266903961945897 0.98208893865660618072 0.00014988486319521312 0.00003006457326419286 0.00001617549718671719
1	0.00195577264669374732 0.99558320715316206417 0.00052600892747728422 0.00124981709415930217 0.00009754618536897087 0.00057219658230072031 0.00001545141083801339
5	0.00279282375967626097 0.00055241514310101682 0.00088262469139399049 0.00104814463604267620 0.00069914332582384127 0.99151629471549429518 0.00250855372846751435
0	0.64817529012540775479 0.32751328575714194757 0.00012804477172453037 0.00253132123527798503 0.01252640826989891674 0.00119004897250545440 0.00793560086804358418
0	0.56277941486044880115 0.41530973118192554550 0.00159405691825459535 0.01333994821016692978 0.00113775916243102600 0.00513906915792989704 0.00070002050884305058
1	0.00373479572104497759 0.98408094884666585944 0.00052690793853638724 0.00541597105324810070 0.00541373607972133603 0.00057551557932545628 0.00025212478145711782
3	0.00009045376580419379 0.00051956021923928435 0.00056794497153306658 0.99861601331967331241 0.00000320417213976210 0.00017867010353944362 0.00002415344806949304
1	0.00064175874695579006 0.99811213704927093104 0.00050873297794566078 0.00033797947452767212 0.00019439449012787559 0.00014284234720866984 0.00006215491396314780
0	0.99532829767469666038 0.00054334529455468997 0.00005931117015422313 0.00051432121951127850 0.00078580363997807169 0.00013059532815632083 0.00263832567294866377
0	0.99045579940329653290 0.00179901255588165322 0.00069683500870808995 0.00448323890927246858 0.00086539562983898243 0.00020023520913705958 0.00149948328386510614
3	0.00061672036387427735 0.00750174713571114156 0.00007109967291888483 0.99165280395989674478 0.00002556880800453684 0.00001812789692637022 0.00011393216266791539
2	0.00048115592120389299 0.00027863842135994650 0.99849626782705935835 0.00016271824111447497 0.00017897373256634406 0.00036714818934589224 0.00003509766735005225
1	0.00813604398838583577 0.98647466880570511272 0.00128336881847702640 0.00271296617302708076 0.00088792619318665313 0.00016627285960242651 0.00033875316161590936
0	0.98987903543066790846 0.00481691373015045565 0.00010239785110500027 0.00033342724088710336 0.00135185101118189509 0.00066178699624558433 0.00285458773976228486
3	0.00641160258685645901 0.02785706227738375673 0.00009920131136318942 0.96198257688961397172 0.00311034519394874469 0.00030577333984288150 0.00023343840099140321
1	0.00658716860004591315 0.98157293383715893409 0.00042681106752336177 0.00143045948070823171 0.00198488378806550630 0.00027966792404241462 0.00771807530245530778
5	0.00009552779783290602 0.00152802307949306804 0.00031682308782172980 0.00025461029403365854 0.00015309935013301556 0.99756128474834715458 0.00009063164233979223
1	0.00270053995148560435 0.99378849677101888105 0.00068626687853044147 0.00191963119448804133 0.00027720227277865599 0.00038734386345994336 0.00024051906823745832
1	0.14214976646826213424 0.69270974720285372062 0.05383053754141858133 0.07626991706710983809 0.00566517047182495213 0.02555997508002312568 0.00381488616850765442
1	0.00516730943741568541 0.98726457857258897999 0.00000519833302697946 0.00746073828035038675 0.00003818222963309896 0.00004621190939624878 0.00001778123758865721
2	0.00156050849272142394 0.15431990523578228980 0.82705101433770034092 0.00130191472110675454 0.00074164974305248362 0.00645289893294514940 0.00857210853669199135
4	0.00019632455621358037 0.00035810300095787643 0.00086013020366993375 0.01536010032362207511 0.97927202468928120638 0.00068969747687879163 0.00326361974937820938
2	0.00354759409206483215 0.00007347329572544673 0.96642207612926223081 0.00001804601558163923 0.00025563546391476906 0.02961128875049192158 0.00007188625295844017
0	0.99601031714717380705 0.00014215639475759141 0.00000719684341412061 0.00290149770523802060 0.00009408932709272836 0.00006264956134947167 0.00078209302097434561
1	0.00121492212998722325 0.99771081274986961329 0.00009902007072060809 0.00001147542920957920 0.00014691091102667252 0.00066118727335689347 0.00015567143582904773
5	0.01364188781209960816 0.08861203939687023468 0.00782604790544785302 0.00997621072445023169 0.02698579441099842324 0.84015596773751699544 0.01280205201261646122
3	0.00119584067328581023 0.00956492138642066163 0.00053515217150718844 0.98850289329352092338 0.00006385638042938016 0.00008182033179797562 0.00005551576303834782
2	0.00004302386886050845 0.00012616127909883865 0.99856853629553599117 0.00002783708827539674 0.00092596258893277745 0.00017774925004006642 0.00013072962925609198
3	0.00236975894118179398 0.07428008598787634587 0.00003575207862468070 0.92328590042131186699 0.00000911730635616997 0.00000539899120861957 0.00001398627344072451
2	0.00199472440478794906 0.00006731011913591524 0.99654680114506311028 0.00010751398025176816 0.00066233832634979512 0.00059868437216608890 0.00002262765224557488
1	0.00056921206457975543 0.98438572250717037981 0.00043126612790265117 0.01148752227650678276 0.00023948917551645877 0.00263930055899951445 0.00024748728932453689
1	0.00047452982627206928 0.99809574799412081880 0.00028615782903278133 0.00038782128889889461 0.00015120943624884930 0.00052042258231557780 0.00008411104311018907
1	0.11575028039183070383 0.87811856487080164335 0.00039303283336362065 0.00333101407295504108 0.00157706598114112917 0.00013446647194336633 0.00069557537796436991
2	0.00015533177054552090 0.00005595789655756155 0.99919225287641033617 0.00001666648847379999 0.00012473405498551111 0.00028665087346455042 0.00016840603956360848
2	0.00125442969436780050 0.00058210958694111846 0.95990279419964885665 0.00013709861676365756 0.00492348629499114905 0.03298911389093437535 0.00021096771635307357
4	0.00057374643889173598 0.00084467058754666665 0.00069278280754824775 0.00015339439805095068 0.99479660264785574331 0.00001901092219882088 0.00291979219790715078
4	0.00016118539643573631 0.00147097575026980355 0.00065429171722590268 0.00002494946217814146 0.99596439789130652986 0.00020044822414409382 0.00152375155843905222
4	0.06855280389971912802 0.00220561307741765902 0.00149891740321018312 0.00027091019760442546 0.72438361897977243675 0.00215538432066742641 0.20093275212160877086
0	0.99398330621138886176 0.00317272499490928650 0.00005596513508163136 0.00056623148035642558 0.00075608556749232839 0.00066787904003800115 0.00079780757073345961
0	0.98841508863320570732 0.00108568341536073349 0.00016191009114695408 0.00065778935596843701 0.00182667836088638174 0.00013992846451306524 0.00771292167891875907
3	0.00004463916688861571 0.00003795675357890995 0.00000745265155749149 0.99990801900642445332 0.00000014674225159532 0.00000143137846379445 0.00000035430083585141
0	0.98531422306681781809 0.00072870308420068042 0.00012327158052298355 0.01000379904714629800 0.00057888647638569134 0.00018220780517635925 0.00306890893975033437
1	0.00626084065844608080 0.98508478187246895086 0.00095948506036441089 0.00165663262904227628 0.00008405901077750868 0.00567357494548232765 0.00028062582341716909
5	0.16282762484816115656 0.00575279552832999152 0.00388849145628412680 0.03149679325841014260 0.00104072729915858611 0.79191659894057786495 0.00307696866907815249
1	0.01334532984123772657 0.95463815790198225386 0.00298203664874874047 0.01843815570656482522 0.00727619365406693107 0.00307767526172872093 0.00024245098567129107
1	0.04370295966243586266 0.85181391416464791178 0.01937163121096648413 0.07033127827979906987 0.00293673218616693739 0.00527620285732795756 0.00656728163865585857
1	0.00116466829290661758 0.99820109055095673778 0.00004351781004968275 0.00010372812213327754 0.00005356307448793455 0.00042563210538907643 0.00000780004407672246
0	0.99444310986042860900 0.00099817466270470004 0.00018077392753046396 0.00102175283884987965 0.00181950557419255430 0.00006278873951248532 0.00147389439678116620
3	0.06492756935685493891 0.09373134853769750363 0.01335104155048355556 0.74559857843638932540 0.00752360934281818584 0.07065105088773881992 0.00421680188801779737
6	0.00041169635464342278 0.00004787517765496205 0.00003073524506703583 0.00000053820526586139 0.11670421037638624429 0.00000654092153160249 0.88279840371945128563
1	0.00034878368229699193 0.99744814943692228226 0.00007859218371014337 0.00001629845261052846 0.00000679290212060896 0.00198436874469272353 0.00011701459764595998
3	0.00026492194018970093 0.00034303334134568747 0.00001256526679413104 0.99923789884683100748 0.00007357768687373620 0.00000855877315532069 0.00005944414481044676
1	0.06528627621491843447 0.85033057921798416157 0.00237277015705127971 0.06833845483885084282 0.00810400968741982648 0.00482577870096279320 0.00074213118281241661
3	0.00674872831411643150 0.05942858033348890484 0.00392840820514397775 0.92611144423062441433 0.00141983209026601254 0.00192436967591981707 0.00043863715044062461
3	0.00240595667536689988 0.00143603029616477069 0.00364246831337721073 0.95952995472210889094 0.02402420089271309345 0.00410394610722315638 0.00485744299304636737
5	0.00159996924805119929 0.03107197279146721447 0.00269707917738095737 0.00308709569821755429 0.01914422035146057244 0.93410968295421958896 0.00828997977920263064
1	0.00905640769886052396 0.96414914282097829989 0.00578035200890324175 0.01194114715043502299 0.00434174440109571982 0.00118467756007308326 0.00354652835965419593
0	0.97955872141282096521 0.00128657450431682611 0.00029246594293579227 0.01484973274152803085 0.00071553333455055530 0.00006397888753693223 0.00323299317631098055
1	0.00004630147506751971 0.99837071600881865940 0.00012024176950693111 0.00069479956302152758 0.00006243807609848542 0.00052478493165779370 0.00018071817582967321
1	0.01660155923687594778 0.95424573042497784492 0.01624208274845800881 0.00338086186457755471 0.00494364271215205417 0.00430963836704625555 0.00027648464591140256
3	0.01081119447516851184 0.00407541353716078109 0.00964937461231025161 0.73037305123514306704 0.00374472232623859064 0.24124900507153287932 0.00009723874244647372
0	0.62845865721776161816 0.03001745950802054211 0.32316027883188674918 0.00035229067139608110 0.00962707718122524266 0.00827739117868410250 0.00010684541102561899
6	0.11694506223230946573 0.00008873921056877016 0.00004505717526968956 0.00071604479708735531 0.00631875220713200639 0.00066608853015689181 0.87522025584747598081
0	0.93326890294576514417 0.00713573654924449553 0.00032298266426460689 0.02925237467177172271 0.01278343317189311115 0.00295092461472770771 0.01428564538233328962
5	0.02214367487040307461 0.00008962108628816822 0.00001676867109397311 0.00012668445948992347 0.00048421216936363800 0.97691890428787098166 0.00022013445549051738
5	0.00021293812043244266 0.00149890813253723181 0.00053765827857101250 0.00051351162750909061 0.00010572388700533897 0.99711964179186451940 0.00001161816208057195
1	0.00048788136502045187 0.99834240888448821938 0.00003156801635119611 0.00038737665091074071 0.00045340432106330487 0.00012617394726907797 0.00017118681489682519
5	0.00644914059849084099 0.00359750957416761974 0.00009917698667315813 0.00082310565197490514 0.00025644172243972159 0.98875242776581517834 0.00002219770043859542
2	0.03844041597627421286 0.16949695288036353835 0.62902191133972418235 0.06687558652777701729 0.03817212280681055864 0.04283014613981071805 0.01516286432923944980
6	0.01804672561392249922 0.03249751521537158627 0.03924795350396234617 0.00301011145272998132 0.01790205054437266768 0.01200096271380110893 0.87729468095584028919
1	0.00565616065053496479 0.97938532028580393973 0.00039006782359880815 0.00446264416765187848 0.00973807799119576212 0.00031980785742063159 0.00004792122379541647
2	0.01105729295696063208 0.00163506065064260818 0.97904513640198087554 0.00000696449083145997 0.00156745148100262974 0.00615873827698592939 0.00052935574159603265
1	0.10821672474827825905 0.83308726104139618762 0.01058393935992266166 0.03248851133040077388 0.01038157539277741008 0.00298029934046781112 0.00226168878675711647
3	0.00095477248210082410 0.01462431093864284375 0.00205293898790274033 0.98034744013375374472 0.00016445444621971607 0.00044815001068825510 0.00140793300069231957
1	0.04386421915732998528 0.92514230374782135957 0.00663298206462660436 0.01750184707632967615 0.00341387859888998314 0.00276547042139552992 0.00067929893360683805
4	0.00002528408148785763 0.00004495770379509884 0.00001400313376891755 0.00000439580671189036 0.96723950242341405481 0.00001232124135029381 0.03265953560947156692
1	0.00040344811459026755 0.99655659727920087310 0.00008426948428333835 0.00282394974111321948 0.00006748677299242319 0.00004838545742691582 0.00001586315039326601
3	0.00161494710715395459 0.00655132867367381501 0.00137680503599717273 0.98686936468701458303 0.00228613772433763993 0.00050282966240233458 0.00079858710942070396
5	0.00384557215707183537 0.00029396303941505597 0.00258826955917337582 0.00140401520742084091 0.00173772339962319070 0.98997322860999759087 0.00015722802729770680
0	0.86124026722672830658 0.11965149682959147492 0.00000724531424013898 0.01904885254905422723 0.00003547002771519671 0.00000028033393168916 0.00001638771873925820
1	0.00798897133726170737 0.95654962134460930212 0.00569746848688345003 0.01312294241106561239 0.01467375500937913996 0.00094465475036305897 0.00102258666043752457
6	0.05072753567332827923 0.00282533954400427311 0.00099182188272207311 0.00037547483442688045 0.02896045335483237934 0.00296066009812699215 0.91315871461255926356
3	0.00152505806372287261 0.11274157532208570198 0.00284022627754658115 0.87754770304386275903 0.00338345002904197551 0.00058053835605162115 0.00138144890768867180
2	0.00269922033259992981 0.02609536466820312761 0.94211009039414006505 0.00005491313807030636 0.00616889275189759327 0.02279329049575512522 0.00007822821933244543
2	0.00013332751772075345 0.00362193810568898784 0.99567029998591971562 0.00002774138043413997 0.00003767816170859106 0.00049928877306976106 0.00000972607545666204
4	0.00035562771975043467 0.00961628407665566370 0.00095572677894168909 0.00244789036793859049 0.98121988147276295589 0.00068201652072732641 0.00472257306322341683
5	0.01736615983363571855 0.14017532204621907521 0.00035966435888583429 0.00007192046974702088 0.00421375868746400213 0.83778966070351490458 0.00002351390053391802
0	0.59805820433693390736 0.02947614905972115520 0.00023133209137957478 0.00017353579273104134 0.36760040299126145458 0.00014295565560087735 0.00431742007237213583
1	0.07183601828638165598 0.65930769452377968598 0.00417584138539638973 0.13990169146907960318 0.06657037853623944124 0.03083949548015273157 0.02736888031896973425
4	0.00009689756319430093 0.03877028761071616564 0.00578311370606589704 0.00305004207840019756 0.94854098006602016735 0.00117173963717228345 0.00258693933843024207
1	0.01315185552082902103 0.87751737086065972893 0.04843401398376347144 0.00847035489375140387 0.04265933313850922559 0.00635284113370993865 0.00341423046877668704
2	0.00001708804740397247 0.00000725615811567901 0.91832741955865893058 0.00000048692535325830 0.08036129355662367801 0.00022171068721330478 0.00106474506663023646
4	0.08322582857955486413 0.00585909604879814201 0.00008523109723950532 0.00455354326663564690 0.90590671648373211067 0.00001772070324612237 0.00035186382079313772
1	0.00654269771107163917 0.84934477754085835333 0.00664347905142796766 0.06574550403179200975 0.02980794897582650371 0.01976690812228754784 0.02214868456673557348
3	0.00085085670486215517 0.00066297749229261729 0.00011475243020593678 0.99834089095445321949 0.00000786394892148711 0.00000264964819403488 0.00002000882106946508
4	0.01736966014322960383 0.07924791894849657348 0.02282268304252852917 0.01661631035111548610 0.82956191796655986970 0.02951362174338666156 0.00486788780468427537
3	0.00333745828850237842 0.04856016091688856312 0.00122976994559187923 0.94508331563809599984 0.00019741785863473769 0.00087735537278341331 0.00071452197950295766
3	0.06946488247991093601 0.00136733252288066018 0.00272892078982243892 0.89374372762455889241 0.02630727994736622652 0.00335342713165374213 0.00303442950380688548
2	0.00004567946889999339 0.00005873091410779203 0.99970649502855268853 0.00001022600638372678 0.00007709857757329221 0.00009382646288032430 0.00000794354160057142
1	0.02664741541429375971 0.95683979543455988104 0.00202081756235642732 0.00755989419240627337 0.00608415256158788189 0.00064442344460023009 0.00020350139019562928
0	0.99812111166690808961 0.00024444876324413687 0.00002085806916642903 0.00016235302371191864 0.00080319070752269859 0.00005901708361339729 0.00058902068583322983
1	0.31207667234269165224 0.68536629578470187329 0.00002241094689467840 0.00017520951138771330 0.00139246731183953107 0.00038097759683109502 0.00058596650565368314
2	0.00005496505955531864 0.00003089685074640615 0.99952843670608626514 0.00000697118819520559 0.00007007969367382467 0.00029943133140293104 0.00000921917034237436
0	0.99630847142599676669 0.00038359365977071267 0.00004137990928587624 0.00205502917983251205 0.00010031599330959050 0.00015684818253194785 0.00095436164927258310
2	0.00001144320476066173 0.00002407359154686638 0.99644063572776386817 0.00000068548822238020 0.00058544873549875394 0.00285978554563721911 0.00007792770657172527
3	0.18143887075562339928 0.01395562607629288743 0.00064592347744969573 0.78545341834361859235 0.00725153048696755911 0.00018749029896525697 0.01106714056108249432
3	0.00541996009107261444 0.04627594036439399566 0.00346779852302241337 0.93662389457203376608 0.00326300482198352629 0.00383334804898198241 0.00111605357851169915
5	0.00005514883960192072 0.00033557300000587408 0.00103039037633149110 0.00002566562136425576 0.00001149803453699928 0.99853462153562910775 0.00000710259253020048
1	0.00284021792091085877 0.99137303051245617702 0.00097272607467286840 0.00348313647690215878 0.00031584820697414472 0.00088254538775607062 0.00013249542032805597
3	0.03629299404630435127 0.07200002130380084298 0.00193138490086131411 0.88698027718914407291 0.00073042107974084357 0.00126072642242011342 0.00080417505772797677
3	0.00112077250748243836 0.00879283122045975384 0.00001175248092634961 0.99005279322276551479 0.00000738914040171448 0.00001102622847069575 0.00000343519949413848
2	0.00000156019385729981 0.00001435546029711206 0.99995967984273803619 0.00000084779278114627 0.00001390507339011921 0.00000848321068926388 0.00000116842624568510
5	0.00207215163847028136 0.00015313383295501178 0.00010694421946311191 0.00012969527939065507 0.00016872927607582605 0.99733627130044522069 0.00003307445319971285
6	0.00229214786280256076 0.00326368978338853130 0.00027700667488207920 0.00029755561495162312 0.01540156379828970350 0.00037547232763330217 0.97809256393805188434
1	0.00531634179195082050 0.76580844557612437473 0.00151829564475618141 0.15873126000910356415 0.01697357958043028622 0.00073286988095322674 0.05091920751668167072
1	0.00283902662669543483 0.99204809780486291615 0.00162582421505094916 0.00143263701119432331 0.00014522925463268950 0.00176929952913668087 0.00013988555842708983
4	0.00525572371864198307 0.19121377739006475971 0.04317921040669107924 0.00002015597410927356 0.75658486230908950088 0.00292328926128287156 0.00082298094012069631
6	0.00056361522198548929 0.00469009561325697908 0.00047050603284122723 0.00026902659618269860 0.00207364581919888217 0.00003023644816989931 0.99190287426836443174
2	0.00054512369436788730 0.00373244383754329665 0.99429378997483142122 0.00010171523361330429 0.00052358183366127138 0.00074964215165630027 0.00005370327432552653
1	0.00297413405343267519 0.99656785544501436114 0.00018821058232612795 0.00010418680322621035 0.00002412137458563468 0.00013229750366986810 0.00000919423774534303
1	0.00188604073765616777 0.97958063549462792707 0.00153334007283103375 0.01242082021932347340 0.00299955376912165251 0.00132126097771126903 0.00025834872872697410
2	0.00005948309658653831 0.00006021780274956278 0.99915684650922886867 0.00002144978161091433 0.00014328945402767966 0.00049594410870710507 0.00006276924708788196
1	0.02862915549901299053 0.72377937838503492163 0.10194183932839133433 0.05719479397991928532 0.02317699292470343231 0.04873300035005619785 0.01654483953288188661
5	0.00000420036840829835 0.00000141510966166585 0.00188452602184186217 0.00000022276087760430 0.00019396616258579287 0.99790899725689641286 0.00000667231972893785
3	0.00616386515875676048 0.01902992806556826760 0.00083902075150527847 0.97314532433507905385 0.00018010011222590285 0.00029968269350510518 0.00034207888336011314
3	0.00078084124801277449 0.00377278408824376771 0.00006401078848273507 0.99527043414801297239 0.00000860523411016715 0.00008264919505142182 0.00002067529808538149
4	0.00030927896147542056 0.00060553984201362971 0.00046606984897678546 0.00046458239367546387 0.99698316326489122563 0.00083104730748275986 0.00034031838148682947
6	0.00054904284658693014 0.00001032385415731950 0.00001181188883465648 0.00000091142159965493 0.00067056256613551009 0.00000150012415899732 0.99875584729852662225
3	0.00648292696550439168 0.01804710133421401699 0.00117288214413808697 0.97298486101040515539 0.00042064996818655398 0.00039571230463602690 0.00049586627291616555
1	0.20677518141268488860 0.79208984259973302944 0.00012331008866623821 0.00020326323951721441 0.00003829364065463773 0.00056409454353641857 0.00020601447520801456
2	0.00009921854373739393 0.00009622302085160141 0.99937085093884880926 0.00006941732736653429 0.00016611240444654656 0.00006776139802491147 0.00013041636672248450
2	0.00009510678636196725 0.00002138470583591119 0.99969002495362579985 0.00000657106011427798 0.00002282323627800666 0.00014540584395625195 0.00001868341382840677
2	0.01349328517767255792 0.00887049823118455510 0.93844912706424443716 0.00348267758095213535 0.00252386648060509396 0.03148203961627199510 0.00169850584906894157
4	0.00529766718615346573 0.00328213004007166806 0.00993109243620303624 0.00136013359571805553 0.96315785715332746797 0.00013459581686294932 0.01683652377166254197
0	0.96525172858855623481 0.00382040180796914446 0.00034677300333245078 0.00442514735566594541 0.00303166023076286957 0.00324891501252386238 0.01987537400118933109
5	0.00005420316449780642 0.00025155300979566586 0.00011029203315716107 0.00005637556356870880 0.00040271750876073707 0.99911747999929190200 0.00000737872092799431
5	0.04385880738975235504 0.02182770686901969528 0.00383912283161341912 0.03623942442100539646 0.00429516513024064042 0.88953095964506179172 0.00040881371330679449
2	0.00324436488441630670 0.00076011093026904955 0.99315790726464536764 0.00065448158926800174 0.00048225028168914411 0.00167537930249374279 0.00002550574721827516
2	0.00053682407639791901 0.00018033124733088293 0.99841055660896615986 0.00006740105020991512 0.00023256798672287172 0.00053289037272294414 0.00003942865764973137
1	0.00067975483408952799 0.98064326334411733299 0.00449895060461969962 0.00519545561933976597 0.00075035374031396415 0.00757419413892159409 0.00065802771859768650
3	0.01065916320091349692 0.08741764152975289859 0.03357896793705076460 0.81766029443632270990 0.02626984810743082308 0.00922924277777552836 0.01518484201075364325
0	0.99389649857322226456 0.00239544983441835778 0.00016684526356931830 0.00116620256279229722 0.00155093747526291893 0.00018962244752663144 0.00063444384320846404
0	0.99689800027108887992 0.00215381550815288555 0.00003301023001214807 0.00010742219022677985 0.00023297067858668339 0.00010739888233814571 0.00046738223959411524
0	0.82759237768903071153 0.07712915110218582226 0.00503918450212517948 0.01797467405893318423 0.02102391461131896885 0.02736486254254082151 0.02387583549386550208
1	0.00730467882829814990 0.98568809119371347816 0.00119265159896044903 0.00342408869232634040 0.00186498932870496131 0.00038908790699740886 0.00013641245099983427
1	0.00601336283871032988 0.97235530033917605408 0.00363158803415768866 0.00594997794974734887 0.00608340771659320392 0.00365661820307458139 0.00230974491854035605
0	0.98396923255783852458 0.00447209901669786032 0.00425141418337051692 0.00129665487688154671 0.00050294255400679458 0.00085860296014078326 0.00464905385106396257
3	0.00038660711276063467 0.00054035972679534203 0.00004541566291621207 0.99897816730092692250 0.00000257889133621982 0.00002518696523993802 0.00002168434002507173
6	0.02856847726475181606 0.01518454687749929907 0.00458201510932501957 0.01353512446605426196 0.27142643111756264984 0.00564760615834352872 0.66105579900646338487
2	0.00010138549737255213 0.00000813674664877227 0.99962910143019301223 0.00000032054597256554 0.00001875537557159149 0.00023203719402949897 0.00001026321021231286
4	0.00096032484048350986 0.00059028528391908840 0.01266963919506578981 0.00012790260647683709 0.96892377917636640650 0.00157926687977061786 0.01514880201791722614
3	0.00545146671207438500 0.00107779188702242972 0.00003829028195647316 0.99311046366314692513 0.00026949883866045175 0.00003168883082734834 0.00002079978631153791
1	0.00714943591724612800 0.96157809394257598434 0.00119107714799489934 0.00093884549703126229 0.02356405429959417680 0.00092383587052792841 0.00465465732502921663
3	0.00586692701585231347 0.00059280846796776979 0.00296791304848374954 0.99013908060042687964 0.00005519753769760055 0.00006355188882770092 0.00031452144074423576
0	0.89316254918873616564 0.10586202517010774582 0.00002996692283217838 0.00023334926816470991 0.00023570757084077763 0.00022945264076020588 0.00024694923855817934
0	0.97696320622484023044 0.00697624773420353877 0.00283045374226693121 0.00521305367576504336 0.00038270171627453539 0.00602344200217097211 0.00161089490447911300
5	0.00379861187872196750 0.00556498040075800813 0.00009103468771252176 0.00002787704725087995 0.00006560031082446482 0.99044106890831629109 0.00001082676641611677
1	0.00318525050728962278 0.83065529773963908688 0.06933387780505244347 0.00002715584706309578 0.07872379453341375732 0.01756406479185794803 0.00051055877568403300
5	0.02186039642596928137 0.32127145689459296607 0.16715756425163783017 0.10536555950812971638 0.00815907597644935541 0.37173632240756143696 0.00444962453565930522
5	0.00070552875454324090 0.00002376541261628922 0.00004037022745176322 0.00023576952715794727 0.00005649439886173659 0.99889843196976335626 0.00003963970960570015
1	0.00938896016824941268 0.90326734003099984349 0.00330033963321523134 0.00730263776443987409 0.07340231245514533542 0.00266277514078263038 0.00067563480716820070
1	0.00505702205012238844 0.99176106611701542182 0.00020545306053369871 0.00014326866205412360 0.00009080358155060317 0.00270029439859306372 0.00004209213013001775
3	0.00549471594715380141 0.10807554820780738980 0.00041227478221395850 0.88524984488980684727 0.00007882736727635794 0.00042432518845893273 0.00026446361728278711
3	0.01125267935270912040 0.23183648885974678100 0.00663507943283211249 0.74462560703091784653 0.00030205132807061111 0.00445090519312408683 0.00089718880259985836
1	0.01969402047533360192 0.85795747766863972306 0.00271119464218850560 0.00226153262023020543 0.00200182184467808224 0.11530889273685619723 0.00006506001207390453
2	0.02304522486270186091 0.16567363558497108511 0.73501373463228480976 0.02393925001005771727 0.02189345756830429410 0.02326348940473144805 0.00717120793694931476
1	0.00012395983610197393 0.99607420382938138825 0.00024458502729604890 0.00327417605540002024 0.00007234443331383583 0.00019259572683338143 0.00001813509167301628
1	0.00046698110918980687 0.99885255580904996897 0.00005289342372927839 0.00022678501034019736 0.00004023241513703232 0.00035551018551720789 0.00000504204703756327
1	0.00378480428391805021 0.98614962907182046603 0.00075969924930028145 0.00710516248573795153 0.00148475391273167074 0.00060567118629620655 0.00011027981019615675
3	0.00092149654835290123 0.17288188472405771612 0.00010464292246856915 0.82601477472455664408 0.00003197308287160885 0.00002983552186528458 0.00001539247582746010
5	0.00437406170022339516 0.05852024392681040577 0.00414808321344422443 0.00165517095943545694 0.02170525365137773374 0.90515925939818620005 0.00443792715052287838
3	0.00984380211530102960 0.00877991560736289707 0.00014464838750151640 0.98043132791256992764 0.00010641153973979043 0.00062848343660402203 0.00006541100092047548
1	0.00881690691174425237 0.98399053555603677168 0.00047734549129925280 0.00128696177974476711 0.00260404804883317305 0.00214945955549020401 0.00067474265685170181
3	0.00256259083053140798 0.00237863552906710874 0.00109118465028795590 0.98938752177867783644 0.00133014183437019898 0.00113821923375105236 0.00211170614331460550
1	0.00083233901820139197 0.99901468668452475530 0.00002053268043260437 0.00011532293646090137 0.00000574755911620065 0.00000520617446647705 0.00000616494679773333
3	0.04302068329337135899 0.03941690984622948229 0.00071070731068263607 0.91492255027592461758 0.00004206146105626592 0.00187279501507669013 0.00001429279765870990
2	0.00025861241023509115 0.00005337019478378791 0.99964177875897231029 0.00000643632058848171 0.00002584689176129113 0.00001138585802852620 0.00000256956563117487
1	0.00261702598175381825 0.72432991280838532333 0.00018408397292440636 0.27277895660090473173 0.00001048659632585747 0.00005859446559525259 0.00002093957411016884
0	0.93006017407154129017 0.00567796757987037732 0.00055900784282563365 0.05327775875056581928 0.00552086411685613881 0.00098097418219774920 0.00392325345614294267
4	0.00076444185335949270 0.00617465373421848679 0.00452475535952529678 0.00085127043705557847 0.95993003288040068544 0.00035275388356301906 0.02740209185187754415
1	0.00106087345732235007 0.99161311847092725724 0.00299771619611845664 0.00165859707024116265 0.00077972507760158845 0.00183434270695470103 0.00005562702083431825
2	0.00043704457357008009 0.00007090122900326568 0.99911092306752868897 0.00004770100343860574 0.00007032257587196075 0.00024897098028032105 0.00001413657030764658
3	0.01607144412755983146 0.04048383237583610961 0.00113936197964267967 0.94156950625421176326 0.00000268618959693018 0.00063969275245328433 0.00009347632069920162
1	0.13409910514840092666 0.75938240840091497663 0.02019785131347057519 0.04731972538415936402 0.00614589629909749295 0.01213544636044497534 0.02071956709351162329
1	0.09017622864683104422 0.84071917511317451055 0.01027341707567910531 0.01648146711366156592 0.00992282868020253825 0.02848134030245313628 0.00394554306799781325
3	0.01540283636774518808 0.01127491134804524918 0.01079710464810057155 0.93379420388956635435 0.01846363949225612519 0.00182149563987643202 0.00844580861441036543
1	0.02984571970348016967 0.91257390760522982820 0.00016665235596835949 0.05694204131608531644 0.00008147065354326992 0.00018803550436452036 0.00020217286132837581
1	0.02775831928141220609 0.92524033137893979539 0.00618737774911307450 0.02147979391001979613 0.00895067551562074570 0.00953504289668651202 0.00084845926820747075
0	0.72183187953478644694 0.25821554957721037926 0.00355795969678850653 0.00281696511131420638 0.00436618179741223977 0.00853124451651681923 0.00068021976597152224
2	0.00077895607952298686 0.00024817013838823661 0.99711254652672420828 0.00006945577130250001 0.00041921729921753779 0.00132230665465334660 0.00004934753019014006
1	0.00069275606176225557 0.99514241590068119869 0.00051176497440738307 0.00014949317975640263 0.00012418759742310789 0.00330574648200404218 0.00007363580396618084
