0	0.95293698272678950545 0.01517817691279371890 0.00281502751029867691 0.02460181225445677924 0.00148134343200547239 0.00119218963226619791 0.00179446753138953080
2	0.00127370788552303381 0.00078304461227680911 0.98130323930888807560 0.00105328105572627048 0.00998772233439988374 0.00449616638496108233 0.00110283841822514926
0	0.89562614784160943238 0.02382516742134849208 0.02446907956737544645 0.03087835261003621379 0.01017026417457820089 0.00811906893094999603 0.00691191945410247772
3	0.00002016113040215743 0.00007955523125353815 0.00000218486925879931 0.99989392174538815894 0.00000122873326822759 0.00000235721774165397 0.00000059107268706296
1	0.05448304585459092658 0.77793658468057835798 0.02311861350379091143 0.12158750337647887541 0.00863967304261426677 0.00296932779346533327 0.01126525174848204761
1	0.19718717200689658831 0.75721341539239883645 0.00283767104860097909 0.01819989813006726853 0.00251556916385186919 0.00471797044572944309 0.01732830381245486703
4	0.00451456966599899766 0.01689309527252218571 0.01947788626110581733 0.00192373713551579261 0.80890496597342687046 0.14415474330581304341 0.00413100238561699747
4	0.00292227679705667426 0.04319330338009718523 0.00978316525681176795 0.02621372489452830287 0.83377204877173993758 0.00526002780102846363 0.07885545309873689956
1	0.08871919892356575077 0.87231376334930499361 0.01238704996850622728 0.01793798520720812917 0.00126836939479434098 0.00468301435577991518 0.00269061880084019807
1	0.00056706349585095971 0.99745143719511097924 0.00012008790036627962 0.00029287253326904254 0.00016278043356075447 0.00138349068038467679 0.00002226776145702191
5	0.00141622896464188076 0.00460197966510980574 0.30806431542982981586 0.00894807554226230428 0.00004212559835014564 0.67611913477742635603 0.00080814002238035272
1	0.03031053086873504443 0.96663484022043122401 0.00068286203177209831 0.00024405435762853500 0.00038786032794404726 0.00104123411542483553 0.00069861807806430038
2	0.00004652811650819571 0.00002264402368557403 0.99887649555923019307 0.00033084520807602773 0.00018528432944711753 0.00012946224638693798 0.00040874051666622688
3	0.07136125883636247613 0.15707761142872739279 0.03715984721092027016 0.68763621936336338791 0.02563849551984955996 0.00860359477671490507 0.01252297286406198716
3	0.00190851947429100731 0.00071553316194926126 0.00210905541158411692 0.99496506863436007251 0.00006819641733522083 0.00015784877412260308 0.00007577812635762245
3	0.00035207535498716518 0.31536074203532632465 0.00020596358246805519 0.68198211963313759565 0.00155803720106775030 0.00035258824036565482 0.00018847395264656296
1	0.07915725530726655523 0.62994532158408622635 0.03428705525981556174 0.11703712609983460413 0.05667175554785808950 0.06809630409736656953 0.01480518210377245771
3	0.00073749036443954759 0.00248017745014787868 0.00097968204408738083 0.99515127675221626280 0.00012661981879520269 0.00038758119166431974 0.00013717237864961296
2	0.00115786935175704554 0.00039004564716474003 0.99121493513359271166 0.00259695756576143770 0.00413827920035702169 0.00041470836697724673 0.00008720473439033655
3	0.01715547789436610779 0.03716552388916151417 0.03546583050671145432 0.75075329777697097366 0.08512039980669237893 0.00563380849518081792 0.06870566163091748613
0	0.45124213772945959144 0.41334456428342841727 0.04374712100667031700 0.06065018406981869531 0.00645550676006944810 0.01355374834018852059 0.01100673781036526182
5	0.00212466261624117509 0.32921161698586592914 0.00495567099625204843 0.00075921459302276016 0.00274599039152310107 0.65966384689480184189 0.00053899752229305770
1	0.07156364350283130060 0.89996722243174553935 0.00540715418804135848 0.01310000567142460132 0.00157309802109808420 0.00594787379291128980 0.00244100239194789499
1	0.00740801095092233960 0.97508251039231874646 0.00302156734281641822 0.01021192545899462546 0.00074787194934892044 0.00321284286750456909 0.00031527103809520223
1	0.03163040621233926403 0.91582674946544617711 0.02067884216115709398 0.01652282264889822980 0.00465978490740511907 0.00584091269463672506 0.00484048191011712901
1	0.00917070683888139039 0.93986862362252732161 0.00546754229979874891 0.02990014708057420895 0.00267945155152155175 0.01145542889627680638 0.00145809971041954982
4	0.00794728085707329876 0.01238092538929458537 0.01599639475733730803 0.00627770385895560622 0.94893368108111830761 0.00388356742829925033 0.00458044662792130887
4	0.13589064509580922602 0.24832059741673576103 0.04382961461693832272 0.14342511866777199470 0.37676825527013252382 0.02355112638172675646 0.02821464255088556097
2	0.00076187683421659205 0.00113259222718230311 0.99718405785705777067 0.00040144179949249602 0.00010881202459871263 0.00040334694678736537 0.00000787231066465176
0	0.59026389662689016102 0.08168974729669871426 0.06775325109274178692 0.06208176515443388638 0.05667718261685292247 0.11260175637418029515 0.02893240083820236216
2	0.00069181048223598298 0.01241367635996875468 0.94863008080983968195 0.00497645363116602183 0.00432263445522962537 0.02319137168006959668 0.00577397258149083513
3	0.16757571778226257320 0.05644808656798699920 0.04497801673333152311 0.69298671353630836300 0.00625142158262672210 0.00435093844542778271 0.02740910535205606097
2	0.00407265683621260265 0.00044892377000274532 0.97646054572889451340 0.00015099971966436456 0.00023146794815958731 0.01794271599164797698 0.00069269000541643362
4	0.00104130857568855316 0.00037471082053730238 0.00322045998299665300 0.00006792748761758662 0.99165298114072419899 0.00193239894410014907 0.00171021304833458799
3	0.00137501571375253564 0.02582601050536023971 0.02746147212349219630 0.69341872861155418040 0.23472642746501537481 0.01297237285595957343 0.00421997272486608361
1	0.00564958194418854840 0.95696600527201924891 0.00655715186654420423 0.00535856528229710933 0.00869195928478195753 0.01520387457242367533 0.00157286177774555074
5	0.05912738422124236976 0.10988516665378091075 0.01583864835898473114 0.00073414130468038466 0.04474434109480534411 0.76606663407446040637 0.00360368429204570122
1	0.00523924224966779064 0.92827258046626426324 0.00832793034319805406 0.05091928826874991820 0.00187159203720709813 0.00441072944317259623 0.00095863719174169536
3	0.00064216946892118145 0.00115909629520287655 0.00280685303465006471 0.99427928485899919053 0.00014374417912907690 0.00056752265940366589 0.00040132950369442224
3	0.00472675064253399481 0.03861134680843431033 0.01722988874498850714 0.93257611547459040580 0.00142877899744106541 0.00061291769985083325 0.00481420163216148087
4	0.03997439874449194852 0.05709846364761018284 0.05766677480500517067 0.01929397318712997370 0.72180498086319866413 0.04861159238542622080 0.05554981636713796772
4	0.02988734035807311465 0.02544702468471810378 0.22617085709918272052 0.03069350590210890087 0.55094701887737318469 0.07230465107670014380 0.06454960200184375885
5	0.02401922298834169647 0.01912925864257504840 0.00537699836975540687 0.00251230435192117962 0.12851204851928987871 0.75486338079798398493 0.06558678633013285963
6	0.00015551066875486486 0.00194031750943088875 0.00102209290701956346 0.00074748774852583259 0.00122272359144861534 0.00038870180303400553 0.99452316577178656587
1	0.00026431478030316944 0.99900583738932180466 0.00008746201057425375 0.00008446381818161322 0.00010830627454110433 0.00002748378006687456 0.00042213194701034863
2	0.00096466754036993066 0.00672790388321864094 0.98076220407344893992 0.00251651543541394403 0.00230255574108641789 0.00393451190349211437 0.00279164142297059093
1	0.01411120047332294070 0.92448102469268833570 0.00827874128784539427 0.01745745336058746044 0.00120712899389064927 0.03164145034399905992 0.00282300084766543002
2	0.00112109986990792648 0.00289558707700647349 0.97832252350326676105 0.00436608517769907119 0.00580093798030101998 0.00314293613185302528 0.00435083025996659857
6	0.00337894874863299772 0.03149831854906726125 0.00560074778895549349 0.00350008855566766872 0.06257105666010379097 0.00231566601325196601 0.89113517368432049182
3	0.03062723319400836516 0.03776440727018771232 0.00199654097162930847 0.92007125766109421061 0.00272087018651499422 0.00388411608835497867 0.00293557462821060532
3	0.00285788502089107674 0.00229130333476094440 0.00115816117117124146 0.99343810266614174243 0.00002737096216280426 0.00003163636036092345 0.00019554048451182315
0	0.83783760829487785582 0.03717066279551994867 0.01030784927130209971 0.01809874991208090464 0.02263665626604656825 0.02755399057447224104 0.04639448288570038881
2	0.00063450630574113397 0.00231802045771075825 0.97356887774988687401 0.00079390666582052321 0.00217255591841240131 0.01874037013725509196 0.00177176276517296803
4	0.00064729111162234920 0.06164574232666848036 0.00244485000458790182 0.03024910424727910233 0.89844250334424713422 0.00339788173922281594 0.00317262722637213970
3	0.00326596171620769770 0.02160945194803711930 0.00062172129401958536 0.97224861945342122560 0.00195870433655007548 0.00018024969682141706 0.00011529155494279069
1	0.00096240096116135697 0.99540168511648730032 0.00068505179259263497 0.00206400631272756667 0.00009023102685119164 0.00075912846396257385 0.00003749632621825273
5	0.00104183242824457036 0.00009752766970885404 0.00024375787197380974 0.00014353252784351839 0.00012535509118851836 0.99806086102801450100 0.00028713338302576645
1	0.08224490461275010822 0.75274747427179267145 0.00390396882301506957 0.01571548321864228021 0.08344288921211462373 0.01582484375634433255 0.04612043610534088955
0	0.56934921506293301174 0.40448173465540454563 0.00145216997674825509 0.01420349388113831268 0.00188502328459597048 0.00656903568152360662 0.00205932745765618867
1	0.00335292355978468026 0.98093814089501762954 0.00050472794197105732 0.00785451936683040711 0.00546305692931464259 0.00105368406889805549 0.00083294723818383106
3	0.00006695968500874575 0.00076067545860231340 0.00162240078071261150 0.99634261531170265069 0.00002854988139925960 0.00103802751848677040 0.00014077136408686296
1	0.00037976595860900246 0.99743785943809804007 0.00099253018256316590 0.00059333126685645100 0.00020976832699736689 0.00025549456930488865 0.00013125025757133261
0	0.99580318116038046838 0.00113434620869780345 0.00009770293202897721 0.00055308135552399650 0.00050171317550206328 0.00027787523142265580 0.00163209993644402229
0	0.98227015669443895618 0.00526440700269233293 0.00343458158080469202 0.00586388075471387053 0.00129035661467981019 0.00087865290519472728 0.00099796444747544326
3	0.00045465513999271777 0.01056758675331600367 0.00027160731232002579 0.98733363498243231771 0.00019488800987721959 0.00013633505239416633 0.00104129274966798056
2	0.00149973988271322775 0.00105835723330635406 0.99371554056351107942 0.00259394987831758784 0.00043376613378385106 0.00043012583449301658 0.00026852047387495296
1	0.01075413209010047701 0.97859538037329507620 0.00119025099347843766 0.00649306022119081061 0.00169745626276488143 0.00027941053578846406 0.00099030952338232032
0	0.79754991683368159361 0.01734803341136836874 0.01213062042136062516 0.00900821908592880013 0.03546953761960262158 0.04005419173357579327 0.08843948089448226690
3	0.00174725662361334953 0.03315737949235550430 0.00025477578724581346 0.94199927648246406520 0.02071268514949948722 0.00151632781267772138 0.00061229865214364437
1	0.00033178938875636258 0.99615918678838200062 0.00013835795142427864 0.00104539450225695613 0.00030969305551890365 0.00016521967540118410 0.00185035863826037432
5	0.00004712232597777763 0.00101039623537899515 0.00044996063656812526 0.00015515977596656114 0.00025210423961311717 0.99789854797784727225 0.00018670880864804905
1	0.00296918473746788638 0.99251911468627840307 0.00042146319992887111 0.00315237980683962665 0.00018170186803277829 0.00040789908444781607 0.00034825661700544101
1	0.21261559798204751615 0.63344568144770097007 0.05542946384291368850 0.06680802795020696072 0.00541616282497528728 0.02110053041361173790 0.00518453553854398945
1	0.01849001773051350481 0.96899054184190847039 0.00013244193067631069 0.00255264225049371294 0.00199049299352081072 0.00488152709424755516 0.00296233615863980213
2	0.00178029524157624327 0.14407311074127801542 0.83777001900073222451 0.00048455195527931686 0.00073578116777998600 0.00844001056022386162 0.00671623133312985576
4	0.00009180434956253074 0.00008192044416524095 0.00085897548977370293 0.00546649193248089065 0.98879576984558059660 0.00040420017706102970 0.00430083776137692338
2	0.07338477222488107299 0.01249626319320621022 0.86126698771651322151 0.00392985204032155269 0.00373787280951534987 0.01849619095020824111 0.02668806106535462352
0	0.99430636984689901858 0.00031223930705285370 0.00002164447234526225 0.00476923578574439070 0.00011054706562021432 0.00016809083974460678 0.00031187268259328196
1	0.00154961255355063146 0.99653056686549268406 0.00018296020723768401 0.00002757306010337259 0.00017547591165919689 0.00096042186415229815 0.00057338953780444691
5	0.00893882084446069938 0.06931795591190588468 0.00831839006871166672 0.00690335773324762640 0.02288463660003731484 0.87022906575123293305 0.01340777309040353318
3	0.00090283768145467066 0.01290099179772179194 0.00345577971225932267 0.98093327284348796891 0.00065136974637552871 0.00074273902449963850 0.00041300919420037945
2	0.00004379409635390495 0.00015977965469588011 0.99857230520700368537 0.00022493421528424685 0.00039766179666257684 0.00023319816778439987 0.00036832686221751129
3	0.01872730032972369854 0.05239625676804070958 0.00214283783867057990 0.91999965215181056521 0.00166434939630288989 0.00053399976406101829 0.00453560375139028596
2	0.00500741616617890722 0.00020575416794048695 0.99033577831393782009 0.00232856672568577212 0.00107001511795021069 0.00088345052739523255 0.00016901898091148282
1	0.00027340015918962175 0.97760067889382240569 0.00040713415235031761 0.01889849833932632714 0.00017859005713783546 0.00188740446197094443 0.00075429393620334289
1	0.00037637896457677590 0.99653003171922482917 0.00091609930354986165 0.00103853145511261392 0.00012635914251402165 0.00074415346221438276 0.00026844595280719607
1	0.01860896049822059403 0.94806938188896938691 0.00901279817119347675 0.00813854112591120074 0.01183330865769572325 0.00093537716199595423 0.00340163249601370095
2	0.00365086213351171638 0.00436463077128563821 0.96072598325461922020 0.00473376625764600732 0.00278080496561229368 0.00630529055756425330 0.01743866205976104741
2	0.00348406906906920458 0.00184157163832122830 0.95766915396414598050 0.00134328914009691791 0.00443244395282373863 0.03033527868957604581 0.00089419354596780942
4	0.01184520080885023696 0.00229836539075201247 0.00246534537394793671 0.00122531140771387393 0.97856194466285173483 0.00022678565154164447 0.00337704670434275499
4	0.00324591464917589178 0.00323241568033058417 0.00182629069854558092 0.00021438899370787744 0.98701357120542021484 0.00159640619243609405 0.00287101258038427627
4	0.05418126751601586022 0.00707963134329782189 0.00574948292214507231 0.00092061636536981347 0.77001865045913742147 0.00955356713423828260 0.15249678425979573682
0	0.98712808638689175655 0.00637986025019097406 0.00020802915718861443 0.00048783068794601067 0.00093917269092975975 0.00426662023623751614 0.00059040059061508943
0	0.98495805819579451690 0.00238689157508615874 0.00052994370571880724 0.00043294266324345215 0.00568256439649135470 0.00040719991734442413 0.00560239954632133288
3	0.00004068881067787314 0.00006142397415482770 0.00001942155676959942 0.99987328706133304923 0.00000103456327729869 0.00000270263128920372 0.00000144140249751573
0	0.97940468310948869401 0.00250262477740483989 0.00047057725812374950 0.01129304717574151733 0.00244175661457049021 0.00052344649366718981 0.00336386457100347480
1	0.00678343379709037998 0.98741946630642452032 0.00117537590752738721 0.00126091998012244771 0.00011601354867332570 0.00308234056987643362 0.00016244989028471572
5	0.09709610245427879871 0.00496178201232365997 0.00817273772175917262 0.01426119911371386689 0.00046451361343546448 0.87470310161316944253 0.00034056347131981401
1	0.01002195995243979933 0.96898878153830692028 0.00142365251334647695 0.01086596607296525657 0.00650069857896755279 0.00209542749718382923 0.00010351384678983447
1	0.04509417097146067865 0.85089326513113661132 0.02466404990786656704 0.06383705853190421720 0.00426983658783798656 0.00603739432850610835 0.00520422454128720118
1	0.00104199858556692040 0.99733356631814462645 0.00005191930098571601 0.00019336858846385370 0.00003582272772340576 0.00132492273551360605 0.00001840174360196289
0	0.99276101072715483564 0.00255692249416430073 0.00040711419275223212 0.00097578952445139281 0.00200972465553968423 0.00013198669173929389 0.00115745171419853634
3	0.07325416238759584198 0.10908141590299348656 0.01433531989570788374 0.73379870935286461986 0.01013859166365690609 0.05385393972523929568 0.00553786107194197130
6	0.04659692081780969497 0.01184604926428878616 0.00647288309698332374 0.00027013221794961812 0.04162810376101964971 0.00200426802832845592 0.89118164281362044488
1	0.00028633126799449066 0.99460652410458472161 0.00022241230229243830 0.00003990724111384986 0.00001200858696681839 0.00450687075693725816 0.00032594574010916038
3	0.00021488095219806188 0.00079069208334719542 0.00004383361449570726 0.99661152023894916674 0.00141210820830101904 0.00007247062801290661 0.00085449427469600739
1	0.05632141061848659064 0.83981005040552991758 0.00291694095012921296 0.07707850092204422687 0.01060246217510336410 0.01130149240778244302 0.00196914252092407266
3	0.00644884211237743785 0.05690405416402986166 0.02676961880791046272 0.87234833871813544093 0.01616496374941242195 0.01735308059464979805 0.00401110185348416484
3	0.00259854429356633915 0.00151056780170585837 0.00360720460959687659 0.95932128991710730048 0.02631143051952747683 0.00368338467174654256 0.00296757818674895117
5	0.00083162530838414570 0.01256878842629287341 0.00195646798659091176 0.00098920032803183019 0.01115384570292700904 0.96851171493292576020 0.00398835731484719312
1	0.00850008416693267578 0.94648191584619467687 0.01084105269688382701 0.01514726608917901785 0.00628307806115750277 0.00383647212398790247 0.00891013101566377926
0	0.97313894971068848339 0.00293535125397442059 0.00088606624810393228 0.02117904103644107500 0.00057901352159586586 0.00020675238453989484 0.00107482584465626329
1	0.00001413851031731116 0.99798021656917501598 0.00005994829602066655 0.00059701812571222920 0.00010803678064503298 0.00080974535330868998 0.00043089636482200925
1	0.03023757086886562709 0.94089532719635349256 0.01181212317880700295 0.00380579742800232637 0.00407287099316638521 0.00896819566250188493 0.00020811467230353507
3	0.01248440819809089330 0.00603103986505643466 0.01403272669219302569 0.75542967059978105571 0.01141112374108751992 0.20002436816111146545 0.00058666274267857863
0	0.92246929490426743392 0.02195821144564329835 0.01502174039609079775 0.01126117453886774956 0.01170691946062652096 0.01282963374852750388 0.00475302550597672072
6	0.05801812300671602141 0.04645904689630238338 0.02760284213655727140 0.06961157711514626145 0.12550494066457926201 0.12198235864011733320 0.55082111154058144287
0	0.91549794978133403056 0.01828447322262367544 0.00105117755866003916 0.03040961559769872133 0.01049059751804344229 0.00791055809761543119 0.01635562822402440025
5	0.00230476161581801573 0.00385730244146701828 0.00108725293249680084 0.00065890717448798745 0.00917301371356532037 0.97868185053809175766 0.00423691158407263867
5	0.00049797934626988186 0.00878186135637162857 0.00208869894944866807 0.00154972009974981072 0.00032662822122450489 0.98665594363387942867 0.00009916839305584752
1	0.00060551913847127329 0.99767057562609295918 0.00004887626276858064 0.00056689106603212023 0.00067829748896620456 0.00016020225471236377 0.00026963816295620468
5	0.01522348342482247180 0.01986671581626337640 0.00037159078776155319 0.00198566749370005739 0.00136795876508703871 0.96075405935142699221 0.00043052436093822213
2	0.04538352323764145019 0.18399389854438572001 0.61993315875033783158 0.06802597097382150071 0.03351780951836532546 0.03543132301901145281 0.01371431595643681813
6	0.03273842331455783378 0.02613118198582577850 0.03732499504602741769 0.00228458789997486355 0.01276109958274422237 0.01457434597562236311 0.87418536619524755960
1	0.00591997883798203554 0.97902554722113488417 0.00022417935328707824 0.00790993292868823542 0.00663290667255418513 0.00022161645575887945 0.00006583853059561141
2	0.01901344273040584190 0.00352418477583920243 0.96587104439364879216 0.00004201159026248815 0.00168565318844461198 0.00791807039560997461 0.00194559292578882635
1	0.10495412923655994542 0.86350685497852275319 0.00546402286078634045 0.01942423003526682485 0.00453986358586661379 0.00083346702847709130 0.00127743227451986106
3	0.00181052665365944061 0.01963597153328800610 0.00149788205674816050 0.97488050878316045988 0.00020332527318772900 0.00036581162626019589 0.00160597407369506310
1	0.02392503343460846907 0.94031662751596079008 0.00585476450869084220 0.02319845738660642268 0.00296131133901921147 0.00224930510206763088 0.00149450071304629145
4	0.00127023966045853795 0.00238418668401935369 0.00142041207703496263 0.00070652435692747980 0.97534299202164276288 0.00153307291484588450 0.01734257228507059614
1	0.00033353274221409470 0.99313255356464325008 0.00008627988712554191 0.00619712694693043756 0.00006118063417039730 0.00014466527602795222 0.00004466094888708870
3	0.00324416952292371765 0.00617350884264598020 0.00038596639625466055 0.98724024817665523290 0.00193708977519976584 0.00017425371446325215 0.00084476357185723496
5	0.00611422252835189511 0.00116298422113577196 0.01236787983382887229 0.00222617950170073608 0.00468018203400224955 0.97100925616713262833 0.00243929571384768427
0	0.69618775987381875670 0.27399911806631421785 0.00508254695290084792 0.01128033687317468378 0.00907064019797999138 0.00021807210934376756 0.00416152592646741940
1	0.00637567941913956809 0.94176287732709085265 0.00744974406987297406 0.02220478815186566202 0.01806096292627749553 0.00159875309061141405 0.00254719501514249005
6	0.05101030473301990109 0.01410484369751074246 0.00744120088036261899 0.00113929615388345755 0.04072091279736346492 0.01834574668737283185 0.86723769505048697859
3	0.00351254472022036581 0.11900539180499211667 0.00214464408976272006 0.86868366191835255652 0.00460064092707980054 0.00049772507574979280 0.00155539146384231757
2	0.04131799402981103236 0.21661518631574092075 0.42482976360235363833 0.02191021643525088367 0.06334243777778550410 0.21211986086221495951 0.01986454097684302311
2	0.00386991771504750087 0.04585315303102293488 0.93877806743000113965 0.00639784741395497524 0.00022664508434647263 0.00461279073084393861 0.00026157859478454794
4	0.00293409446228061086 0.00880254961213913951 0.00124495641729007746 0.01204065678523767377 0.96613582125401287204 0.00134433767418708715 0.00749758379485302665
5	0.04366322730943451857 0.10297561892859082022 0.01254049709652027382 0.00074116517572227268 0.03169222096732282612 0.80612523146049297473 0.00226203906191602610
0	0.79880225453029796157 0.05838687851932839595 0.01122447838092138425 0.00865618508119452186 0.07675638037127158197 0.00902067134287591957 0.03715315177411005615
1	0.04422079401284118721 0.58828579197343333629 0.00530886038206842929 0.19022758103995673906 0.06901156866743632379 0.05067944303583911403 0.05226596088842500737
4	0.00123649940668032966 0.04380838625989871143 0.00977509169973312352 0.01477147484578464863 0.92288479593607120055 0.00462729997652331932 0.00289645187530893598
1	0.02313435173130034411 0.86178185186422184838 0.05028438858935297545 0.00953070970268073310 0.04536583174464809548 0.00625237736314835160 0.00365048900464768223
2	0.00684254469989581306 0.00083393650242278010 0.88928334253704099943 0.00039081109295938078 0.03330145872236901089 0.00496624816720658661 0.06438165827810547748
4	0.05732624573078747010 0.04476500490159417145 0.00432883351374344777 0.00183531723715823179 0.88588087847476215675 0.00460494569613659026 0.00125877444581796983
1	0.01013106072891569072 0.86026695946553966010 0.00514742192496285035 0.06076127891939345910 0.02188235057722093257 0.02305566495204338859 0.01875526343192443143
3	0.00098665428544312400 0.00130408941141954646 0.00026517967662357611 0.99719477667953071442 0.00008349260248482362 0.00001479148904577081 0.00015101585545258350
4	0.02825029065244401283 0.06443883383845237789 0.02187667050524953402 0.01500923388849244831 0.83518436600278511683 0.02886359141108725546 0.00637701370148940124
3	0.00382993475637993797 0.03563258711570555654 0.00056348367095347110 0.95900633577242810901 0.00006677838970288218 0.00045034063326143800 0.00045053966156929150
3	0.05974476944265729589 0.00134851304052302544 0.00266582298282594908 0.89948585884477405550 0.03035046707997813425 0.00333079895779286135 0.00307376965144811037
2	0.00006232447793209495 0.00007500008484761351 0.99955103299790026838 0.00011328660659590928 0.00003417211094076798 0.00014316715091399637 0.00002101657087120583
1	0.01699925310079501012 0.96400060343819327091 0.00137627716154703635 0.00979068801570673851 0.00645980686671387711 0.00091948368753024543 0.00045388772951433575
0	0.99664905291539251930 0.00070625683519698649 0.00008912058987568378 0.00017344319250148232 0.00168864691013488437 0.00021043334378426304 0.00048304621311445555
1	0.03496439803764883614 0.93265274138419862471 0.00165750557767949547 0.00126644273852058692 0.01137477373602741731 0.01070863499578880197 0.00737550353013584608
2	0.00004428227917507032 0.00004202348822712775 0.99936523023341217176 0.00004108821028835510 0.00009567664695118018 0.00038378367851622146 0.00002791546342987848
0	0.99247322457427766818 0.00172168889918955731 0.00025325503518208113 0.00319551830852343906 0.00045574230473992066 0.00079647280193542464 0.00110409807615187406
2	0.00001027753794851581 0.00004148097722221836 0.99311003204105119391 0.00000483585116590539 0.00092759864906286993 0.00576000199345531611 0.00014577295009312206
3	0.17453008736505573606 0.01596103031646559436 0.00250012125358078669 0.79241961487308076872 0.00730763209482043156 0.00030197303955065027 0.00697954105744596608
3	0.00831000688386292208 0.04795105717515354277 0.00182242149172061156 0.93635198158778643052 0.00250289247021289515 0.00232826280931195881 0.00073337758195169669
5	0.00008012646683000168 0.00099826436164420786 0.00266734401834999588 0.00006428782107221745 0.00004070813913946068 0.99605459852449762526 0.00009467066846682969
1	0.00245697301043623639 0.98689781479336313730 0.00132182066328218311 0.00725720220665221870 0.00026457767299446018 0.00147940854122838848 0.00032220311204221840
3	0.02184026178760181680 0.07065883041208498305 0.00879131113622459368 0.86711225396596314230 0.01137735799444307763 0.01081229571898155960 0.00940768898470052857
3	0.00079360895055480838 0.00513375368807683120 0.00003366434461555642 0.99391480158937717260 0.00004782769191654613 0.00005359478631791018 0.00002274894914112081
2	0.00000832627996693815 0.00002525569245468376 0.99992060317542652559 0.00001342336338872120 0.00001815708098944960 0.00001079062853647827 0.00000344377923758735
5	0.00150736482941838138 0.00013579868752158514 0.00023069636269456328 0.00015978415225877395 0.00024650199487843619 0.99749367307998593191 0.00022618089324257350
6	0.00489140907660597177 0.02788434312972705095 0.00205623582663887498 0.00228144433047268620 0.02916740559706990088 0.00563827196330132872 0.92808089007618366217
1	0.00079711980060067050 0.64947748871802790660 0.00105560084933218712 0.34469384764056965054 0.00144245352568824143 0.00042973519960015324 0.00210375426618145079
1	0.00257423493840980159 0.98952065655177212644 0.00185036696124509610 0.00292105884323836263 0.00014659015847513969 0.00276357417384354717 0.00022351837301562593
1	0.16965134308817411690 0.68839369445040499151 0.00516414456565137802 0.00435380810524411618 0.06740170398181549727 0.02486726439324863855 0.04016804141546121559
6	0.00096192293214179803 0.01951434092623377872 0.00390514279549079813 0.00140780053425494460 0.00358580083988482281 0.00067326808177458350 0.96995172389021921955
2	0.00082162769516867741 0.01041332025088395272 0.98656435422692889681 0.00088921518463017037 0.00027826257225303731 0.00084009250955002139 0.00019312756058568889
1	0.00354724116326927096 0.99556071342304530702 0.00037833376770091153 0.00024772986668779176 0.00003780668250124807 0.00017393701045691326 0.00005423808633851437
1	0.00176753411517059948 0.97572534656953757715 0.00129592246095563057 0.01627758566230275497 0.00259323855627738862 0.00159328084769254537 0.00074709178806361249
2	0.00020048281134848621 0.00040525427831102149 0.99659035634781245605 0.00052903720485782937 0.00061383029745516998 0.00108279880287050364 0.00057824025734529378
1	0.04115099084101789956 0.72140426141669922178 0.10831352026216839457 0.05940180499423759752 0.01994970034161801589 0.03267439540815240268 0.01710532673610611065
5	0.00018938099978568169 0.00063680900071922341 0.00197279299832199984 0.00010262351526053263 0.00455867765085916053 0.98917194324522828008 0.00336777258982586805
3	0.00452602611780841303 0.01764388781628036668 0.00915800804310838365 0.96014249730630640833 0.00163296589211625208 0.00398491782800809886 0.00291169699637218405
3	0.00024928255185075056 0.00304385450727919166 0.00020648521937630007 0.99611896957190937396 0.00006819729940575782 0.00024657413996122729 0.00006663671021726800
4	0.00361971023795697351 0.00144408127923178835 0.00114664763623076446 0.00300544658846640641 0.98434688278647985982 0.00602015062283833141 0.00041708084879556347
6	0.00045645558265198756 0.00003368870291319685 0.00005089814751057521 0.00000440858739710536 0.00075623566464439200 0.00000824366368946134 0.99869006965119289099
3	0.00541541667189086254 0.02088682285714125661 0.00679363342483525322 0.95250598432932653825 0.00540328624683260837 0.00418853576497736461 0.00480632070499633149
1	0.02428730657892463896 0.94940208648580948214 0.00803774205777698335 0.00161821413653804062 0.00066347811155727612 0.01458602185423167955 0.00140515077516169848
2	0.00033003006851081137 0.00076966229797565430 0.99489693182050487064 0.00192680516324860948 0.00098275189808140723 0.00033085587259419830 0.00076296287908360068
2	0.00017235118683680588 0.00004801714750694134 0.99951769522096534093 0.00004461025705191379 0.00002427501776314587 0.00010713199886310970 0.00008591917101399462
2	0.00570112344167368178 0.00525184700861378636 0.94530896280881493432 0.00237300362621425563 0.00212540355974284506 0.03816521615297491232 0.00107444340196532584
4	0.03431668993583432414 0.00299295951646905449 0.02290922106526188662 0.00443072739497569687 0.90029631363070328209 0.00045546678712797030 0.03459862166962806435
0	0.94492113396239041379 0.00849495100641142580 0.00161393256897797975 0.00388131496154475817 0.00471409564652942696 0.01191919411545537197 0.02445537773869030027
5	0.00005561627942455643 0.00083738640156737426 0.00059439608243837423 0.00013738041592668758 0.00128475734571090574 0.99704170976062322929 0.00004875371430849249
5	0.06146955498327827394 0.07318365087382308620 0.01362109141832919257 0.07599949770032959906 0.01344613571400367531 0.75653537089350353373 0.00574469841673260363
2	0.00656111335669958169 0.00255240849270621734 0.97969432476913864694 0.00824876454706116417 0.00094910709842192082 0.00179222739355333009 0.00020205434241909065
2	0.00129162035150873493 0.00074606055832275760 0.99541140705742925388 0.00114598626163159517 0.00048828166961046519 0.00066299289740868799 0.00025365120408856183
1	0.00101943110160433140 0.97174761239115914346 0.00341454412160724146 0.01178630558715418851 0.00076180557324947106 0.00894756770578153914 0.00232273351944486646
3	0.01983475142794027465 0.08274503055146939512 0.03290504579813249841 0.80264404246065745863 0.02542512368248573892 0.01285740687275639497 0.02358859920655816123
0	0.99021652313807773105 0.00441943810672854043 0.00045630779076111830 0.00103378617555561852 0.00291718265132301542 0.00052153686912750636 0.00043522526842661033
0	0.99745625158486650452 0.00162405068062230194 0.00013616658994163798 0.00007440611427598245 0.00026935152464829137 0.00026226297277537255 0.00017751053286960540
0	0.85032111379442842924 0.06814548570993293752 0.00440362643924784806 0.01293242311583286085 0.01577222444950741875 0.02484456228187702231 0.02358056420917359688
1	0.00453279883468058874 0.98708254831322528311 0.00106842914025510665 0.00490160779253797675 0.00155192365825981902 0.00054608122726117919 0.00031661103378004978
1	0.00325734237569099425 0.96517418431134793799 0.00368370150148729239 0.00839200643239378444 0.00643449147638205671 0.01011252867229384643 0.00294574523040358211
0	0.98831979313265083675 0.00365158386809570461 0.00227466645007552270 0.00066513171441485032 0.00065638332878308579 0.00040203740010581128 0.00403040410587393247
3	0.00045742726221162855 0.00061348026916887828 0.00016786467167840432 0.99839209359448799486 0.00002222025465788826 0.00022284415611324929 0.00012406979168205271
6	0.13730137354595017829 0.01448666471633432498 0.01308672257711026958 0.02702995249884932241 0.19968828382873163307 0.01388429668054956025 0.59452270615247471142
2	0.00014518735396843452 0.00001281424329567892 0.99933176564215409066 0.00000167110097688342 0.00002866583797744260 0.00043442172846457322 0.00004547409316077122
4	0.00562462612416972201 0.00113127404958598705 0.02181468284062157079 0.00035578531426412965 0.95643571044622521793 0.00433859083765171256 0.01029933038748192739
3	0.00776535554681377291 0.00200079288104693543 0.00021014042894801406 0.98658453941181245561 0.00305307857311054500 0.00016873195407539213 0.00021736120419314986
1	0.00462691642496111839 0.95403481167155779197 0.00167706861389308576 0.00091190427561437578 0.02477445689628803016 0.00106552474412036752 0.01290931737356629944
3	0.00299216760270913130 0.00072175683482947621 0.00919727702279313393 0.98403568486181502983 0.00030360972849387448 0.00027173058561322558 0.00247777336374575352
0	0.71267418469630883227 0.25920658333661439343 0.00410346655651535209 0.00526326743139948067 0.00301834756450462295 0.01377850813837937921 0.00195564227627819569
0	0.99102576113462648166 0.00274349840774821760 0.00071986330250251116 0.00193719987723470102 0.00030650364209569976 0.00249614810698915376 0.00077102552880310433
5	0.02239548204366292178 0.00940481860550840092 0.00422548711077084475 0.00082093786065848512 0.00186135757346236387 0.95690290724451387838 0.00438900956142303754
1	0.00792040473363490351 0.89778339405513452043 0.00319195279450908316 0.00086892643897850948 0.04380360458529098527 0.03383840728277513060 0.01259331010967623850
5	0.02109139994497939360 0.24753810274746806952 0.20095061000962621822 0.07672448417421318112 0.00481713479972425539 0.44615160460070291126 0.00272666372328565819
5	0.00109205595427196481 0.00011804642547539729 0.00015497080406584737 0.00040622180880488181 0.00019826503841466694 0.99727826708764499841 0.00075217288132240140
1	0.04600514743560001757 0.90050744068405108589 0.00337786556227906128 0.01679455354641767525 0.02744855591772187714 0.00562243349201847764 0.00024400336191220083
1	0.00433792724319915536 0.99159425353919916635 0.00032429232751344909 0.00029272788704300990 0.00010346564450927627 0.00320002230107865491 0.00014731105745837599
3	0.00567930765344574779 0.10286297205336174254 0.00383320503939383337 0.88116485823200474403 0.00106716259611710118 0.00408802670613712168 0.00130446771954011317
3	0.00849731299880298642 0.21312295063741032441 0.00304345786571343438 0.77104258104469591828 0.00020697632364863951 0.00319160343013202320 0.00089511769959679072
1	0.03171767703378289283 0.88442795808308194427 0.03777516594788374316 0.02013991234386954335 0.01094668743495512409 0.00979836820487109579 0.00519423095155539458
2	0.02219273864161268317 0.16421633468952601120 0.73853859439819014021 0.01569229317728064454 0.02600016112792919581 0.02588925155048245330 0.00747062641497928288
1	0.00011734665895264509 0.99735913841953316439 0.00014204778267490052 0.00220863731813795375 0.00003427690971458669 0.00013302543398568479 0.00000552747700035710
1	0.00048259032842131263 0.99805364413676733726 0.00019225126729724356 0.00045090692371479378 0.00004487828706844637 0.00076373540996977046 0.00001199364676058437
1	0.00272701205034557278 0.98516837716643124168 0.00079975711918592969 0.00822543414043232571 0.00184199862017453767 0.00101311893414863900 0.00022430196928140329
3	0.00173937486678669398 0.19315623892284247698 0.00041086072734796184 0.80394642783342118442 0.00042492709325907296 0.00015985583793183512 0.00016231471841014256
5	0.00278043306817271629 0.05413110986115084178 0.00277663136082599831 0.00060130815400531159 0.03265529528509485135 0.90395663932497671844 0.00309858294577354055
3	0.01258208009454884688 0.00798551689801771207 0.00058960401916498283 0.97317500562280490062 0.00085064047665595619 0.00449073444665948427 0.00032641844214893533
1	0.00975832683274285330 0.97754121550363304305 0.00087784317545387463 0.00340427013375658007 0.00321749173695586943 0.00314876254135007267 0.00205209007610815050
3	0.00244309678571472642 0.00217626448161053771 0.00111128150407177129 0.99079731068627141521 0.00118677565668297660 0.00076717241041663990 0.00151809847523184439
1	0.00074344386322425964 0.99905949812591743342 0.00001696945247919531 0.00015100116302879253 0.00000629355078437420 0.00000657452071438523 0.00001621932385103286
3	0.04675291397306583635 0.04070709200620282325 0.00304453482204980041 0.89679766048767384223 0.00088795524188841225 0.01170250309949894159 0.00010734036962024686
2	0.00052745534703621544 0.00037277088919562791 0.99888279578078686960 0.00014187736236837668 0.00003680894784171402 0.00002235176445162243 0.00001593990831886924
1	0.00178372975392386123 0.71298743371594819340 0.00048982872258208465 0.28413958630761582125 0.00006897188522667952 0.00038117387137806861 0.00014927574332614148
0	0.92790040442575039137 0.00898123671501645758 0.00117218038322037719 0.05249808981635893657 0.00375492940210157833 0.00268384562731651018 0.00300931363023600879
4	0.01475840548597559532 0.01415670729720869964 0.01175294290675635983 0.00773831323520559559 0.91909996583227204781 0.00171571099156128670 0.03077795425102077681
1	0.00064372197859567204 0.99334713440892574710 0.00166730212330533150 0.00188554272192834223 0.00083087435267566883 0.00149220444509974440 0.00013321996946932311
2	0.00168449798383991781 0.00037515384686174889 0.99630943857921205886 0.00097123345947207698 0.00018690478930912698 0.00036528967474283721 0.00010748166656268977
3	0.01859375446360005124 0.04452225873329514888 0.00604242872862571691 0.92656265716978447600 0.00001965306674341473 0.00359683890552740327 0.00066240893242390574
1	0.17406266669391748381 0.74201537268213368925 0.01195679467495831122 0.03525068524674544040 0.00641430399862483267 0.00544983177736758136 0.02485034492625263700
1	0.05355817783646685259 0.86245056250007856580 0.01104852327816961688 0.02711263506046705449 0.01409707858656447307 0.02096890579977172403 0.01076411693848150150
3	0.02131596100673406949 0.01246444954117350602 0.00908844776615789877 0.93465883753657752475 0.01367671505970731276 0.00193405672620730563 0.00686153236344219132
1	0.05992189095609780358 0.87262603257392068468 0.00747594385815472835 0.02107067469749341476 0.00674592768493197190 0.00999650761229605930 0.02216302261710512839
1	0.02339193989035990781 0.87052309400005078999 0.01174700607541511073 0.05439360821456793588 0.01631467059423906754 0.01905756455548576409 0.00457211666988156708
0	0.71751568635537610330 0.25162416280215765818 0.00393973932839783610 0.00383173336716803158 0.00392564221262028685 0.01782076396344676669 0.00134227197083325355
2	0.00198958617240717643 0.00083665434223599230 0.99325664790887335798 0.00110142703172752174 0.00085344472093520701 0.00168943870319358878 0.00027280112062745982
1	0.00043446508351584467 0.99336970005493741009 0.00067976787213670830 0.00031687574186603810 0.00009600949701000086 0.00496157170653944903 0.00014161004399490830
