0	0.97917696980999469059 0.00699436630748060794 0.00093730837099373788 0.00958939301065208499 0.00084409837762489592 0.00055591994084101468 0.00190194418241276982
2	0.00058850523375750317 0.00037286921882318739 0.98823565515275835214 0.00044217930708064911 0.00816522336505790154 0.00166634326388114462 0.00052922445864141869
0	0.87182331453096439944 0.03764307612024093974 0.02198713962226504087 0.04134107701330210632 0.00914624183459787285 0.01149669230319582368 0.00656245857543367485
3	0.00002241926806285017 0.00006480016002314948 0.00000260011882215325 0.99990852279496866828 0.00000032645739124125 0.00000101624634157765 0.00000031495438925383
1	0.03152546441741313488 0.80331335738131870450 0.01627747527341291689 0.12462586139998758916 0.01151516622526919768 0.00332786355162197631 0.00941481175097630234
1	0.22137745278459092235 0.72769823468230909747 0.00200828835004251494 0.01891685065439739633 0.00150833190972281196 0.00348597577020779868 0.02500486584872991039
4	0.00300119296920339524 0.02546325852923265673 0.01074350103932576392 0.00153072257508495555 0.81494128395468989901 0.14057441772814818770 0.00374562320431503105
4	0.00011763482239919290 0.00089539497304166481 0.00022149080433797423 0.00067373863802890142 0.89613357766809864646 0.00005327735875286815 0.10190488573534089989
1	0.02166221848713925299 0.94916850243563166689 0.00063974535626753278 0.02827028610923756555 0.00002174781571165585 0.00019563106380631417 0.00004186873220637911
1	0.00106362995963602664 0.99770148116526102822 0.00012571593758296901 0.00022804892981736146 0.00014527840611759199 0.00071070174758767666 0.00002514385399676990
5	0.00297598822071763443 0.01035408410757521040 0.23372479523856598549 0.01359569581638025645 0.00010728474927125263 0.73737589479170917439 0.00186625707578018775
1	0.02712346270249060484 0.96992190468812400361 0.00054828894216544567 0.00027829694628717967 0.00023107524372589772 0.00094105391984823888 0.00095591755735867942
2	0.00006415513623814454 0.00001636637717676833 0.99934611478793156092 0.00016784421083683909 0.00015676210243097653 0.00008250619859560326 0.00016625118678917068
3	0.05455241037285242511 0.15054573892000580604 0.03576692751060747688 0.71436464336434035705 0.02196182183314859121 0.00781239641497575871 0.01499606158406960842
3	0.00244966786861952352 0.00099004814802241387 0.00111427605411427012 0.99531387484609490368 0.00002753353147843621 0.00005920132550077791 0.00004539822617028710
3	0.00109339561662220495 0.33566457380463260440 0.00053279242065437226 0.65848397566599758957 0.00329158877056512063 0.00066289291022273680 0.00027078081130470276
1	0.06569427876495897989 0.62448486926533219865 0.04056121732781729772 0.11825846672131243298 0.05109599333660691522 0.08184899441313342461 0.01805618017083918808
3	0.00097152068460705445 0.00333699531772934212 0.00101432965870297998 0.99425251524878754950 0.00007239444935404929 0.00025528675502820074 0.00009695788579093457
2	0.00045472204832587164 0.00016638521556737760 0.99690513786025336529 0.00053522787157922404 0.00154011320095054035 0.00036909827190418428 0.00002931553141945662
3	0.01377263191485551125 0.05241738804713276523 0.03920014933625372983 0.76952500387265998505 0.06886096545758836618 0.00716300813276049293 0.04906085323874972981
1	0.42155868397528573066 0.43263859994218578642 0.04267457763972130197 0.06343543997931316847 0.00976858748764168963 0.01505142783680383893 0.01487268313904846484
5	0.00529091396813731723 0.31869762087627445668 0.00626375724417163257 0.00057253644452064892 0.00229035809877732414 0.66652116908453007404 0.00036364428358867066
1	0.09250098605522233397 0.87090984514009417428 0.00026786207934906129 0.00604010344306274340 0.00035806240469540412 0.02847657852431147163 0.00144656235326477527
1	0.01014312657041771364 0.97913632412508955216 0.00355684964516368241 0.00439040026931091561 0.00081666852247932434 0.00177749076585832083 0.00017914010167956106
1	0.04429523706610798833 0.92173465464762527333 0.01518420047208603879 0.01155607292885285631 0.00376465281605577054 0.00187296228227815716 0.00159221978699378760
1	0.00891879159509897934 0.96993452138992863887 0.00022513272134501317 0.02005698549774002915 0.00013135687390021156 0.00067454973868819534 0.00005866218329857716
4	0.00157725356932546875 0.00603720234586141869 0.00560243704175311403 0.00198624011135377886 0.98071196759885392868 0.00119770040242102088 0.00288719893043123434
4	0.00468593872416819303 0.00300540739663393910 0.00144327461431163046 0.00167268075357015502 0.84121280277898624611 0.00030328340279132710 0.14767661232953796513
2	0.00032408243699564540 0.00048531460102226666 0.99862134714572181604 0.00013569855314238914 0.00006016618210392891 0.00036792735092165522 0.00000546373009294366
0	0.95895196082455769204 0.01196386382161568687 0.00292228540407859626 0.00850061614323048380 0.00570196554742979402 0.00660673584193725329 0.00535257241715040352
2	0.00090938938659196182 0.01890192262578210478 0.93516240393541438802 0.00753628822669886751 0.00876485488245730762 0.01825962210800065669 0.01046551883505412658
3	0.16261615484184746561 0.05599085823265420592 0.02245233797910667004 0.70371793821176353845 0.00408200316039781901 0.00374490155455592822 0.04739580601967438578
2	0.00266368069782918623 0.00031114408119179327 0.98898573339799356052 0.00004232701556009820 0.00033178198437387637 0.00717621207513230788 0.00048912074791856888
4	0.00013142810474013852 0.00014325274498077872 0.00057500519105855034 0.00001984238924175026 0.99767226174638823366 0.00039957995556067757 0.00105862986802955400
3	0.00054131710635605291 0.07923067985661172430 0.00120229517191157431 0.87617240996104572837 0.04206667591898561459 0.00061701229960254992 0.00016960968548584342
1	0.00769899127414548461 0.96680027590327932696 0.00644776810075090891 0.00268641445699374258 0.00642697442697307518 0.00898680061543005206 0.00095277522242690458
5	0.01203679188248652984 0.05199440468888012062 0.00073644673567050832 0.00005876149110364213 0.00483338794137442435 0.93027652445200825770 0.00006368280847646273
1	0.00594765089082788852 0.90318155017038725951 0.01049015705815769563 0.07098638790364367179 0.00247428012912878203 0.00594453597965770558 0.00097543786819634056
3	0.00093081115375799118 0.00087425276601061481 0.00047889449705435373 0.99728998013431990888 0.00004041269135134979 0.00018062992892991991 0.00020501882857576207
3	0.00536529738487857757 0.03467330581282547508 0.01079969151260528303 0.94636476508962119603 0.00043279680525573074 0.00024545681577151513 0.00211868657904246572
4	0.04272863117712027980 0.06911086164942924215 0.02639832585177226409 0.02768218391561850372 0.72901979254110349515 0.05297647026284604127 0.05208373460211013911
4	0.00972864081221034779 0.00012467967328786311 0.30819660860859171558 0.00026189589123700878 0.67364753763308937717 0.00224833911782981169 0.00579229826375309877
5	0.03271424011480288108 0.02241824870685699828 0.00343492050710410843 0.00376285983005726502 0.12422130982994868120 0.76442385958124647871 0.04902456142998379979
6	0.00010936577623796007 0.00059994759580662678 0.00029533250753019478 0.00024072485695323531 0.00062730757029970364 0.00010919246994392215 0.99801812922322818977
1	0.00029693467956132149 0.99924034169528841431 0.00009103678877419165 0.00006566392598430750 0.00011593793259079228 0.00002723421022816137 0.00016285076757050919
2	0.00044025851677777353 0.00286673029870590556 0.99229143849625922602 0.00058833027736159102 0.00077376650623761005 0.00211544763482888728 0.00092402826982897982
1	0.01434206799239839611 0.94618299754088253106 0.00547781212592371187 0.01151411698398034991 0.00126189000242552213 0.01925538441175371832 0.00196573094263528684
2	0.00042480366965124371 0.00113659154123278553 0.98886272721422341370 0.00097240225768804867 0.00374774472698011663 0.00324955191319437325 0.00160617867703116680
6	0.00508592803783726888 0.05231911385798948544 0.00995394099938431802 0.00838839963669646416 0.05708456897429772803 0.00266248007603351071 0.86450556841776071693
3	0.02792092049229454725 0.04697562852885434764 0.00089318875586536352 0.92091439255957630028 0.00079245334317802195 0.00161832697385510963 0.00088508934637650260
3	0.00306235161722880804 0.00131851792667715987 0.00036957813993672022 0.99518877964560881200 0.00000575444758574009 0.00001045486457561145 0.00004456335838724181
0	0.90532133466811137712 0.01582070362928461246 0.00359821864253293509 0.01380537807050150750 0.01205509693469948400 0.01049640237777569804 0.03890286567709397986
2	0.00026951389407656678 0.00064410804456210260 0.99070718920473610503 0.00013905887428377196 0.00091291426048166935 0.00694693495108177506 0.00038028077077789858
4	0.00064301967258207087 0.07389060540368411201 0.00207597233321411227 0.01687250884314232466 0.90436944615162340178 0.00108194306854630614 0.00106650452720741013
3	0.00478222052905519397 0.01544845806894078709 0.00037199436301027104 0.97874310524625485197 0.00052727004493437397 0.00007439248953993986 0.00005255925826498339
1	0.00196949739361370127 0.99529212786309340100 0.00064534140830008017 0.00135344090800811859 0.00010226288953466671 0.00061301040015134878 0.00002431913729862393
5	0.00281551083708235549 0.00045924927074825125 0.00078277981057893833 0.00080642993184753663 0.00062887897720964635 0.99269265244933335701 0.00181449872319956241
0	0.54570011190642186971 0.42578799462542371579 0.00026016375044719266 0.00277013075351333895 0.01396846744282870083 0.00163960225868715545 0.00987352926267815421
0	0.56853026356499170024 0.40841578758378294101 0.00169930120262339903 0.01314174343966147997 0.00130385333163226744 0.00575087641434405498 0.00115817446296439240
1	0.00452617642837092968 0.98189289169624383025 0.00059906940883794790 0.00617824502686843777 0.00573379573974519118 0.00064178179299661088 0.00042803990693674420
3	0.00006681052506093395 0.00047039163182343018 0.00106069150492435330 0.99790413071442496395 0.00000936449568721051 0.00042605097126094307 0.00006256015681806885
1	0.00060998750235052716 0.99782900176036692930 0.00069085427029915954 0.00039525569284967424 0.00021665054655853368 0.00015885360692864767 0.00009939662064661630
0	0.99605079603955193335 0.00057478512710883048 0.00008271393561812198 0.00048688377367672010 0.00068607498004907049 0.00013617388438102613 0.00198257225961439004
0	0.98912725437285620167 0.00231350285477889203 0.00126374433757814189 0.00478291585182503629 0.00090331072461234836 0.00029540697029887549 0.00131386488805057934
3	0.00066632934591642681 0.00802693988574635330 0.00015440610755991261 0.99072776869019874013 0.00006788350606450008 0.00004734930627751796 0.00030932315823694174
2	0.00062681421847057058 0.00041617354959508346 0.99750814442167334839 0.00073835128676678886 0.00021648320358068170 0.00040741960691806941 0.00008661371299664738
1	0.00953677509317809799 0.98356555656109534436 0.00144047872370372653 0.00367720412538488552 0.00096055124135125259 0.00021694629469858878 0.00060248796058806240
0	0.98690357446873022695 0.00579806432286883444 0.00023519802784899529 0.00041121752021476565 0.00158132567803586851 0.00107693001093172821 0.00399368997136929482
3	0.00548567763586215416 0.02771499338913989766 0.00019705121879507874 0.95762864592322005652 0.00764440043844298502 0.00080008271025225244 0.00052914868428804562
1	0.00497216925128851021 0.98572154019761704102 0.00040372059575020350 0.00181326105258789393 0.00152520923746938988 0.00028803756368219862 0.00527606210160360117
5	0.00010629886364589711 0.00190953941274177308 0.00054252815776571306 0.00033615976193432053 0.00023222427761731038 0.99660468988005279645 0.00026855964624085887
1	0.00293857275990992706 0.99295647275531517817 0.00073373794787556074 0.00227781164749592735 0.00030424502905247096 0.00043731539448518982 0.00035184446586539658
1	0.15080010052054945713 0.68123333879144010172 0.05486161141362131538 0.07727302324966620062 0.00623018402107511447 0.02530639464919891626 0.00429534735444882243
1	0.00563988908848999174 0.98800331224874826663 0.00001001307492775071 0.00606780539842087345 0.00009653512894535237 0.00011398281495350307 0.00006846224551444234
2	0.00164829306263972338 0.14745620590628349955 0.83274911318837174790 0.00112463735953201066 0.00084855360306536733 0.00736728203523564357 0.00880591484487215984
4	0.00017529731952188352 0.00034067883289636025 0.00093573769605294571 0.01303121483714502794 0.98148773472216876979 0.00062847792013125277 0.00340085867208443074
2	0.00375985059976714471 0.00012326816094321825 0.97273119268834817852 0.00007243244586833971 0.00024765114511770300 0.02274680538211973704 0.00031879957783518848
0	0.99573600066874845549 0.00016375366578854971 0.00001224743419061430 0.00330919264165176804 0.00009282391026838670 0.00007630204053536557 0.00060967963881697069
1	0.00142665256689092617 0.99729065480031886537 0.00013626990896620252 0.00001218729081303630 0.00016425890171214589 0.00072091116715689604 0.00024906536414190194
5	0.01129620376846246152 0.07867462596613099268 0.00752071781184325810 0.00967363578443903964 0.02680180089757379716 0.85241989113193272765 0.01361312463961715340
3	0.00134377002093747787 0.01061035858908349755 0.00134136860785747975 0.98607035091433592466 0.00021229776792812004 0.00024394717235445547 0.00017790692750229388
2	0.00004570500081693546 0.00017640404699486870 0.99818108254822746073 0.00013058932884903439 0.00098382130910964170 0.00020842279835637877 0.00027397496764575916
3	0.00200816818255907317 0.07509123024661842893 0.00008173770126179223 0.92271071606190502301 0.00002932285003055834 0.00001639034087809885 0.00006243461674654592
2	0.00228433386054367185 0.00009510547970433451 0.99569272332895741862 0.00051466412662103892 0.00072759271957970929 0.00063452529477502973 0.00005105518981801433
1	0.00054301088470927819 0.98278702419550700853 0.00048030648627601181 0.01315737711121683223 0.00025070713349011791 0.00242147618980505285 0.00036009799899519481
1	0.00064854425333596411 0.99760493211607303987 0.00041961347257546297 0.00049344813267555192 0.00014848758142749913 0.00055641956627404095 0.00012855487763908759
1	0.09240892880053254432 0.90197211165587598547 0.00060521558817414674 0.00263818658424350453 0.00146030448611500019 0.00015468441838704491 0.00076056846667138858
2	0.00019174666199032052 0.00014060123124651631 0.99878159256095899732 0.00007137123139320927 0.00015468797149987849 0.00034643390775705344 0.00031356643515362780
2	0.00151630026364478194 0.00086434442444087640 0.95795387738492854268 0.00060079132810642510 0.00591960407904594879 0.03268691733384407327 0.00045816518598900530
4	0.00199783300208021672 0.00108807248937398669 0.00098038504526590741 0.00038453810171122920 0.99231034874715962069 0.00004945065981836172 0.00318937195459114125
4	0.00044967083012018824 0.00175016975597967576 0.00088517375212783858 0.00005798918844577072 0.99459909042164929005 0.00044396568312182467 0.00181394036855555651
4	0.06255769208735008358 0.00374196320575354057 0.00312152019385076966 0.00054791357540508276 0.72931339294956709640 0.00431639907869749324 0.19640111890937589356
0	0.99317205848645284672 0.00378913712829154117 0.00009613441978809480 0.00051196343608199510 0.00074265292656188007 0.00100476091053517584 0.00068329269228864964
0	0.98761998669496076086 0.00163209187066668980 0.00030690971972559755 0.00071968524730976866 0.00233175922385091446 0.00023729540490532124 0.00715227183858088700
3	0.00003892527864602713 0.00004359346103652605 0.00001528466552272475 0.99989744289761928187 0.00000044513234323370 0.00000337489727880870 0.00000093366755274102
0	0.98584164118504868934 0.00093335488125080265 0.00020626598449349429 0.00946392339600060813 0.00071839856267481253 0.00021341814263834663 0.00262299784789354201
1	0.00726584148909010727 0.98395052347218292521 0.00107353557949374035 0.00174536300778380159 0.00008874361639873330 0.00561036442133992005 0.00026562841371121531
5	0.14904807795046670638 0.00637642325572554923 0.00596366196581394302 0.02951629863932051651 0.00099607006407946368 0.80611449475307694890 0.00198497337151681179
1	0.01402819436052941265 0.95448025737055708362 0.00273025146930951437 0.01810377317516487228 0.00743755848077935072 0.00300169895659134489 0.00021826618706836473
1	0.04196273808466804978 0.85486486908814485197 0.01913990661064274290 0.06869641666293752058 0.00335575833373642210 0.00551939255108292986 0.00646091866878680064
1	0.00124074112550042370 0.99801811200271350888 0.00005347403484646692 0.00011729650412975573 0.00005491811266128698 0.00050327366090802540 0.00001218455924061738
0	0.99436483483338622413 0.00116174585098487333 0.00028174048003653813 0.00097042443641983636 0.00185930782577130261 0.00007305069413018874 0.00128889587927077443
3	0.06574419048962419632 0.09594285514589005748 0.01416459735274720917 0.74326999023411610690 0.00842039875839090644 0.06766507125609327877 0.00479289676313840191
6	0.00097189477919534773 0.00010512622201963295 0.00009513753352428167 0.00000253032607736044 0.11180342598440487500 0.00002583361321509749 0.88699605154156313525
1	0.00039512635354867762 0.99711397446674110423 0.00010367706643939238 0.00001607034611147533 0.00000781431525354011 0.00219292210967553811 0.00017041534223149920
3	0.00029366019996874838 0.00042783138941199347 0.00002696946659744070 0.99875254508085797855 0.00025916571913437504 0.00002415269741779345 0.00021567544661126397
1	0.06882260353893443483 0.84764040536550622207 0.00260007649187643563 0.06655711739560220275 0.00845449134947579353 0.00493302977348364195 0.00099227608512213118
3	0.00712822283692598948 0.05821279956044837778 0.00893120203945481014 0.91497083876757523413 0.00438726627084147242 0.00500797265443857133 0.00136169787031587908
3	0.00285956417970434232 0.00122513096216220435 0.00327245346414073695 0.96168924589821191962 0.02204195415756004389 0.00414585045511969581 0.00476580088310045100
5	0.00159105585606985223 0.02614046439096665356 0.00276065101866326780 0.00263965983989224986 0.01927842955263942351 0.93932638970910864451 0.00826334963266009241
1	0.00975460158234857030 0.95805224223380835991 0.00728406517899759815 0.01276632768831824187 0.00508046018767538844 0.00149103508364737932 0.00557126804520389086
0	0.97718832486208229149 0.00167700536936866854 0.00051438309836657908 0.01728100282017696124 0.00066563867923988740 0.00010037716005613309 0.00257326801070944080
1	0.00004497679480855186 0.99814355320618597389 0.00012554216275385507 0.00076071823702584520 0.00007327524872282011 0.00056306477179139973 0.00028886957871302577
1	0.01764390330796464582 0.95048131105853417289 0.01689466740712722986 0.00386745254758062099 0.00545446652389819982 0.00533167674889443825 0.00032652240599950028
3	0.01031497693614289411 0.00506969772264668529 0.01256533473204841760 0.74151634819045153524 0.00471892227072727606 0.22557482096489778201 0.00023989918308582440
0	0.68407182482525907830 0.03590710466343160351 0.26299973378714175398 0.00127635408603695398 0.00789936883300248159 0.00757375921829460744 0.00027185458683335852
6	0.11606193823417487732 0.00026069752036461403 0.00023432798560416154 0.00205643263757613161 0.00807436446479147495 0.00232834417573540755 0.87098389498175343704
0	0.92997041347267950240 0.00848527079491652805 0.00057343568325115082 0.03029406323601779513 0.01277543866853029890 0.00429926326846815591 0.01360211487613623496
5	0.01588834281619916702 0.00012819604710646293 0.00003892841008738926 0.00012772957732880001 0.00048502936527367838 0.98291443811638579131 0.00041733566761891725
5	0.00031197124776179038 0.00304825531146643266 0.00112243867674334291 0.00089651231753556254 0.00018589908110260342 0.99439161589922064888 0.00004330746616985225
1	0.00057475917930788082 0.99813073090802717502 0.00003459913896425616 0.00039818909394373486 0.00047727230327288933 0.00014757237569013477 0.00023687700079392520
5	0.00787901026695197668 0.00564280525450737685 0.00018622404112091480 0.00116585237356837978 0.00040299591336098381 0.98464301747346605342 0.00008009467702455496
2	0.03847929809033403398 0.16698048704892745620 0.63216870872138830606 0.06705479103997659396 0.03810827934032365999 0.04246013834660280345 0.01474829741244746383
6	0.02076335744819272217 0.03213919898845160605 0.03839981970656491245 0.00286874448040803963 0.01769592291666370609 0.01188959424646030688 0.87624336221325860308
1	0.00565239845089660943 0.98014258492370509579 0.00038180818024645885 0.00495740456807539087 0.00850807013733254243 0.00029477931116315357 0.00006295442858092003
2	0.01232948913325858896 0.00224374601550882168 0.97592163417324062635 0.00002381660402581448 0.00162163053757431470 0.00682417609752434314 0.00103550743886691283
1	0.11119659807960660669 0.83269373492606169052 0.01011446791339209832 0.03169778288120780191 0.00953065839080124814 0.00262898143119218554 0.00213777637773817893
3	0.00115735909227476330 0.01584567876953243623 0.00198029762781192897 0.97872500862575639857 0.00018327698094404047 0.00041365394628706823 0.00169472495739377222
1	0.03956275611910688855 0.92981864933218050240 0.00683230012252111600 0.01717264668014719872 0.00319304352046250947 0.00249464246309373311 0.00092596176248827173
4	0.00007657780715610443 0.00020652511105741361 0.00007178628137185892 0.00003690056385278033 0.97438114551021937082 0.00008914156730901848 0.02513792315903300156
1	0.00040153292936982086 0.99626136243542162685 0.00009791770646126464 0.00308974191495800564 0.00006423667877880687 0.00006011835141851790 0.00002508998359144938
3	0.00148401698825575447 0.00567152244373442423 0.00100140464002116433 0.98875469699374396448 0.00197526778341883692 0.00034499575043154737 0.00076809540039293809
5	0.00471821462743521585 0.00058970136268223265 0.00526745372634265276 0.00221815966723728879 0.00302679360182989176 0.98363484163994030496 0.00054483537453276680
0	0.84607042215293126741 0.13819097010015260474 0.00003341558846514644 0.01552172426183491549 0.00011491576556652789 0.00000126638265641746 0.00006728574839323855
1	0.00872193510636661701 0.95366283110827032576 0.00634952169090673840 0.01483484360047540931 0.01384691820717634872 0.00105250572367002800 0.00153144456313451002
6	0.04877781632638302639 0.00518923820612487898 0.00243775347583120557 0.00071083057721630619 0.02784415021866507717 0.00696365184928823301 0.90807655934649145202
3	0.00162074402818117823 0.11162715043918698676 0.00270832420776808249 0.87810550566007905537 0.00392405052530512503 0.00059230864457413500 0.00142191649490485826
2	0.00308906469258662508 0.03454011367282384948 0.93252115538984925447 0.00024670707346794384 0.00611405359781854504 0.02325760753570060152 0.00023129803775184295
2	0.00026323505633392164 0.00583103258559074245 0.99328868204720310864 0.00010751945354543896 0.00003663328448770117 0.00045957266834282119 0.00001332490449608975
4	0.00080959241518192891 0.00913084491646296015 0.00093083698969322602 0.00458465696024363146 0.97831469199526033265 0.00104721044028305483 0.00518216628287403516
5	0.01774421491446561208 0.15389818111577180382 0.00062681063479652318 0.00008578643346758383 0.00482653899544653771 0.82273139752992574536 0.00008707037612657503
0	0.72904421790233475686 0.02807829291781854114 0.00038692766724869544 0.00028711273720897129 0.23783564624964839695 0.00027905247934583268 0.00408875004639468274
1	0.07588366965881114534 0.64260748758838803774 0.00420883774045932579 0.14263660956046575468 0.06434773498609427933 0.03286980076199007977 0.03744585970379134265
4	0.00023322971719489733 0.03888395750050614025 0.00661399727817627014 0.00653915780909369859 0.94308078914608006738 0.00208384714952088287 0.00256502139942874552
1	0.01567738430182497728 0.87774882976493007192 0.04644320935325968458 0.00916061064514684872 0.04112469523182980813 0.00627665804707319610 0.00356861265593562925
2	0.00005048660317211390 0.00001088351522247592 0.92329173476226611417 0.00000355502944241286 0.07378373125998476112 0.00037276647469610270 0.00248684235521836727
4	0.07072713725042206745 0.00400672529367106234 0.00015895087817092076 0.00352437840774544233 0.92117928187612185820 0.00005715230980555263 0.00034637398406298840
1	0.00680264649930007684 0.84668923170380927523 0.00686284854967796412 0.06804649150187101758 0.02851113260297520949 0.02116051253679863270 0.02192713660556726632
3	0.00076495565210710789 0.00072633974325090039 0.00021562048114152964 0.99820531943187207347 0.00002332177205926723 0.00000625886843514127 0.00005818405113522451
4	0.01805913226759745319 0.08223064822258198403 0.02178804143954898159 0.01559180235802246767 0.83289849642986468758 0.02440120246669746570 0.00503067681568700967
3	0.00332718173565438357 0.04585758885908433613 0.00103307401172531791 0.94824443512414535729 0.00015844055079273356 0.00072140121683496100 0.00065787850176381006
3	0.06243027742957436149 0.00137564024511639335 0.00282223314331515223 0.89873335660882547327 0.02804129715122210750 0.00346649336707546439 0.00313070205487076848
2	0.00008737885371594352 0.00007551546431001789 0.99959200239477019601 0.00004198273012819672 0.00007561470551313608 0.00011172678771426957 0.00001577906384882371
1	0.02693839443088812818 0.95661171625019392195 0.00198593352752152782 0.00767118577463273086 0.00582232212084588061 0.00067597966508282350 0.00029446823083462592
0	0.99804073600319853643 0.00033716817060244325 0.00003818453288226909 0.00017604505881806243 0.00081788341001866360 0.00007731820695542911 0.00051266461752455755
1	0.26295171823846713588 0.73398172923394955358 0.00005196530060449372 0.00020160076691696279 0.00153715203116380652 0.00054155981704681719 0.00073427461185104459
2	0.00006475406226158780 0.00003734056015965461 0.99942015948683793347 0.00002759781784128392 0.00007340796675787506 0.00035550756129977919 0.00002123254484358259
0	0.99595792203540856047 0.00053320894106028988 0.00008295440530086175 0.00215567434826597270 0.00012829151645849589 0.00025488271546481852 0.00088706603804084504
2	0.00001399521500537287 0.00003427778467264103 0.99586627728973609042 0.00000286892101023035 0.00071398152173476990 0.00322275216979581516 0.00014584709804395317
3	0.17969297959615990190 0.01477881829836549116 0.00108636809637344903 0.78843279161007007172 0.00701077429354395650 0.00020933062573099044 0.00878893747975618977
3	0.00509912515354042986 0.04404887922521621285 0.00296237590174298557 0.94082230726515492236 0.00292803776743122803 0.00315172824833964737 0.00098754643857508766
5	0.00005121959662299001 0.00049783439643319948 0.00161774315616210066 0.00003635277026586400 0.00001751524391351646 0.99775638322192405916 0.00002295161467940652
1	0.00302297713023837612 0.99038044751471254745 0.00118841657431358982 0.00389136984612475012 0.00031824749748274854 0.00099283408760816134 0.00020570734951870555
3	0.03639105491738906656 0.06672113970356235990 0.00434039907126197808 0.88402549493605697695 0.00242141503841584917 0.00359385789031408135 0.00250663844299904310
3	0.00106415584312033462 0.00769702804759054508 0.00002471446864891380 0.99115336116369878727 0.00002079667894869407 0.00002971328612515218 0.00001023051186822694
2	0.00000404167641907456 0.00001928536402774680 0.99994657943211395779 0.00000382627401864582 0.00001481156560302476 0.00000898579052278326 0.00000246989729461597
5	0.00231644395041899400 0.00017799856016307642 0.00016525720886914977 0.00015859192123730167 0.00020045758917003442 0.99688642732502752430 0.00009482344511382007
6	0.00262453238978934073 0.00809047284971161663 0.00069401806722483282 0.00076644315844754882 0.01642665539923025136 0.00092705617938844778 0.97047082195620781864
1	0.00278456435847503590 0.75952382020235154059 0.00162542047178020847 0.21304102441459704664 0.00613119893639670153 0.00076502423030517966 0.01612894738609398429
1	0.00269033387637835188 0.99184819112714062150 0.00174291549002732844 0.00140105887954215932 0.00013150017861997032 0.00200972940428739786 0.00017627104400386165
4	0.01232208046894844172 0.28743674493153043015 0.04419021023056707298 0.00013397999555463190 0.64878182926507166339 0.00471723513574479145 0.00241791997258342713
6	0.00062531127708726614 0.00893571613110306744 0.00128007868869755128 0.00063855417036000643 0.00227779786773054131 0.00009353675459874424 0.98614900511042247189
2	0.00064442318246919544 0.00522479287732373603 0.99235285435679809751 0.00043696152967895671 0.00049161150944770134 0.00074473489880666737 0.00010462164547622827
1	0.00299544043487691468 0.99653357631467121003 0.00022259924404137337 0.00009719757384653814 0.00002410998420987906 0.00011365067008298954 0.00001342577827106683
1	0.00229254071787032094 0.97767531250710659751 0.00163445298574311582 0.01359456394092565558 0.00298716416317574163 0.00139893114112787215 0.00041703454405040509
2	0.00008361893538605226 0.00010181483802698092 0.99879636111276848265 0.00010287885964494635 0.00017963083505537173 0.00058546678173290701 0.00015022863738536793
1	0.03046485814728963973 0.71982304581974454472 0.10224412924049025575 0.05959935830662337064 0.02406543690559224263 0.04578408100096632849 0.01801909057929367355
5	0.00000512165857988410 0.00000383608996261634 0.00282698985686557569 0.00000133684443807298 0.00025729727304409940 0.99686086908669702122 0.00004454919041223112
3	0.00551085596641861554 0.01786549437222688386 0.00216030651594493160 0.97182830466515135459 0.00054060950859603101 0.00096295352867205764 0.00113147544298935619
3	0.00069913382913109571 0.00382204975350447333 0.00015258401450859605 0.99503052991682183759 0.00002863643293411435 0.00020278922862683791 0.00006427682447313678
4	0.00075386793429417780 0.00070974317927485764 0.00061158433342002128 0.00100998392934374443 0.99460729363358801880 0.00194856683014024853 0.00035896015993907860
6	0.00064894452908496078 0.00002062514850977218 0.00003129047154317220 0.00000258355964292239 0.00072102566907076540 0.00000379407071979208 0.99857173655142861257
3	0.00691834051068026396 0.01825982763755874816 0.00272146362671975501 0.96791347369506841591 0.00139260422720762227 0.00119383923594508761 0.00160045106681947673
1	0.22138363227101487407 0.77694194158897400548 0.00027114511056413530 0.00021021357378045365 0.00004444794979779609 0.00087467607515612970 0.00027394343071240884
2	0.00014889091983935073 0.00018504864064446361 0.99861770111132441841 0.00036693062341512363 0.00024249586725818829 0.00009810233799126668 0.00034083049952739636
2	0.00012175157032420641 0.00003734245330942196 0.99959423661950785878 0.00002886240660954997 0.00002887294172721955 0.00014879119761885756 0.00004014281090108255
2	0.01248417820103694779 0.00816567601427849003 0.94002700018072926635 0.00354213107528397568 0.00267852531744264136 0.03149368427983962465 0.00160880493138857860
4	0.01033194705777231229 0.00352149615033062408 0.01081469001575537624 0.00251501122016845394 0.95607751416850750292 0.00019887208868368627 0.01654046929878222674
0	0.96268703458841098364 0.00489479796916002328 0.00064108236052572121 0.00396301151716583859 0.00352240128790164923 0.00463218681701429817 0.01965948545982166423
5	0.00006806522146716819 0.00046190925384090444 0.00023139286179694522 0.00009248338732870041 0.00068554351476210387 0.99843982373761064331 0.00002078202319285588
5	0.04689417934442298430 0.03309595746454843668 0.00674508097542111072 0.04862109226241326937 0.00615370920018129888 0.85711952603619068203 0.00137045471682231842
2	0.00389632748953779679 0.00111564411329411806 0.98985912644858053966 0.00278146446809699778 0.00054757684035933001 0.00173992711250295536 0.00005993352762779676
2	0.00070038948511642126 0.00028028677647447140 0.99775793086238651064 0.00031437890176604251 0.00027344507561191412 0.00058115269682610185 0.00009241620181836297
1	0.00077136596413275929 0.97893596144462047270 0.00449088844536737076 0.00636983489980184371 0.00084592864890998295 0.00751133318493553068 0.00107468741223323144
3	0.01370247147946455912 0.08164490279967497044 0.03440353983975317359 0.81444577964617725918 0.02880651582738997032 0.01002683682129304997 0.01696995358624603031
0	0.99189801076852712747 0.00358577662239155945 0.00032697746390194165 0.00129336057632951072 0.00197010404974059649 0.00031512166927129124 0.00061064884983784711
0	0.99677741931957719590 0.00222972641406541522 0.00006573804363270773 0.00011599226041397434 0.00025766840595207628 0.00016709436935408536 0.00038636118700471672
0	0.82953296858580538586 0.07546424086075881332 0.00495970271937827643 0.01699007558591716233 0.02073408288429061039 0.02783034494140845805 0.02448858442244131531
1	0.00813811515460532119 0.98468764690411092477 0.00129599351404823004 0.00345179567717641923 0.00181936326846793674 0.00040073101246119319 0.00020635446912971740
1	0.00621069650089344904 0.96989515657675595683 0.00395754208708036861 0.00612130233884815560 0.00620319967403363311 0.00458878151991203020 0.00302332130247679430
0	0.98328937088133538946 0.00537091991654078341 0.00394903851801345698 0.00124520134793036836 0.00057002929493394207 0.00070868317403549694 0.00486675686721041358
3	0.00042552926135217917 0.00053333603340988784 0.00010658018378199291 0.99878635532088833049 0.00000832826767699519 0.00007859066040590708 0.00006128027248383315
6	0.04888315522296410309 0.01495727879539517254 0.00521341449617084094 0.01932332022117633566 0.25556175549590187668 0.00893670117938114017 0.64712437458901050924
2	0.00013084953647798554 0.00001259779119308298 0.99950870347587739140 0.00000116690214496719 0.00002408843082976146 0.00029845278269343951 0.00002414108078485526
4	0.00170402558088976171 0.00071908905825645859 0.01372539306205323474 0.00023491891157620496 0.96680626400042668500 0.00298654799830837432 0.01382376138848938167
3	0.00689944480498171434 0.00128611743337992378 0.00008494805297841166 0.99066998528516081457 0.00090134232064255273 0.00008583584567433547 0.00007232625718272520
1	0.00820357699987369834 0.95522479558192341376 0.00150430326089305328 0.00101239394892244246 0.02460907047009135845 0.00118819745810610404 0.00825766228019042016
3	0.00581885558297449024 0.00065448761757851517 0.00623705979520925314 0.98588569973391815271 0.00017956135318990081 0.00016768070230032932 0.00105665521482875341
0	0.87751258862651648762 0.12129267621222401818 0.00006602224756765802 0.00025327771297650281 0.00022830271464139895 0.00037347416088617867 0.00027365832518794079
0	0.97949803851714889458 0.00642024358349966955 0.00244336281672144105 0.00463839824811475895 0.00040085586751859655 0.00511887200368955821 0.00148022896330696034
5	0.00443024484245953948 0.00693677102632078452 0.00016435505125259836 0.00003835791110299936 0.00008770559135555015 0.98828775411214830893 0.00005481146536116741
1	0.00345934949481434490 0.87216924109220350658 0.05232960008002601748 0.00008446091174693553 0.05699972446327850051 0.01381370908631882576 0.00114391487161152818
5	0.02344147679248986121 0.30021353320904076156 0.17135582207305441460 0.10099713275362670606 0.00810579596210538045 0.39139342870461518720 0.00449281050506743478
5	0.00090413259809241520 0.00004771326147481561 0.00007774250967806734 0.00036789463047858846 0.00010040126472634317 0.99834192994726533854 0.00016018578828482305
1	0.01483659552364822998 0.90503872005985241955 0.00325762627017098846 0.01109988746717568454 0.06112945814004742962 0.00414223438354211805 0.00049547815556383746
1	0.00512879013695408722 0.99210094431306050655 0.00024011405758750433 0.00013063507514024349 0.00010082727886529993 0.00223193572185893113 0.00006675341653406733
3	0.00635097219171622523 0.10723105486140481479 0.00098939942562777149 0.88328934991033625224 0.00024020251264680181 0.00119882317971901778 0.00070019791854953543
3	0.01052184891632841623 0.22239901052630120515 0.00588499483862014224 0.75555452135232747946 0.00029086489607992657 0.00433374841840478316 0.00101501105193842504
1	0.01457203679421303910 0.90112111410722239846 0.00392225865146016844 0.00257385488499897253 0.00187533399451190433 0.07572166665195848023 0.00021373491563532037
2	0.02023237463053399396 0.15647734425476131359 0.74610823308475204829 0.02257835877775623071 0.02353407742737033403 0.02391413219756834130 0.00715547962725798705
1	0.00013319221789454585 0.99586592329508116794 0.00023537081279018665 0.00349049487962886651 0.00006719660255054442 0.00019149539753168411 0.00001632679452278142
1	0.00045804052228391907 0.99876871759229335357 0.00007828162188835580 0.00022855690457733961 0.00004333820279623531 0.00041539501294366355 0.00000767014321854971
1	0.00424507108234911754 0.98480168300963732975 0.00084887365140359045 0.00769960131474564657 0.00152629382459995534 0.00070964261571273212 0.00016883450155168590
3	0.00119592742885107515 0.17118875946860703796 0.00022865931594620481 0.82715844746581279612 0.00010347831852255003 0.00007272589906122574 0.00005200210319937254
5	0.00412065457488986018 0.05844685915877825128 0.00374151206855377529 0.00145576468457086442 0.02369244483949210778 0.90437669905038897689 0.00416606562332580942
3	0.01138416036396013541 0.00878926734445307015 0.00032006254138288196 0.97746674287805979109 0.00029995049999353263 0.00156618579986664264 0.00017363057228357394
1	0.00942507691902043712 0.98266016930257671369 0.00052562363992138543 0.00142211462666477144 0.00255518173343095454 0.00239804622239764200 0.00101378755598729932
3	0.00278722597609882628 0.00247635207948744334 0.00105759740130841550 0.98913194428542305925 0.00129196257078519300 0.00116716172898298325 0.00208775595791400653
1	0.00078823647853387636 0.99906476146086020673 0.00002098453159665013 0.00010733492371933808 0.00000561686906732491 0.00000464231216801325 0.00000842342405424434
3	0.04213832538114633403 0.04044185251958651306 0.00157282585909541777 0.91040948653367259613 0.00014955440722059005 0.00524292402092102743 0.00004503127835734207
2	0.00038272089993417169 0.00010071271322164904 0.99943300608901142201 0.00003293692995466023 0.00003186783280627861 0.00001303308357027908 0.00000572245150279433
1	0.00294534137298277810 0.72067339006582886718 0.00040399249926247494 0.27571089624289862874 0.00003236544479274295 0.00016619316392900665 0.00006782121030567506
0	0.93623047929653879784 0.00514610311469898725 0.00076977972090714393 0.04936116644474843745 0.00443919421289015476 0.00113078002179832450 0.00292249718841787291
4	0.00223141467899193096 0.00813255366495392595 0.00595551797446167326 0.00221832980928604942 0.95005439497738508603 0.00077582818240067475 0.03063196071252074701
1	0.00121886603443096598 0.99064636852078702400 0.00337459113020759788 0.00186642175222933378 0.00091621815380927348 0.00188185884404458263 0.00009567556449115016
2	0.00060457866228298067 0.00011380811145195627 0.99864670315215253726 0.00022854533644326615 0.00008738656922580223 0.00028429817453218395 0.00003467999391236043
3	0.01805271974305614965 0.04231423008586658596 0.00252438588878463191 0.93505366805028544697 0.00000875818353730798 0.00178021755674892383 0.00026602049172063150
1	0.13944352035020618485 0.75697949447106738230 0.01928291783440550661 0.04489343427869123965 0.00693062614414360293 0.01118754551915919840 0.02128246140232664674
1	0.08957527639033972811 0.84014579308849857142 0.01074822381993671347 0.01833391727299512469 0.01001800246676120935 0.02552647975559457424 0.00565230720587358692
3	0.01769619485674217216 0.01180457299163009156 0.01093297970082971957 0.92985319468196903081 0.01837962881485507433 0.00204392055855264713 0.00928950839542080735
1	0.02816104253481100522 0.91351339686175081489 0.00042135343233626668 0.05622945020255648574 0.00025433531870031902 0.00057256877475313716 0.00084785287509184335
1	0.03075201333238040957 0.91298221637661458594 0.00750968320101161584 0.02590351368976779103 0.00981108578941839241 0.01159309589685971788 0.00144839171394720782
0	0.72034783886162756517 0.25708437766928587953 0.00412633557870905037 0.00281761841402534659 0.00415506698745388842 0.01050576817928228733 0.00096299430961588306
2	0.00097957281224083184 0.00036951864131810273 0.99632722749632784964 0.00029679009415018673 0.00048232678911075042 0.00143531088587072982 0.00010925328098183152
1	0.00070836641137486678 0.99524474443884658470 0.00061695231014541872 0.00016678737746473753 0.00013663596149741204 0.00301103388961739991 0.00011547961105309382
