0	0.97087155133695057785 0.01022293921089253467 0.00048919447636049367 0.01562592680414013821 0.00087635325394909121 0.00051343785498769213 0.00140059706271950381
2	0.00053092295105098717 0.00018988401395586793 0.99005624310337092542 0.00021284019780986661 0.00593725774676714686 0.00287459795400844950 0.00019825403303601907
0	0.89158627709031057496 0.03162192480082166857 0.02107004574573169767 0.03328996802927165766 0.00852215646134794717 0.00774859448035449157 0.00616103339216204134
3	0.00000939047226723727 0.00005743885924498534 0.00000074156545786569 0.99993167717667286176 0.00000022800336386753 0.00000041927674009892 0.00000010464625195107
1	0.05160956522546322062 0.77357169047552087893 0.02194999170345112577 0.12661499880603332979 0.00955406085851014976 0.00327724420978266250 0.01342244872123852378
1	0.20416873602402524357 0.75283270182741779397 0.00089452372806213851 0.01866260808548482128 0.00151917440275449911 0.00252515986123429690 0.01939709607102154190
4	0.00463757796034860829 0.02220545760905822189 0.01351461547647613004 0.00209584827091970592 0.82025815844388094700 0.13310446971005829297 0.00418387252925857787
4	0.00311928538340577833 0.04164135392116644074 0.00542413785188658806 0.02167263430013001077 0.84062366883362282799 0.00312574950235037109 0.08439317020743763997
1	0.08323383832137633276 0.87760453195210741395 0.01767984642589009309 0.01314159070112254878 0.00132726689348902811 0.00400766348167286984 0.00300526222434173776
1	0.00052193584382102028 0.99779450634463207059 0.00010167891879449207 0.00025120375688306574 0.00014521748171397438 0.00116591556126407168 0.00001954209289130932
5	0.00254721059712783833 0.00665444987674291416 0.27478513202544929683 0.01149418260955539263 0.00004769799639489443 0.70339774153688683356 0.00107358535784332762
1	0.03555091190915139060 0.96173921701186637634 0.00057609369091122121 0.00018673983695941248 0.00029342689266158132 0.00090249371033685778 0.00075111694811347382
2	0.00002690254114777047 0.00000798306024308267 0.99955730453660174284 0.00009439336761153169 0.00014557480459552057 0.00008717062170360627 0.00008067106809622858
3	0.07398335034278158417 0.15969948477850257063 0.03737740975882589828 0.68416760910855090039 0.02426193005525046492 0.00856252526427977827 0.01194769069180874436
3	0.00087314715970066362 0.00056265424355629568 0.00042446475786086472 0.99808055098647752157 0.00001604708524499009 0.00002667318022481354 0.00001646258693516876
3	0.00036642821236468071 0.33065946190246259251 0.00020291160695756863 0.66646893344267033044 0.00170271241104611218 0.00046943886510984945 0.00013011355938870930
1	0.08357102649179608267 0.64112262990677582053 0.03282052103592070225 0.11043529523020108318 0.05139473824181246819 0.06483196237540815587 0.01582382671808623895
3	0.00032053317505350290 0.00209429820926564222 0.00025557807019312861 0.99718544234090955580 0.00002545252894754737 0.00009011185602039392 0.00002858381961140740
2	0.00046576761202886033 0.00009289959686724224 0.99593174670066209053 0.00050301456086431753 0.00273738291540734846 0.00025386637433154205 0.00001532223983925027
3	0.01839346542990219491 0.03824884965411703974 0.04076429063578339285 0.73394129965622278977 0.09318497869944931955 0.00690477463109056330 0.06856234129343449779
0	0.46118114190387710094 0.41258596408361392083 0.03921750669892542368 0.05917440730030983087 0.00560480841620235835 0.01197499925473761301 0.01026117234233355976
5	0.00204522171773278364 0.33495920941472684396 0.00403119241689058570 0.00063213400066460727 0.00270618212339613111 0.65533509017863056378 0.00029097014795844491
1	0.07923944005610321362 0.89616445686755163980 0.00461207601271559995 0.01191285475147087214 0.00132884423642248709 0.00465733826048192207 0.00208498981525485601
1	0.00526898114661924523 0.98004153255870052330 0.00250664709246495180 0.00842950799854941084 0.00066706107784555849 0.00292835238338405189 0.00015791774243453769
1	0.03343778053161052671 0.91518871553750080761 0.02023835833143492607 0.01725533211244564824 0.00562353328988718110 0.00549767267923943152 0.00275860751788146010
1	0.00998752305332616455 0.94063346704508254970 0.00544062241679353110 0.02852290337787808175 0.00239995243884699987 0.01172214768643004348 0.00129338398164293464
4	0.00105628962540896786 0.00327667542905255797 0.00696297534980581858 0.00094583545609537546 0.98394431930298287270 0.00106647697543022098 0.00274742786122439452
4	0.14537096458087084283 0.24466373830823631708 0.04282062851723603819 0.14945421166760788911 0.36713083859919620755 0.02228807847991346597 0.02827153984693946479
2	0.00026300845504903438 0.00023797849988359908 0.99907842997237505944 0.00007270915617357520 0.00006182997317654305 0.00028491595099987337 0.00000112799234283561
0	0.92031312226188066727 0.01766249057093759178 0.00420989788819716750 0.01924017811803185873 0.00955082738683743146 0.01823691974480982567 0.01078656402930531534
2	0.00082285174664041799 0.01455162721799783954 0.94830941153039860492 0.00590942959945202871 0.00496983386693439829 0.02043287675830329081 0.00500396928027389137
3	0.19297512290835872051 0.05587844583859283981 0.01613530303842037467 0.69532927168835401144 0.00370406981090798089 0.00387975500963174411 0.03209803170573466424
2	0.00211146111774590875 0.00015115536592528667 0.98238535764936218975 0.00003535050942686717 0.00014191459462874954 0.01504557053081499902 0.00012919023209600854
4	0.00007908147550178688 0.00006826886970381057 0.00126540331944257267 0.00000735349442374968 0.99742055042702570944 0.00032630027264514693 0.00083304214125777228
3	0.00140060036812610154 0.02780570323490576604 0.01944665198099591527 0.70653479789962303492 0.22964098157316906179 0.01054027296871111116 0.00463099197446966912
1	0.00403302349972491439 0.96573588601991999791 0.00529119654619285545 0.00490457004118478694 0.00779869751994302900 0.01130680151722429985 0.00092982485581070301
5	0.05083223847949622926 0.11267479730461353593 0.01380925775374150510 0.00072835578915880534 0.04711808259141025274 0.77123863548710824833 0.00359863259447129862
1	0.00570048164819044172 0.92533463518258729508 0.00952252232251033122 0.05189144601552215380 0.00167633471564626298 0.00498957204611651280 0.00088500806942799076
3	0.00034129308163216901 0.00083014898385341286 0.00026289660038451585 0.99836327345722886140 0.00002170358815635170 0.00009939371169261160 0.00008129057705235125
3	0.00295668166790240576 0.04131318913472193516 0.00600185651811532567 0.94776201365616308259 0.00032808443269131141 0.00021191873734763530 0.00142625585305844590
4	0.04161045826166660799 0.06329087854460463403 0.03135677231813050608 0.02205659613002510996 0.73447165473367115318 0.05689499129051354270 0.05031864872138844952
4	0.02723167095298622067 0.02620549668887780376 0.22183137224536150778 0.03005143739472744893 0.56105213804425235757 0.06285963169883118651 0.07076825297496344702
5	0.02602153935722460731 0.02453380037257298779 0.00356127690032270305 0.00304253001490082352 0.12364586860124830714 0.74816454019216382942 0.07103044456156659692
6	0.00014863580520790671 0.00029483205460088677 0.00021021495938583799 0.00016382493975931214 0.00089541994757552906 0.00007325645554480636 0.99821381583792490044
1	0.00019986218171047222 0.99938650902095083062 0.00004919480258551850 0.00007044602954575589 0.00008520887540876753 0.00002418176939319454 0.00018459732040518233
2	0.00036830590865096413 0.00159715334364401822 0.99261603056246494603 0.00055500017869867363 0.00131959305950146970 0.00307817771367687679 0.00046573923336343926
1	0.01134115203554098873 0.93512878433214075002 0.00332915235380322168 0.01756641708631273904 0.00086789932786196728 0.03014204032090722629 0.00162455454343294627
2	0.00056975113848806570 0.00119143404390989992 0.98919805407365513084 0.00110168635106513220 0.00418942730943793525 0.00274829241028044227 0.00100135467316259802
6	0.00346462853003435926 0.04961468198880834152 0.00642329955729392405 0.00485888469780546353 0.06322563099213364401 0.00269892504988445423 0.86971394918403965857
3	0.01399193303795035967 0.03013001067880072617 0.00031260309230915506 0.95399966906055644333 0.00039105787329585072 0.00070440866213656239 0.00047031759495098750
3	0.00117026783653166448 0.00166632177630330323 0.00020684795942066013 0.99692192177446881107 0.00000480462952215871 0.00000513560987728215 0.00002470041387538119
0	0.88229862964347927079 0.02819143646984304669 0.00231433470826985285 0.01646242386736861130 0.01446694578603682085 0.01413832759979621011 0.04212790192520616400
2	0.00019455088951285258 0.00055889831750365710 0.98905397833098107618 0.00013642192085644691 0.00106750087323646348 0.00876239197051673427 0.00022625769739367634
4	0.00050514591098657451 0.05956222653434740943 0.00151091503406334897 0.02499828119333222937 0.90872890924875215912 0.00259543426834558466 0.00209908781017319884
3	0.00140188015114459824 0.01480911415269496774 0.00010299702262699448 0.98333313949644929330 0.00030259640527194955 0.00003196780630780008 0.00001830496550392554
1	0.00090692890753313197 0.99610349459591962518 0.00042848092548803399 0.00190196943549132778 0.00006914081488775606 0.00057185194685676884 0.00001813337382285920
5	0.00130218121143573732 0.00015897008340477281 0.00028493617837838678 0.00022334640201104506 0.00016652721813311259 0.99743616602860152298 0.00042787287803499750
1	0.08195647977830182451 0.76255060492352477741 0.00374707565762262421 0.01830761067717533511 0.07048562118705116453 0.01580812374881284885 0.04714448402751125061
0	0.56005265080341681827 0.41229037601244106215 0.00127601570876665574 0.01750024587513463598 0.00155124965796644889 0.00643180689264012326 0.00089765504963398174
1	0.00296400987746637005 0.98142328355736663248 0.00035335587797211924 0.00824669337499611514 0.00554230777254357404 0.00093423180967025705 0.00053611772998419182
3	0.00003378282907805751 0.00062773195586813863 0.00040290321367261121 0.99861425743677345590 0.00000490675945330205 0.00028781844505850710 0.00002859936009591258
1	0.00030702377360205857 0.99835746824593751825 0.00055077231585656415 0.00039590558704316982 0.00014855160435066277 0.00019158032207777223 0.00004869815113066309
0	0.99639389920485954555 0.00078168614934058056 0.00003591432410022574 0.00052427502986385818 0.00042732893595177982 0.00019003936142025690 0.00164685699446377579
0	0.98703380438738241853 0.00432314353230898573 0.00088943596119739322 0.00532145988136127276 0.00093101132968361215 0.00054808967869466717 0.00095305522937184179
3	0.00022721604169830705 0.00701228495021316827 0.00004935219150512927 0.99240333626374754861 0.00004575712889533601 0.00002486605591797357 0.00023718736802368743
2	0.00061237114997361763 0.00031051518912248317 0.99783851941602741409 0.00059943044247315043 0.00028240677061254575 0.00031818749358984792 0.00003856953820013252
1	0.00737910304008226881 0.98402128660684962114 0.00137700069905525766 0.00508035684369907009 0.00140103396065636011 0.00025180122053216779 0.00048941762912433490
0	0.81154309557159676203 0.01801190168816607651 0.01130635793034908028 0.00827521689778537226 0.03305509682995085019 0.03410468191807592558 0.08370364916407578570
3	0.00139993628223939902 0.03302216765655195674 0.00005840775958751196 0.95942736939274242403 0.00550555922290452224 0.00038218530106785955 0.00020437438490568310
1	0.00017333228771667010 0.99788707808299548230 0.00008045447856312359 0.00081934389035972740 0.00022245021979061703 0.00010431328208073933 0.00071302775849271230
5	0.00004496918218061065 0.00036246643041883077 0.00007877618377585668 0.00009796290322948362 0.00007112190250007027 0.99929768645838268348 0.00004701693951276772
1	0.00248211558092810165 0.99347537040744882120 0.00031096355526256681 0.00301072349963162978 0.00012579832830174838 0.00039706754942719360 0.00019796107899960891
1	0.19854299143500353519 0.66239302939291067052 0.04335005474585792995 0.06910179882331937695 0.00425503057548452194 0.01820664064922590530 0.00415045437819808790
1	0.01633295175567649887 0.97099934600046078348 0.00018156909443053362 0.00212073294499421023 0.00259283520868424646 0.00518710651834707222 0.00258545847740692747
2	0.00247572454079845843 0.13586329861321086443 0.84428735684170996834 0.00053097413710636969 0.00060492696231309758 0.00723755895062254233 0.00900015995423816828
4	0.00012492263299216971 0.00014019680425650976 0.00071479399342701375 0.00738443026237355169 0.98635991008957746295 0.00038391306119574687 0.00489183315617824910
2	0.07901844609364142014 0.01188025060750740568 0.85563505119909388785 0.00423382280084934857 0.00415787115947829564 0.01673128548617430766 0.02834327265325577161
0	0.99605372993217544675 0.00020349269608747073 0.00000579562410112020 0.00327703709001351444 0.00005963954165940916 0.00009995331584581093 0.00030035180011736323
1	0.00130655034413410193 0.99734219763149190019 0.00010951371040675230 0.00002092894238477294 0.00014836834884020622 0.00069859033882483377 0.00037385068391804162
5	0.01055806394571602927 0.07435916666326300439 0.00763439110532661887 0.00654422385390365444 0.02338680490196234918 0.86560652548205341272 0.01191082404777472036
3	0.00040899483306217120 0.00942036150907057945 0.00059107406138741146 0.98925586959381517360 0.00011025168771810085 0.00013597873081001930 0.00007746958413560652
2	0.00002857713925598609 0.00006862407918703198 0.99920880081413465668 0.00005572576474721733 0.00035100767831542843 0.00022024538406024437 0.00006701914029942390
3	0.01777706000685081236 0.05307519966331467054 0.00287436353486628235 0.91984633774487478686 0.00167889992772520761 0.00041905760676552175 0.00432908151560167966
2	0.00249267287304555949 0.00006320576325333394 0.99507473267314427989 0.00069214057226723907 0.00090671066801445291 0.00074100437710701822 0.00002953307316706820
1	0.00018474972261707415 0.97911279024824482420 0.00029712288203311921 0.01773633822300762705 0.00018714112925805133 0.00199338362442838448 0.00048847417041071454
1	0.00033384560676550908 0.99754434136004399569 0.00034418139744150586 0.00071374708942328305 0.00012095082027782440 0.00078684057819222860 0.00015609314785598952
1	0.02115957953852412587 0.94208358074467046794 0.01161456235712122163 0.00884854198399002631 0.01087501085303008153 0.00129200695817689617 0.00412671756448647689
2	0.00013279948951279847 0.00004297002664549881 0.99887955710176734581 0.00008741529723573803 0.00018643694070587520 0.00038580781400784214 0.00028501333012346299
2	0.00167812939431583627 0.00053191640652577930 0.96012690973609915446 0.00040770021375468457 0.00344310822267312371 0.03360766965857359817 0.00020456636805877995
4	0.00089694567798600578 0.00045455515846349080 0.00114217802772139331 0.00012651242071564622 0.99554122294895841527 0.00003579381958618765 0.00180279194656971474
4	0.00037136881003438572 0.00078302280523764921 0.00111498644504653293 0.00002837584231193100 0.99566568283295420194 0.00049988057134187764 0.00153668269307289458
4	0.04972062530655118467 0.00113566969517208847 0.00200639738158311107 0.00019215908227999259 0.77203036239183708833 0.00239508112570414964 0.17251970501687252657
0	0.99176489314385207763 0.00483251153207344027 0.00003922473653537891 0.00044928323829879864 0.00054338126789155064 0.00181373183332665688 0.00055697424802237858
0	0.99029934786462203711 0.00159775044782321579 0.00013630431888317896 0.00033349672797757494 0.00260339156361616983 0.00014399572901553618 0.00488571334806240775
3	0.00001755628009268789 0.00005207851769735242 0.00000555950646287301 0.99992359092765981110 0.00000020097896595008 0.00000068832897874779 0.00000032546014294399
0	0.98625413190760502502 0.00136882920424120794 0.00009240484911929420 0.00894451429182350870 0.00088797792181396942 0.00028358758438629160 0.00216855424101083764
1	0.00672678365820597503 0.98875728826245246061 0.00084964417635280268 0.00086305068082616018 0.00009073326561868410 0.00252661543153234833 0.00018588452501163604
5	0.12940513477795667630 0.00466856486443041705 0.00142147722990139543 0.01347181849330797258 0.00021275247954133906 0.85036944710268314029 0.00045080505217916114
1	0.01194797873168109044 0.96360805037477548218 0.00239405184798007842 0.01032741273867067433 0.00938566469892284511 0.00219247708559528213 0.00014436452237447217
1	0.04927153305101113212 0.85429047166088423193 0.01725694015062304715 0.06501845698838923382 0.00337218232289701039 0.00550818092763624874 0.00528223489855963752
1	0.00083763667152918675 0.99808484236794392519 0.00002855011458637658 0.00017267478568708112 0.00002684820152652688 0.00083872259795701948 0.00001072526076955070
0	0.99423111515711193320 0.00197953140910900587 0.00010635451313524753 0.00093454742109823732 0.00156927435641258874 0.00006756181891210299 0.00111161532422072887
3	0.07802157460899285246 0.10589807783258124718 0.01162417629759655326 0.74159958306220485902 0.00900899498917188610 0.04910700940768267242 0.00474058380177010043
6	0.04742590580665354688 0.01435135571815891395 0.00697995366830259957 0.00031773514496620124 0.03748273813765459067 0.00259277964020953678 0.89084953188405469060
1	0.00024828232062436062 0.99599904126218685718 0.00016597183516258587 0.00003391018184227836 0.00000939603323578383 0.00333614666201191654 0.00020725170493722075
3	0.00011345495093003517 0.00054810560546904752 0.00001088174458269465 0.99884683868167678522 0.00028035993377481457 0.00001947552471541868 0.00018088355885178176
1	0.04305242823481714859 0.85895810011444695409 0.00184385596184415525 0.07764740627005700668 0.00858443933902656997 0.00891415098993204869 0.00099961908987639754
3	0.00305795794855304301 0.05788595243887697389 0.00621196166668734531 0.92442995877594580367 0.00371296606263720862 0.00381690445707133464 0.00088429865022769021
3	0.00294454719591945822 0.00148950581966528629 0.00427537450986508524 0.95542720736545050375 0.02812973625693961088 0.00380104562494084980 0.00393258322721937517
5	0.00070295139457029630 0.01344457110047758350 0.00122528915024956915 0.00103748677142939910 0.01077014281225723534 0.96885534349244850638 0.00396421527856780434
1	0.00729510174069286210 0.95937416373416728455 0.00600633161501968986 0.01573704079764541922 0.00374571092327843870 0.00311790954436114067 0.00472374164483420865
0	0.98260312236286195819 0.00150479574241607541 0.00018855340147718092 0.01440991214967522922 0.00025520825581507039 0.00008106717502606436 0.00095734091272838473
1	0.00001279627413841747 0.99849682384640570110 0.00006200561577815897 0.00055439594620619310 0.00008478496242757033 0.00058200337481326711 0.00020718998022978423
1	0.02996906533432013020 0.94318478454768828190 0.01316455684213771633 0.00287508216356152863 0.00247395253445924744 0.00816160638360801521 0.00017095219422463132
3	0.01275344970571197500 0.00241748639605562400 0.00739551137238977224 0.74853580476255221487 0.00436063419648354683 0.22435583118037427663 0.00018128238643217950
0	0.91856170056403851909 0.02609877468124306016 0.01467071553312552373 0.01125392019429987539 0.00997583992877930543 0.01374827743811896444 0.00569077166039470752
6	0.05994135175037179630 0.04202807730103357009 0.02375484280507016849 0.07747095843340912058 0.11596390315887353251 0.13397382000879845543 0.54686704654244333579
0	0.92382402162775401067 0.01608021887147637052 0.00030500140945248429 0.03007947904868485747 0.00904274500918262475 0.00461439531514395117 0.01605413871830570216
5	0.00310562589333789139 0.00468424926743992061 0.00145594735001134583 0.00083796165167716440 0.01237520587686180562 0.97202299465253905186 0.00551801530813294562
5	0.00041281496632766649 0.00220287487979575541 0.00059436484815897416 0.00089367031520609370 0.00010429401314508019 0.99576832999204600849 0.00002365098532055356
1	0.00048336404948592102 0.99797914715302626920 0.00003245971640920246 0.00044572321462630943 0.00070066178895533953 0.00015903403670195114 0.00019961004079592894
5	0.01091670089632290445 0.00474108611474238252 0.00006760909531133427 0.00123549321302554604 0.00038058977065639143 0.98258376095635768799 0.00007475995358346490
2	0.04724324819286401106 0.19418355164576597827 0.60337638855517206071 0.06826920883676480811 0.03513500281432642425 0.03728093150507755943 0.01451166845002947736
6	0.02969770597496735817 0.02953134396924687877 0.04011263425754960088 0.00212875964782843026 0.01293762849541084392 0.01133162347412640034 0.87426030418087052887
1	0.00435676629378539942 0.98090163780857353437 0.00015627175022322708 0.00665881182310875709 0.00765536318245784581 0.00022764224547409411 0.00004350689637692830
2	0.01132404392345974509 0.00114447583419700731 0.97845729185562635433 0.00001138709025487014 0.00146819827603418898 0.00716175693837924586 0.00043284608204840461
1	0.11252624080059893397 0.85559036593748238886 0.00532794863552424596 0.01927183803292426695 0.00487622861075468015 0.00105120270786703018 0.00135617527484915130
3	0.00160466387946384603 0.01626985628835522779 0.00180741608744005113 0.97834293783547732204 0.00021420381128443993 0.00037188730937687752 0.00138903478860235435
1	0.02278814979072028152 0.94285323160858780511 0.00516646684999081014 0.02289131451965615432 0.00314379712068952591 0.00219903797139938241 0.00095800213895579913
4	0.00013872191634121514 0.00063327930241906206 0.00060469261476631770 0.00010558075133854534 0.98784311207512220943 0.00044926066933048995 0.01022535267068073843
1	0.00034409910550516862 0.99483927124095439254 0.00005906372242823522 0.00457367812620788818 0.00005784788988042167 0.00009914051925776967 0.00002689939576596222
3	0.00401888484065834016 0.00683417200391652890 0.00052876350464071032 0.98555287620662068715 0.00201654381737124012 0.00021549939252251909 0.00083326023427023933
5	0.00415732535351550671 0.00024548412814151961 0.00171485292354843261 0.00132732660807031544 0.00125289831110042505 0.99080277165360075564 0.00049934102202234601
0	0.68901060342121811519 0.28182298678968287220 0.00431085545635390838 0.01116173952284003901 0.01001134246699125763 0.00027272763751809106 0.00340974470539558887
1	0.00450369139591092447 0.95340137370599953304 0.00522829377003069563 0.01932597362668411756 0.01501106783497244308 0.00135338863437141159 0.00117621103202951265
6	0.04355638059355009667 0.00187317551285403477 0.00103794740773825852 0.00021144653883339626 0.03331306479930463971 0.00357214475456217725 0.91643584039315728607
3	0.00350645264643150659 0.11942812015243307877 0.00231952934964813409 0.86897671296651235462 0.00365363861752580118 0.00055716627022383257 0.00155837999722662434
2	0.04040749009025186578 0.24751251204448512788 0.39731258560867960261 0.02408313493222608362 0.06859965338897570930 0.19988093980599791477 0.02220368412938331787
2	0.00019556630996200451 0.00124400736051093913 0.99804768607875571362 0.00013013301797071589 0.00002001276279023891 0.00035811316641950542 0.00000448130358952879
4	0.00069999063480768531 0.00567347313544906522 0.00175422090165682507 0.00404018719006266590 0.97863744161599375282 0.00104196382058130551 0.00815272270144870061
5	0.04631234492761701627 0.10824586742622906155 0.01080338209089094607 0.00081924748159134064 0.03149008848996012744 0.79996896283707275010 0.00236010674663855507
0	0.80340377844468624513 0.06577125091927220335 0.01084705218195644409 0.00840622990522092717 0.07398107899763178841 0.00878813734798929679 0.02880247220324320609
1	0.04214642204294012651 0.60219220840846832132 0.00527080111794300463 0.17839217235994983546 0.07592282271046255082 0.05474394844181951214 0.04133162491841636810
4	0.00032843218707982394 0.02790840080649436075 0.00808363126351328495 0.00410760953717772756 0.95408465058914726509 0.00257781731118055619 0.00290945830540604786
1	0.02234291668012512375 0.85044999897436568403 0.05846915063226953285 0.00663094262276250641 0.05200398320552594711 0.00596698463190916024 0.00413602325304189902
2	0.00665536165832323126 0.00096228753059878879 0.88658394748010449504 0.00048654565059535484 0.03077617430798516504 0.00616846479580269828 0.06836721857658943635
4	0.05193102941111193971 0.04797891728847543391 0.00605240755104081898 0.00184026058082124443 0.88680112652300291387 0.00438244481690053863 0.00101381382864727224
1	0.00943597180989864948 0.86450140362509431124 0.00472968130910483842 0.05945952250248203591 0.02266884621515610071 0.02182680039324099916 0.01737777414502315529
3	0.00040308093131805343 0.00110705186332196335 0.00008445613161181808 0.99835542885417449810 0.00001485528674909796 0.00000441436075419188 0.00003071257207000884
4	0.02530238533279200244 0.08089304638409604287 0.02319161234348011968 0.01772569606348325943 0.81315974987509087590 0.03370650539195022000 0.00602100460910792810
3	0.00523956943581856908 0.04178519239420833836 0.00079976524210176076 0.95083225489793576912 0.00009939605262909301 0.00061390875547645985 0.00062991322182963123
3	0.06631290944601010706 0.00127283267229728382 0.00237352356802150244 0.89967111097183871671 0.02541291679675856952 0.00245441622042936233 0.00250229032464437508
2	0.00003564817379053979 0.00002917498445449756 0.99977211513884378657 0.00003230707986692824 0.00002934337296944925 0.00009738113241559433 0.00000403011765884132
1	0.01480923902562317034 0.96656714359913886714 0.00125959178381776027 0.00978330784533764861 0.00660784296162098776 0.00071055296115510400 0.00026232182330613798
0	0.99826111836879916073 0.00036523168428952369 0.00001597856425500328 0.00008590456557146897 0.00074854047864129545 0.00008331713171586215 0.00043990920672772326
1	0.03354026307932596318 0.93804135482625228271 0.00094881975623549886 0.00100778032721623718 0.01023701308371667562 0.00915543637158776347 0.00706933255566547132
2	0.00001675449953512332 0.00001380779390767245 0.99966608314966531879 0.00000987281153865036 0.00005846019037163119 0.00023076703834400605 0.00000425451663758802
0	0.99578737694902386135 0.00075107770834575104 0.00004997371418226774 0.00212902666868779915 0.00018911555392062549 0.00026595610834419150 0.00082747329749536700
2	0.00000391421456246534 0.00001261673763066060 0.99689495064885425002 0.00000109010323667460 0.00052830708057757011 0.00253741859641695494 0.00002170261872070675
3	0.19811297859217380513 0.01397128969272794057 0.00062812041828082450 0.77323066648408433910 0.00536161543005707428 0.00020695100587135522 0.00848837837680460096
3	0.00847504959728915402 0.04902649873764238636 0.00234297183613519635 0.93417626677603171625 0.00281785130662506444 0.00224089992874499863 0.00092046181753116778
5	0.00004167416769233693 0.00019633943750119694 0.00062710658631899292 0.00002879411772463393 0.00000804222507203818 0.99908279713190073501 0.00001524633379093655
1	0.00193576212779548573 0.98913102012923326267 0.00096664100927047096 0.00641850408025639637 0.00023719090211216966 0.00113818255852635511 0.00017269919280578884
3	0.01250910964819952967 0.07463700933847361441 0.00172434416524438290 0.90535835771981065800 0.00164366804532079273 0.00221037739452071723 0.00191713368843054641
3	0.00041203284565462185 0.00485425827739491972 0.00000598638974736243 0.99470778286041028338 0.00000771462049090364 0.00000830240364349579 0.00000392260265790714
2	0.00000540416287565639 0.00001216816729853740 0.99994901204595176836 0.00000414457608435108 0.00001931516830639473 0.00000905859837657839 0.00000089728110622970
5	0.00119893813310809169 0.00004860796785927928 0.00004177444313031169 0.00010292094573567777 0.00010113539404317050 0.99845114365503517817 0.00005547946108900240
6	0.00395781981050023508 0.00490117357148001781 0.00052616987364772637 0.00052328118467902436 0.02762955279052912300 0.00110905078756030288 0.96135295198160342078
1	0.00047157517557050015 0.63179330603298677893 0.00029387466189428294 0.36659621905184031077 0.00032008560296630455 0.00010814922116418957 0.00041679025357752833
1	0.00274821556433326938 0.98956453008677391914 0.00212720440661004267 0.00269365843736039208 0.00013919012631652774 0.00257170300929563701 0.00015549836931043527
1	0.15815887012387161437 0.70741445392597201991 0.00387822796857529521 0.00448104388863720688 0.06594745446476261985 0.02465594662704053558 0.03546400300114027626
6	0.00077673629573147890 0.00334953719866847716 0.00093307622800134580 0.00027897770689364699 0.00267985495919864517 0.00008682351598675898 0.99189499409551973308
2	0.00038087936203824821 0.00348852663252994079 0.99503629108836122441 0.00020049095743530793 0.00020747054393174200 0.00064323903630561627 0.00004310237939856811
1	0.00334256865741391126 0.99603122503677554711 0.00023225980589822545 0.00020639701112180439 0.00002623968745789186 0.00013323882091931569 0.00002807098041323281
1	0.00113740329096600795 0.98034818362201181507 0.00094198427991162967 0.01357723153219597863 0.00228159971386720671 0.00137922794093164208 0.00033436962011553910
2	0.00005359755549246128 0.00005812514750804618 0.99907580654942829135 0.00007238790721431529 0.00024475331862336750 0.00044389796209152538 0.00005143155964230979
1	0.04128661572207383695 0.73863776035276240695 0.09438079213984300331 0.05481590523374165608 0.01885065912023041121 0.03555669510746452960 0.01647157232388400325
5	0.00022288607195725720 0.00089323709041687599 0.00204030443419144772 0.00016037517813158244 0.00584667678773068307 0.98647659324969527717 0.00435992718787643532
3	0.00255265242543813555 0.01530095192998391293 0.00135496274195054172 0.97925728303740922076 0.00026277327911067804 0.00082198898101882374 0.00044938760508893630
3	0.00016920198013706142 0.00252515318926297382 0.00004859773070354583 0.99715519988280643116 0.00001152834561725377 0.00007273126389720740 0.00001758760757483776
4	0.00056121183538867159 0.00044700132954707250 0.00074830160701260125 0.00048300995063378584 0.99571079222311531520 0.00177506602748383102 0.00027461702681884061
6	0.00024266321368684126 0.00000332770323220967 0.00001142404248730589 0.00000062204939841361 0.00044953714500394864 0.00000107415633354318 0.99929135168985849802
3	0.00268955438765367764 0.01855710340459314905 0.00126968296932522952 0.97474675423719181477 0.00098108396510545193 0.00079775307880862922 0.00095806795732163402
1	0.02587845509219203685 0.95034604426296831470 0.00763220689903882851 0.00130692310833981692 0.00051563238211233139 0.01290330088575635317 0.00141743736959181973
2	0.00007376427509317753 0.00013052733190833184 0.99894918126373966061 0.00029400592145016445 0.00036891147945461602 0.00010628712083234865 0.00007732260752084918
2	0.00006617679121927471 0.00001205266309729426 0.99982346984177905558 0.00001019575796508582 0.00001445497624460713 0.00005638851901183549 0.00001726145068247953
2	0.00751326135895870155 0.00661703180939774826 0.94063398502240480603 0.00243912145110291440 0.00226395681380863649 0.03922832186865052306 0.00130432167567657762
4	0.00622207364704721773 0.00127660290667643960 0.01838383427717002125 0.00087844715258713680 0.94592178606527732576 0.00020054088350757190 0.02711671506773513304
0	0.95394000815770718660 0.00784015109645746361 0.00047497150549816452 0.00388267251644850006 0.00317702067405943719 0.00675295764402683314 0.02393221840580270904
5	0.00004806417614876759 0.00023727221560899909 0.00010387089609833478 0.00008716188745313190 0.00037560459506135434 0.99913179757114012336 0.00001622865848802118
5	0.05931598445174419282 0.02673639418953341687 0.00290446223532333852 0.05794785660539251981 0.00444273812271880203 0.84744572013314078962 0.00120684426214684708
2	0.00319907929612039000 0.00073778944593960011 0.99211458188407564140 0.00196134743183599015 0.00067220600743386207 0.00128706162064906203 0.00002793431394430424
2	0.00046293260944735266 0.00017710847765135135 0.99839295975547104334 0.00021747696757252750 0.00029353218779953509 0.00042117865189253602 0.00003481135016572881
1	0.00080162347315462389 0.97630845348193506794 0.00412673941532335897 0.00826154543211543753 0.00063681751254660685 0.00869009222253354884 0.00117472846239167063
3	0.01864278156145032783 0.08409737111024354062 0.03049040542739142601 0.81019869814032019484 0.02172294424628067044 0.01324915456042902000 0.02159864495388554712
0	0.99284817986097351206 0.00358034369821547214 0.00009025650176536022 0.00096485231418762501 0.00183534891736431439 0.00026280476487186479 0.00041821394262179910
0	0.99846310603350352242 0.00105191122184029200 0.00002265589655559478 0.00005319599761983870 0.00012744488435165700 0.00010945433799982673 0.00017223162812913997
0	0.84819916894922664508 0.05960749078413705299 0.00429557910532015527 0.01425203327625694689 0.01712618412731424858 0.03305551548688868274 0.02346402827085617565
1	0.00368753180526728208 0.98862101086851028597 0.00080980781073572167 0.00472625858036188323 0.00148651682440590748 0.00051342043892139999 0.00015545367179731524
1	0.00223797091310469791 0.97453413194965488042 0.00237087950475101681 0.00688513054629973000 0.00537666917772371220 0.00689773784695243714 0.00169748006151396939
0	0.98956487798557102309 0.00262991640046049673 0.00260273954458210225 0.00067896818707175051 0.00057309905591631139 0.00034253534242171017 0.00360786348397650709
3	0.00021676451992802976 0.00046460869143023472 0.00002957646170456592 0.99922405802645253292 0.00000341928101511913 0.00003574563940284282 0.00002582738006498509
6	0.06882325114758387763 0.00742661065626886146 0.00867907638592448072 0.01096925405792232786 0.26913683188039994043 0.00806593045830750720 0.62689904541359320334
2	0.00005413022943925720 0.00000376938720430674 0.99963874266173224914 0.00000037954077344547 0.00001457635693079732 0.00028264247299343716 0.00000575935092590723
4	0.00093994004795723758 0.00025179718096629008 0.01517929201424804420 0.00006023903142037699 0.97499345429225736659 0.00129072874145064642 0.00728454869170009310
3	0.00426008554238842263 0.00113588149937209472 0.00004074566236147183 0.99408844816224317675 0.00040251120987120102 0.00003532384314606729 0.00003700408061814423
1	0.00413914785361178990 0.96190884461290659946 0.00135570801668857192 0.00081155092790675129 0.02344356408485718038 0.00084184415559131838 0.00749934034843872943
3	0.00114367171477147808 0.00049539819626833836 0.00269891007802142971 0.99517863758116742456 0.00006515175919868939 0.00004377001524029106 0.00037446065533226341
0	0.70941870540367635289 0.26675333431893361036 0.00232896484070698644 0.00530743596659015958 0.00240522665414671368 0.01183213329181138918 0.00195419952413495093
0	0.99071456942220859077 0.00227192961482118811 0.00093535455588195299 0.00190941778157419670 0.00031395051700875608 0.00302240155010509610 0.00083237655840028013
5	0.02079059273535869418 0.01029957963323678734 0.00421082701783155513 0.00085750456327109842 0.00160514821132495909 0.95878365002733301203 0.00345269781164375547
1	0.00685336337183177057 0.90018392130939395290 0.00168593857187727589 0.00082464719243140715 0.04269562845493888453 0.03419776784771723366 0.01355873325180933717
5	0.02403933782849946785 0.27088444247507459384 0.18098873629896405912 0.08525641346026724410 0.00553420028568661019 0.43012258217257953730 0.00317428747892858085
5	0.00069283360542934653 0.00003065022296169314 0.00003523291702038581 0.00026535090867651123 0.00006070041437750644 0.99878716793830746301 0.00012806399322681913
1	0.02499736180783442702 0.88056596102712436647 0.00601026947871217878 0.00916500435067393697 0.07305650277264259806 0.00563523068784508707 0.00056966987516669614
1	0.00315898267776785601 0.99350866116659419802 0.00022093549027487030 0.00027189885090922266 0.00006845265049261844 0.00269637229755875134 0.00007469686640304473
3	0.00345491655660157444 0.10320084582391710060 0.00049366467448205755 0.89143546987028154938 0.00017156486011469019 0.00092332084960490546 0.00032021736499900419
3	0.00826143652555377458 0.22401404010814654488 0.00469990672679544870 0.75788057573067979522 0.00018492744716313078 0.00426354596310292260 0.00069556749855868741
1	0.03306773755891551786 0.88867790849378713869 0.03405770377612644950 0.01836523639860006621 0.01046344766576259855 0.01049838811223887877 0.00486957799456932527
2	0.02332482982024131762 0.18019565348986796294 0.72251529493543775740 0.01660376426462598434 0.02120867640510940358 0.02880014216261593887 0.00735163892210186770
1	0.00016396406932148752 0.99702468062165849894 0.00017520882278108303 0.00243864690785470378 0.00004042419369891393 0.00014939011928075140 0.00000768526540615830
1	0.00030240506336195593 0.99859592964388110836 0.00007926968428365249 0.00038107534998279137 0.00003590248806691780 0.00059917865850406401 0.00000623911192100364
1	0.00224701036434636061 0.98616969042297841774 0.00071346888504240891 0.00808473920501946719 0.00168094768343560034 0.00097591700153931899 0.00012822643763772150
3	0.00077644960332239499 0.17203464870458673452 0.00009512924855830776 0.82695474064724439067 0.00007042209551983653 0.00003352752385295352 0.00003508217691660360
5	0.00313951264872789878 0.06192847730270132495 0.00347850930394673396 0.00068709318644117018 0.03288765627239066680 0.89413590537785037071 0.00374284590794235483
3	0.00652599695203970407 0.00569596692811008467 0.00010452360474000611 0.98625944152915334673 0.00016210330281131615 0.00118124644428373952 0.00007072123886246943
1	0.00770807965903065519 0.98169940949127076912 0.00062621140080129189 0.00302037752970950139 0.00338127211269244679 0.00239721582666380280 0.00116743397983169240
3	0.00247388590941841676 0.00196595670570580807 0.00118397190919055642 0.99007917321741178984 0.00148177180240740723 0.00095817541754669223 0.00185706503831976053
1	0.00056662914458660823 0.99930196770790369332 0.00001324494073763278 0.00010070947927123457 0.00000519645750204984 0.00000442135035907248 0.00000783091964105395
3	0.03071781527132252596 0.04228740982679155685 0.00093453401315961933 0.92313997814496073779 0.00013240715091856635 0.00276940647337956024 0.00001844911946761378
2	0.00017918128794528029 0.00007553462737210640 0.99968366471542302598 0.00002245747118088703 0.00002236096561183622 0.00001451397815315385 0.00000228695431460508
1	0.00099759435649253935 0.69138331645336292830 0.00009407309447484394 0.30738929520682872765 0.00001419950044842878 0.00009051704245806009 0.00003100434593464587
0	0.93904525823021767206 0.00683360729697295426 0.00027415310028526953 0.04765871183452135423 0.00201380084737436387 0.00141033805571575657 0.00276413063491247986
4	0.00223728878719534497 0.00390299199599788722 0.00814629742555908996 0.00125318428223873115 0.95859405206199821414 0.00055638817591654576 0.02530979727109421845
1	0.00055835966702756678 0.99260740404326175401 0.00211920138608694521 0.00200991140029418069 0.00073073231471656173 0.00189526000036263111 0.00007913118825166121
2	0.00047480347022022050 0.00008345458885251994 0.99894112130791035131 0.00017828241325236520 0.00009975927073048945 0.00020953439807943982 0.00001304455095535090
3	0.00707216312401828025 0.03956796610798534591 0.00125076403105119473 0.95118895311988804764 0.00000319036066591152 0.00076871509609845146 0.00014824816029213104
1	0.16599029111327753827 0.74345823068766969666 0.01204601745688993301 0.03999329201301731612 0.00546403248851106468 0.00698133609900378205 0.02606680014163070130
1	0.05436330890240414354 0.87300711587919554990 0.00889199384970546132 0.02318869313161631834 0.01229961518744324481 0.02192808940890789843 0.00632118364072752244
3	0.02110128759133799575 0.01309433020614987793 0.00921657541540551496 0.93287467700433701623 0.01562665527483976177 0.00171697571342045090 0.00636949879450957133
1	0.06354479725612267871 0.86932555072093931070 0.00629683344938917339 0.01901738125268417900 0.00688392043967090816 0.01062857908496022893 0.02430293779623352718
1	0.01884339254133571978 0.90522745004810789560 0.00728495732240381361 0.04145163102394058829 0.01207851106440180171 0.01319686218729959268 0.00191719581251000612
0	0.71295126587694690468 0.25482640563590286398 0.00327685803520619051 0.00478962260751342964 0.00464794282521996827 0.01850774285771413993 0.00100016216149649800
2	0.00080822351182942710 0.00022904972094262807 0.99693349500656580631 0.00023053118222758038 0.00055432017077942702 0.00120346674743743425 0.00004091366021908381
1	0.00036836871046539414 0.99407939560451141769 0.00050065836382111404 0.00030950556581428010 0.00009818179275074302 0.00453566837255340097 0.00010822159008347882
