0	0.98618692793882833936 0.00490128250237943999 0.00069231846718981551 0.00609298190206399200 0.00060457068701082173 0.00041988292198465161 0.00110203558054297688
2	0.00087914070537392966 0.00028918898231458466 0.98293909634555531873 0.00092574826734208619 0.01068464394432643190 0.00305582043133107144 0.00122636132375794930
0	0.89033422729405176099 0.03700945981550083502 0.01457064317742188392 0.03598280054136882011 0.00853215900894938734 0.00734798550165225925 0.00622272466105513403
3	0.00008650441357162311 0.00006537690233373722 0.00000379485765429721 0.99983821020522123391 0.00000112872871912473 0.00000396751617188625 0.00000101737632918333
1	0.03001768031239521184 0.79348307662606765156 0.01423896848799242713 0.14127276963144325128 0.00994333605142354304 0.00366062086334964553 0.00738354802732858317
1	0.24450172739047659753 0.70546006066251387701 0.00181522459503731548 0.01909259224725890630 0.00206408919085559550 0.00426814884253994865 0.02279815707131763874
4	0.00405841920556329009 0.01615477486044877495 0.01286485036176310444 0.00243358337451885084 0.76881963760488847281 0.19031305572522372316 0.00535567886759368960
4	0.00009337387002360491 0.00046270241233081788 0.00024347927126353687 0.00056954215622794337 0.89287801302680114279 0.00011616689544718156 0.10563672236790676295
1	0.02925393361602612874 0.93715981001867532107 0.00050208024739777047 0.03266193821173615092 0.00004415103000975653 0.00030240297197179386 0.00007568390418319682
1	0.00089572517318847549 0.99798177628079709489 0.00013149059678979353 0.00021696434108884756 0.00014738398233505467 0.00058956350652558177 0.00003709611927496725
5	0.00599684475601651706 0.00922176959770980992 0.28427833020827242283 0.01623908608264149067 0.00031092594089426266 0.68030899048755033576 0.00364405292691520350
1	0.01897731967331056993 0.97814660930943975181 0.00049090239670578680 0.00028610928814023356 0.00036109917502215105 0.00092499289903461869 0.00081296725834625427
2	0.00007552854330472845 0.00001135301219412582 0.99871747038022573584 0.00033143013121241839 0.00027288021007469714 0.00018022104808233740 0.00041111667490675114
3	0.05154877365819503926 0.19000732909629580725 0.04803359082406098712 0.65293734648762624673 0.02887700545899800006 0.01140911071913617778 0.01718684375568709996
3	0.00322336604138235335 0.00097541244051170832 0.00182117105535360658 0.99361712646401889604 0.00007445795741379918 0.00017592487276258274 0.00011254116855658865
3	0.00234933881343011653 0.39349823445745046868 0.00116017731658866422 0.59466760871486523676 0.00602315495283643060 0.00150503190701182545 0.00079645383781711530
1	0.06874366224910213874 0.57372432832954611825 0.05030110601635552625 0.13190291899062206449 0.06621882598773028150 0.08671175557684249191 0.02239740284980139273
3	0.00143027022655541004 0.00274680513508334745 0.00156487973228326975 0.99320151701749737061 0.00020850842682218980 0.00059331519074994467 0.00025470427100946576
2	0.00067924245397142343 0.00009653384005489399 0.99575388720710944490 0.00106907448694382829 0.00176983398472427907 0.00055793966707129428 0.00007348836012397525
3	0.01460064373141279313 0.05600902939368070793 0.04091773718923161218 0.72551675402099069512 0.08323507851920947109 0.01078356774846978526 0.06893718939700529957
1	0.25077718910083657278 0.55972082045782289850 0.05006124622090501325 0.08984306715628503914 0.01164213956046854063 0.01965776108248410564 0.01829777642119758893
5	0.01146319628510705617 0.34978600277904808857 0.01176753361083701134 0.00171980713306724999 0.00505632221596925488 0.61896697333871542046 0.00124016463725576029
1	0.14166539479898976328 0.82085415409922601881 0.00026101958086061723 0.00830816303979858319 0.00032879472693791095 0.02769246616579033177 0.00089000758839704848
1	0.01326680093931124731 0.97325052507662124235 0.00306821892684358815 0.00698916080926026417 0.00077674906786239265 0.00233256809432958769 0.00031597708577118632
1	0.04766580725727025819 0.90917976148277213078 0.01655083304102519803 0.01481543577041772447 0.00600280507761967539 0.00289180153948177766 0.00289355583141309930
1	0.01459612939724636536 0.96320026254919233200 0.00042977853374469240 0.01933183840740412829 0.00043205046869678257 0.00172856514004681035 0.00028137550366897723
4	0.00182894771446814137 0.00750108631800464488 0.00872343745896889469 0.00355309231402388057 0.97156498849065908718 0.00225266084414479668 0.00457578685973049695
4	0.00822760312063829276 0.00375634180548612296 0.00371993338984378131 0.00545496006931217494 0.81110340616201981323 0.00119555996772704163 0.16654219548497312120
2	0.00097827364987186378 0.00037503806393737239 0.99770150603838136938 0.00031420475359568222 0.00010088415884500555 0.00051575646408462113 0.00001433687128376794
0	0.94480182695355507949 0.02251297372268392522 0.00293337298936320384 0.00957812801699629152 0.00614641665303136079 0.00834837679774873623 0.00567890486662149790
2	0.00061278663475469351 0.01070783902509962054 0.93782007862123195618 0.00902002148770671489 0.01117376590247884209 0.02045753180357933604 0.01020797652514952338
3	0.17835115167155690674 0.07597907438835235783 0.02537442865141616502 0.65700812026967381207 0.00482227189026842359 0.00472584387075808063 0.05373910925797445448
2	0.00421650202582670754 0.00022024769161989462 0.98669061115583389654 0.00010093841089183168 0.00049465088194240844 0.00730352837279771728 0.00097352146108772310
4	0.00021072766222947950 0.00016422248936926974 0.00101373759194621060 0.00004847479119800959 0.99583729756577255010 0.00102919663224453474 0.00169634326724032352
3	0.00074357577446561860 0.06078309647267443605 0.00124907600380191105 0.87544364419491405016 0.05964973601882051640 0.00173361197538391960 0.00039725955994022582
1	0.00794855087440125840 0.96172395078312455929 0.00627770835431467385 0.00336017471094474714 0.00674482129569334201 0.01243331674936347560 0.00151147723215736495
5	0.02959725648067932854 0.06010659922247214848 0.00111644316619385572 0.00014828620253707519 0.00748126264758972124 0.90131808423595749513 0.00023206804457041942
1	0.00517171136533342481 0.89993034066622124012 0.01252513832458342080 0.07055273023961704248 0.00285082379846100841 0.00738133006414488056 0.00158792554163926492
3	0.00071311568276106530 0.00123059274231484433 0.00058067161896611377 0.99652938361694431979 0.00010124665745599698 0.00048097957863825892 0.00036401010291881649
3	0.00562402241608550568 0.03558966437626272239 0.01077227165318950762 0.94341234973802057251 0.00070820285396495941 0.00059393011578482346 0.00329955884669182707
4	0.06321886111343923143 0.07942152733022499189 0.03412711186527878776 0.03899331235855649225 0.64268150534228796200 0.07777918994625650229 0.06377849204395573401
4	0.01617818262333679119 0.00011374831096723895 0.36550028878948970235 0.00072604961909666520 0.59808960511910969071 0.00634022172914930175 0.01305190380885093773
5	0.04039741679545891945 0.02429659081560632886 0.00523613173454456991 0.00559251411166438502 0.16453262566930532129 0.69370338503378192740 0.06624133583963832950
6	0.00013712994640912820 0.00098134758795385231 0.00062420950732501536 0.00061988549039892625 0.00134791643532951441 0.00033713593693579340 0.99595237509564837897
1	0.00036659892140224930 0.99904098828976584112 0.00007753402758502796 0.00010509574291650613 0.00012481448269946753 0.00005063160160482310 0.00023433693402695067
2	0.00057596153694405448 0.00263103732673184397 0.98976076516566902086 0.00100486102464668152 0.00127701866344064508 0.00310343152589630505 0.00164692475667207040
1	0.01991517294687031661 0.92084436876226027913 0.00825005571551267261 0.01671703076945862260 0.00239894279833832626 0.02868382287923660831 0.00319060612832267184
2	0.00038304527326591553 0.00073027994243528044 0.98611857772112576637 0.00146851558954753003 0.00485775296350618706 0.00381337178865678124 0.00262845672146299605
6	0.00640953781951634875 0.05576097213002916692 0.01532488787026177295 0.01268353230733535418 0.08672657931124840014 0.00543707040002817076 0.81765742016158049488
3	0.04551220873002578826 0.06176292437383633371 0.00146441757361297762 0.88413123121825087924 0.00206091421082512521 0.00318031309492666650 0.00188799079852198311
3	0.00442437186243050274 0.00132224748177564989 0.00052848952089966806 0.99355229516328547046 0.00001619537779477221 0.00003751287197632390 0.00011888772183677951
0	0.87209616353912045028 0.01950905471262490143 0.00499195785071938902 0.01934573985878281985 0.01679880897714294830 0.01709562953465876625 0.05016264552695082202
2	0.00032270907143374164 0.00050272197634340806 0.98887830038037694003 0.00028322766440598134 0.00126522962107422469 0.00790692753041535162 0.00084088375594812989
4	0.00061976925859990760 0.07074469464662037910 0.00305497857272665372 0.02351784534252164896 0.89800043536183504767 0.00207567677827875030 0.00198660003941750121
3	0.00391516629190031325 0.01837616543045096987 0.00057047865365535654 0.97588056320320970549 0.00097618493775237136 0.00016893643520781801 0.00011250504782348830
1	0.00424656667446833558 0.99244866905758288844 0.00065544655504735537 0.00168384792872348032 0.00014466310613805061 0.00077012049889934816 0.00005068617914039652
5	0.00321043253851012803 0.00040516654236601190 0.00103698321550714533 0.00113380015509961427 0.00111753553923763459 0.99101309343958110532 0.00208298856969830375
0	0.62908910960332464768 0.32910951735645782579 0.00035293882088552006 0.00324790017091234132 0.02034670569348743380 0.00296843704606852441 0.01488539130886367551
0	0.57562966266719250985 0.40664772764529194538 0.00129645267513597341 0.00965948360465851245 0.00128695152616455219 0.00416758927686301708 0.00131213260469343804
1	0.00548382027310250104 0.97777473823510019368 0.00067430707195726932 0.00937851265909941945 0.00513797422756962809 0.00094257197708194033 0.00060807555608934462
3	0.00009165189508946764 0.00040980724860938253 0.00208887249058046197 0.99607150584016412864 0.00003790284905958055 0.00111782718254841394 0.00018243249394997313
1	0.00130879750415823577 0.99691569193664630877 0.00060684133724396669 0.00060312393924457741 0.00025134220318187431 0.00019567435838402730 0.00011852872114040491
0	0.99735858745806893477 0.00028366125694632635 0.00006025745554794512 0.00038859678325284339 0.00051043456954285335 0.00011400934194398017 0.00128445313469733604
0	0.98985002199621752172 0.00172184850884077941 0.00128131773493124598 0.00440866855275979901 0.00106866194329295963 0.00037629765680033140 0.00129318360715718200
3	0.00105710078217701982 0.00626172358166317885 0.00025690507065276763 0.99154601843010159445 0.00015403507067364295 0.00013841119142884314 0.00058580587330301563
2	0.00078128759042290878 0.00030928301280453438 0.99677698730080099843 0.00111316930908917353 0.00029618204395593609 0.00055111689094813996 0.00017197385197809012
1	0.00744824799228212178 0.98583475449714430550 0.00139541563693189904 0.00351415120964388566 0.00095855878061193347 0.00026518754629554331 0.00058368433708996814
0	0.99022646579717366055 0.00291743945346860682 0.00011816786690361828 0.00044273945231657497 0.00127905159296141479 0.00109581260575985920 0.00392032323141619597
3	0.00525023079093766155 0.02596081383746496121 0.00029141544779939679 0.95254417425557802446 0.01352593972135713619 0.00153872147012760921 0.00088870447673554788
1	0.00105926281877470434 0.99557995482150452027 0.00018829811425867527 0.00070173470504357753 0.00083300602868119399 0.00021230616291382991 0.00142543734882243458
5	0.00007933915390650513 0.00172647854151951330 0.00092046542523417337 0.00057852851261924309 0.00033418055092965297 0.99577255832585898077 0.00058844948993204687
1	0.00434836868514927848 0.99037934651319636803 0.00099194826788966670 0.00262185535626708374 0.00034147109616256249 0.00068622610975122163 0.00063078397158384994
1	0.25583350607974830737 0.58254721027406208833 0.05191449860989500592 0.06969151037386350778 0.00839733302946936606 0.02607851723536722816 0.00553742439759473577
1	0.00675164220995348816 0.98547590221514436148 0.00001071113450362295 0.00729163009999689565 0.00014910546997223202 0.00020190100593819860 0.00011910786449167740
2	0.00161710862621629922 0.17220086907013698596 0.80219782420128282752 0.00213543165514274011 0.00140381003197878975 0.01060269888611019978 0.00984225752913254516
4	0.00017146003622818486 0.00028294654485158747 0.00108073045968052066 0.01151959555037182850 0.98122129836910243483 0.00102487354143271283 0.00469909549833100008
2	0.00742091403991227902 0.00007592915429654459 0.95956378117350649148 0.00011615002288917395 0.00040819688697078441 0.03177612642732164511 0.00063890229510334747
0	0.99793251401576676951 0.00009262767807730526 0.00000507939861209588 0.00164371723671127238 0.00004575007954331192 0.00004363216974051330 0.00023667942154868724
1	0.00148491201281924709 0.99704181254976520510 0.00010718700073658549 0.00002272499066068335 0.00019793820223269398 0.00086340194239471573 0.00028202330139135106
5	0.01769630667480026273 0.09883531975502639344 0.00989986333887868213 0.01319808307700750215 0.03890216127525238099 0.80377447667459256397 0.01769378920444256154
3	0.00104356278546540327 0.01068980313983775715 0.00194134405875007426 0.98503269916743141366 0.00039936510631998238 0.00054279141442335245 0.00035043432777179088
2	0.00004529893102059432 0.00010462962824417144 0.99805205605330993279 0.00020235275723572705 0.00088591290274300945 0.00029693627422658949 0.00041281345321902079
3	0.00407980301912653619 0.06628734125734186966 0.00011482698428649087 0.92929042105352288594 0.00005605627410592361 0.00005598649393788501 0.00011556491767788986
2	0.00241476927473183167 0.00008924034873268603 0.99478118604935727998 0.00072247074557995207 0.00094953965516562228 0.00092534573919474063 0.00011744818723780578
1	0.00110555077274325660 0.97370703216083753784 0.00076967529692505924 0.01936186851263469247 0.00052048793711516035 0.00377285666077633013 0.00076252865896757175
1	0.00061848516172911133 0.99788150087697480295 0.00029357544991137776 0.00039466316604895140 0.00013553009636258918 0.00051458039197582229 0.00016166485699639662
1	0.07639554167543133323 0.91383925909079655181 0.00085636594007278198 0.00480226806443073868 0.00231746628637168484 0.00033932432139399703 0.00144977462150347848
2	0.00017770588777052897 0.00011648508894445402 0.99852477048547749749 0.00009694463594956953 0.00022147413933833071 0.00046763169901348358 0.00039498806350540567
2	0.00222200752480225701 0.00058942462149571813 0.95192848568876442528 0.00083500349696861076 0.00581048820084996160 0.03783413291859471367 0.00078045754852419213
4	0.00350051079026567590 0.00167464803928722662 0.00182281187961616151 0.00091233395775827946 0.98725962225685037765 0.00015619052810093861 0.00467388254812199037
4	0.00050805693594198830 0.00163036656880850709 0.00107781885079173126 0.00012610421926756286 0.99418857951758232705 0.00064543688582051047 0.00182363702178811550
4	0.08887998529775230361 0.00240725363445721662 0.00428837398723170941 0.00109030583996928181 0.65648716062934830973 0.00783938454982784604 0.23900753606141350582
0	0.99462746000988500050 0.00276845899706519658 0.00007771326018148589 0.00051810396264904632 0.00060291320230086763 0.00080112759204489846 0.00060422297587365420
0	0.99018970216954116381 0.00090292415383275626 0.00025126283914730973 0.00069434227253339638 0.00202064731215225758 0.00028248773224103343 0.00565863352055220176
3	0.00006178273353650919 0.00003121525236456382 0.00001888856489124725 0.99987771374918299472 0.00000108301204664491 0.00000716629898692816 0.00000215038898844213
0	0.98435122017829357333 0.00083745581163582644 0.00025357056885123890 0.00955509206669571259 0.00091291817704012071 0.00031096992461121677 0.00377877327287226257
1	0.00626545662263860211 0.98689405731854062953 0.00080056361861963361 0.00152043997557357586 0.00012810857932163853 0.00408958517710731988 0.00030178870819863834
5	0.18050169642552063576 0.00685687310627424232 0.00715834030204059307 0.03335333592097129707 0.00156905582848655277 0.76751951674082208310 0.00304118167588473490
1	0.01784279392444079390 0.94434249879846687836 0.00313554466949980942 0.02139845876834674948 0.00902186514258661310 0.00384787260819837102 0.00041096608846067002
1	0.03511037500137009076 0.83904872869809121738 0.02009543030721267984 0.08736784623373440584 0.00395509875403645891 0.00757927097509028969 0.00684325003046541789
1	0.00274441777750945035 0.99638701547158115002 0.00004279825821262151 0.00013814028097923668 0.00007136074191008124 0.00059557502131130926 0.00002069244849614203
0	0.99562621184651234341 0.00070376884333664728 0.00024464706083739195 0.00086574514387068708 0.00149597511957426789 0.00008376566375234724 0.00097988632211657052
3	0.09451763022451067919 0.10982321940272657401 0.01567648884198068540 0.67659617345882561157 0.01346394832449844536 0.08227198686156766971 0.00765055288588977964
6	0.00152149497775573811 0.00008302461670011042 0.00018724553335108148 0.00000913251384874044 0.13308104457998964909 0.00008543820236414654 0.86503261957599064669
1	0.00035951688606085657 0.99734409156365544380 0.00007098633195136309 0.00002363117298505363 0.00001209029131252609 0.00201310371673753220 0.00017658003729587821
3	0.00026565270523453902 0.00052187929476842868 0.00004055921150999153 0.99828086629733436830 0.00051170577824305463 0.00004840698628533834 0.00033092972662451445
1	0.08540627999373545665 0.82400319996173765347 0.00263274706793410231 0.06902825744246457451 0.00982495085365239947 0.00749133802391258562 0.00161322665656345675
3	0.00616624201469526730 0.06774701435936106297 0.01248775585661401379 0.89393271802155116479 0.00775068649962388796 0.00933012202231442087 0.00258546122584069320
3	0.00217229220567192842 0.00167159487159018586 0.00395595749394012965 0.95900330987215853806 0.02260386696515673602 0.00503325183853205269 0.00555972675295002793
5	0.00138974740526760679 0.02347402922357533228 0.00278637997497019037 0.00369482660206600210 0.02122526920645961129 0.93843104218369899350 0.00899870540396212164
1	0.00887509441767416613 0.94766000287502849542 0.01056946364460964807 0.01474081644839275382 0.00733485759167909913 0.00279397644329801558 0.00802578857931816360
0	0.98441496209813850182 0.00105213559027630423 0.00036610561077604072 0.01179217124436033638 0.00041915532942095389 0.00011948961166675351 0.00183598051536085910
1	0.00007150371844280805 0.99776069459107696868 0.00017738402513397446 0.00068801319764859932 0.00014082523446532107 0.00073132009611962239 0.00043025913711265332
1	0.01997067494028850754 0.94989206548636684335 0.01439432164366286071 0.00372474958920681167 0.00604998664928743310 0.00561939022893679675 0.00034881146225066340
3	0.01072771875649482405 0.00449918098303324007 0.01235931259365162169 0.68423832385201655004 0.00564764479540213159 0.28197677557930422854 0.00055104344009707562
0	0.78792658457404707306 0.01605619206295137713 0.18005520124686871797 0.00146173606018372166 0.00668762234702165517 0.00727308683904594622 0.00053957686988145783
6	0.15441552620699744436 0.00039437374587580031 0.00065295291044931039 0.00487507308254030765 0.01306270549639673532 0.00665488122601333790 0.81994448733172708987
0	0.94352636125940114731 0.00418644264086007623 0.00046227696143242658 0.02449323377358606987 0.01064650093902509524 0.00456517269581724339 0.01212001172987809544
5	0.01879554947262275164 0.00008025988956513616 0.00003739318020297137 0.00022174630819532019 0.00070878472586109135 0.97944946661102083585 0.00070679981253190703
5	0.00047106403780638046 0.00342390017643280208 0.00134024370645328961 0.00172357139042500170 0.00040365766909738321 0.99253495660445323345 0.00010260641533161257
1	0.00087741069148172162 0.99673947926523231988 0.00005825499780103815 0.00077099167479466216 0.00087355935247663175 0.00030872538766425474 0.00037157863054938881
5	0.02210904828253958815 0.00677471817369899604 0.00032934203591981068 0.00173639923244032005 0.00089263283644619353 0.96790921682814012872 0.00024864261081492374
2	0.03327274068371596782 0.21103861630481016154 0.54209305636272908657 0.08806158215759174457 0.05241062874261114696 0.05173712733556774801 0.02138624841297389126
6	0.02536386034742818540 0.03634251653932480536 0.04596369055587269659 0.00544452573011230349 0.02794179974402334968 0.02254645043025959791 0.83639715665297909020
1	0.00843072663938890937 0.96989633182430068370 0.00085271439668110904 0.00828791406045389055 0.01166888155305604267 0.00069422731236569327 0.00016920421375424337
2	0.02024033718724074782 0.00216213512812797040 0.96414413318180269830 0.00005806759797702019 0.00243107486521596189 0.00862278432727329319 0.00234146771236266697
1	0.15537780972653775224 0.78786245754230066485 0.01045823122575174208 0.03268546489296113300 0.00826357435773719499 0.00295885216891860316 0.00239361008579256100
3	0.00155133295238094916 0.01160765128183718561 0.00239443383381789327 0.98189007622110668905 0.00033217141653815209 0.00058436902777858992 0.00163996526654107216
1	0.03932422565817930010 0.92297089489737760282 0.00792225147538262037 0.02097915107075479582 0.00381382945784579592 0.00349700454186542336 0.00149264289859416888
4	0.00015821909093805811 0.00030215177515018570 0.00019034953617046448 0.00013053435799518625 0.97512267239973449140 0.00028886541073409807 0.02380720742927874833
1	0.00054658782310570075 0.99567416412932185921 0.00009977898388844589 0.00344034490241832119 0.00009826705680871924 0.00009748247732713062 0.00004337462713020776
3	0.00241857837311507595 0.00581365571153607662 0.00095645991140854293 0.98801452455500871075 0.00173036876062509842 0.00036644481876660004 0.00069996786953873368
5	0.00365777439183508427 0.00080734576683575852 0.00730789497255371432 0.00298091555420291641 0.00443339841299040995 0.97970960955131469738 0.00110306135026742467
0	0.89869541057306023824 0.08844120572669993130 0.00002074336109876384 0.01264215435978914732 0.00012107296166238341 0.00000240991763090355 0.00007700310005855164
1	0.00889283558531132716 0.95120104372692115824 0.00722117995840149476 0.01707463558628613196 0.01176734368160368104 0.00147481146119114791 0.00236815000028520878
6	0.10062585032531917717 0.00776023298865635442 0.00477808038814642004 0.00214037838665696173 0.04263724701106220982 0.01605704502995168592 0.82600116587020722125
3	0.00311408264652283506 0.11630487033461985036 0.00286342167383820800 0.87058565894643480387 0.00450627598160193658 0.00085905806511602856 0.00176663235186647733
2	0.00609732999948411208 0.04002748908396902561 0.89710866000541678034 0.00072126357026565662 0.01067498501332335425 0.04453620954744678256 0.00083406278009393075
2	0.00114946753626105937 0.00622313202111956110 0.99147134033010919651 0.00026569306425726217 0.00007258392665248082 0.00078600453445478325 0.00003177858714537991
4	0.00190844721065199776 0.01122493402489679014 0.00138494354967149519 0.00607371750840390075 0.96922390378363831864 0.00177609126017312766 0.00840796266256493841
5	0.02624728902819950874 0.17669934471014067667 0.00093938257775846303 0.00022759260927625335 0.00689378159534117293 0.78874582922426572651 0.00024678025501825417
0	0.72689615556325426482 0.02333334969069921980 0.00047018376195049602 0.00063629875201477476 0.24011480701485340972 0.00072776886679249342 0.00782143635043507091
1	0.11185151580079653877 0.54847795453082626160 0.00441710871592823802 0.17426110970150779367 0.07620820675804798605 0.03885738293855078851 0.04592672155434233960
4	0.00033090719671617912 0.04277359397622628595 0.01000926752921285461 0.01004404009534033866 0.92876704848510927004 0.00379452302321409357 0.00428061969418111997
1	0.01219834695617534777 0.87609328204188485767 0.05112580276219523545 0.01304485922246104157 0.03503684758436161062 0.00798464356275400966 0.00451621787016718082
2	0.00008340934499489386 0.00000681247432343669 0.91838656371250804167 0.00000912864707675641 0.07647336131218714084 0.00064788163267068559 0.00439284287623790091
4	0.06682008377271847488 0.00283636378234470871 0.00015408527628736900 0.00454666278520180368 0.92495273386623166889 0.00014812395566529265 0.00054194656155065175
1	0.00727051224291944392 0.83015994825702388304 0.00635657748262104597 0.07173218261877042923 0.03478284253794094311 0.02507037357598796909 0.02462756328473683642
3	0.00078303061440237922 0.00087733488360033083 0.00028385389070301035 0.99788484265572685583 0.00004692578195539672 0.00001605628885520000 0.00010795588475781408
4	0.02125407299351686832 0.08169584892820794253 0.02754512234092074477 0.01888419926003198634 0.81037405559389441567 0.03198008771241485360 0.00826661317101281233
3	0.00522880304265045583 0.04102354764834499623 0.00139673591896613677 0.95017291231808009844 0.00028839378644766075 0.00112998962637372445 0.00075961765913739178
3	0.10735649898019963833 0.00214666469580498303 0.00272730438393601043 0.84321700424017875797 0.03549182764197591350 0.00498906710408316897 0.00407163295382163750
2	0.00033594485957285394 0.00004403888098534509 0.99914315998456626478 0.00009143413370499615 0.00011194218156637740 0.00022645618789485434 0.00004702377171057062
1	0.03484686511585190216 0.94346463368872135469 0.00295332251678515631 0.00974989462258049437 0.00726010013749584220 0.00119890855492994926 0.00052627536363518618
0	0.99826595311188737192 0.00031452788626352290 0.00002494316190046702 0.00020073664557063454 0.00063871591082885525 0.00007913376920683415 0.00047598951434231485
1	0.26503210912171826230 0.73045190473992482882 0.00007513079549275252 0.00036744127112391578 0.00187609887836012951 0.00107882576060552371 0.00111848943277431017
2	0.00007949810208602651 0.00001961975831634629 0.99915684870063503631 0.00005311413144612956 0.00013522530062176172 0.00050448770016751909 0.00005120630672693874
0	0.99650412015300027235 0.00030097251946644170 0.00006875747954060944 0.00198441543630215088 0.00012617311216398758 0.00027816565689394308 0.00073739564263277724
2	0.00001554396205394537 0.00001647331553260647 0.99363212933771283275 0.00000601436058336058 0.00130766438594626957 0.00476794706371507643 0.00025422757445645229
3	0.22480452323565597306 0.01963056463795840798 0.00169567809227066631 0.72399885143385211972 0.01201713540364827276 0.00053872300495113180 0.01731452419166362028
3	0.00605349221955466324 0.04660435516137205469 0.00218042573289710601 0.93822444914915492653 0.00258534090462809443 0.00328944925725073358 0.00106248757514298595
5	0.00004975100072689277 0.00048081389237318638 0.00278073157058897650 0.00008904516964724513 0.00004206604774227114 0.99649342886089153914 0.00006416345802958082
1	0.00353558345673015816 0.98875580355198400273 0.00118954989424659868 0.00459214378755191683 0.00040383147155670309 0.00122789794483736886 0.00029518989309281705
3	0.03063546889346581772 0.08253106885780976676 0.00629697997268901816 0.86417017656092176559 0.00518041261475058433 0.00623375161922965805 0.00495214148113399741
3	0.00233390429551921796 0.00773940551024009799 0.00004393210359259066 0.98971364683669760254 0.00005957655409023885 0.00008337324071531869 0.00002616145914481731
2	0.00001351159443753590 0.00001189436266742101 0.99991919420880970293 0.00000830971857041552 0.00002217951928597492 0.00001943854280416630 0.00000547205342329226
5	0.00233535873169995328 0.00030325097658729923 0.00025958892975932557 0.00029942625893145737 0.00037599828982057130 0.99619561476905482689 0.00023076204414601120
6	0.00318091695331515229 0.00646903250753862180 0.00147846603299799789 0.00117670672798785556 0.02096849443910293528 0.00246883101688277111 0.96425755232217491564
1	0.00221526813323729647 0.69059705057202935841 0.00170698641342601864 0.29122913104578213028 0.00509456777180919244 0.00108674338604402600 0.00807025267767200356
1	0.00474899401318109367 0.98805569764672962485 0.00180817662295097042 0.00286317582217203524 0.00022544144235400089 0.00204144418232098286 0.00025707027029161329
4	0.03016276211994343634 0.18466121512685795825 0.04116086275761474816 0.00035898568960393031 0.72915965524214110260 0.00834539763042252067 0.00615112143341642933
6	0.00077243773962009754 0.01013516441257714812 0.00282199939545873819 0.00160428533927778208 0.00362568193465676210 0.00036616540073667643 0.98067426577767291551
2	0.00139528451125554192 0.00329818261757025685 0.99170688157822162179 0.00090356631286411478 0.00089760332362627526 0.00153053998859987864 0.00026794166786304222
1	0.00364263554100650476 0.99579358765347159022 0.00019671494867991163 0.00016728070130488164 0.00003789303199349430 0.00013963952289122771 0.00002224860065224844
1	0.00341840515669316952 0.96788861385537050541 0.00229653756284013428 0.01967067989939678962 0.00416230352273058452 0.00182041423409796564 0.00074304576887095975
2	0.00014522912932866475 0.00007345523664477155 0.99764736548624166623 0.00027213142272664584 0.00042641832730707621 0.00108130924268389958 0.00035409115506669929
1	0.02382063436634475340 0.70425326947306832182 0.11540958917399676831 0.06309994182952914643 0.02628006003972284052 0.04838643785264790803 0.01875006726469023027
5	0.00000513019871416912 0.00000303199971194454 0.00466276736702213746 0.00000313530303160703 0.00059146334181401023 0.99460876519067609181 0.00012570659903090523
3	0.00782261102574941837 0.01387716889811118834 0.00346259752729746132 0.96895078466389084060 0.00183294098576622464 0.00196333316052559048 0.00209056373865956205
3	0.00088958461018004344 0.00402336200874673158 0.00027260297043759328 0.99404865769110617446 0.00009464413762036446 0.00052897587590514106 0.00014217270600408463
4	0.00107552132466708712 0.00044584137513678117 0.00080562567913975173 0.00208682189356830484 0.99235128510868442220 0.00259789333667592368 0.00063701128212812028
6	0.00080052767662475719 0.00002006497190779262 0.00005854579985979946 0.00000655725828043624 0.00111908867675238185 0.00001348416795136864 0.99798173144862367678
3	0.00706492712664432126 0.02055602183276711292 0.00437010187433173238 0.96039989353754917634 0.00263160009615202818 0.00236954546808875637 0.00260791006446688383
1	0.24963158050295072843 0.74838202808409715061 0.00022280179632190198 0.00035977769026795839 0.00006015411811788290 0.00102579257136788679 0.00031786523687680259
2	0.00033612270406053563 0.00015610108308361707 0.99744813089834738484 0.00064845621328471416 0.00040652108200148570 0.00026246212225848993 0.00074220589696525512
2	0.00014671381032095173 0.00003948397017801879 0.99931689832432724074 0.00006430312440560329 0.00005499278046659561 0.00028727507650107802 0.00009033291380037498
2	0.00898658027200975595 0.00736252122556782171 0.93787680302477782757 0.00441137378700998378 0.00358695325557955571 0.03578633626216090602 0.00198943217289408378
4	0.01197895136745398027 0.00273158778888614494 0.01466786051110747363 0.00385713032312643041 0.94582141954779697102 0.00040916119392011500 0.02053388926770876796
0	0.97315180777263776690 0.00284918000841546384 0.00044961068882472439 0.00390690940599696182 0.00236296713570586072 0.00365539029955340823 0.01362413468886556137
5	0.00006279572078049259 0.00031607050568320186 0.00034805964217898480 0.00010976732969640784 0.00089797296317960262 0.99821900630878723781 0.00004632752969452781
5	0.08332896832352329475 0.04744788594301619505 0.01048830538141014290 0.05449302206196560833 0.01087707748775190719 0.79009808348156340685 0.00326665732076952646
2	0.00742489409133102306 0.00083387105349519831 0.98423841505245757144 0.00400416553273542572 0.00088067809310450997 0.00244919243485333541 0.00016878374202269761
2	0.00071198429734267395 0.00024557289195187255 0.99709045475857549512 0.00056076301362421811 0.00038550626942769069 0.00081984858112037066 0.00018587018795690539
1	0.00142241824084361279 0.97317957713762004435 0.00507612951080738378 0.00781136462713490597 0.00114299774655790749 0.00970951966476522182 0.00165799307227159796
3	0.01037339500273773939 0.09973931077101200193 0.03716463488070531618 0.78207386042513937774 0.03592127235986614098 0.01202288277776473319 0.02270464378277481377
0	0.99473104712524129667 0.00171607714152437890 0.00024521359105171694 0.00111036408212102718 0.00127231715903169625 0.00037416984536386679 0.00055081105566582233
0	0.99678930578425239961 0.00237466796486101965 0.00005007364541737555 0.00011841064847200629 0.00019691712779808102 0.00015528619518045429 0.00031533863401846042
0	0.82446345575012269791 0.08467183608500340741 0.00409159941461078799 0.01303663114838277994 0.02337212829681282675 0.02863749583634152274 0.02172685346872582288
1	0.00862589763270877122 0.98264364267090675842 0.00132722761592959037 0.00465625163712440372 0.00196570827582920457 0.00049993684935094871 0.00028133531814989691
1	0.00822277601746831607 0.96084184460428434527 0.00471432866827032129 0.00743588713267832272 0.00900212157172285143 0.00555409753491483815 0.00422894447066165559
0	0.98634511242172517864 0.00408646383562173959 0.00251439099189882179 0.00121379415487410229 0.00061036533827808336 0.00092173271846879626 0.00430814053913312726
3	0.00083446471745940952 0.00063221284170537917 0.00017010676134585599 0.99793450911217307375 0.00002611971121249992 0.00025731714009479353 0.00014526971600891495
6	0.08191384933876538765 0.01589232961845165465 0.00928568972659402081 0.03210479889649468788 0.34812806716197541856 0.01937942761152021062 0.49329583764619899799
2	0.00021168355277180833 0.00001076130648205850 0.99916237616599323790 0.00000437955740304801 0.00005035091361979435 0.00049836288705630116 0.00006208561667329968
4	0.00179666425799936331 0.00039635849990422633 0.01430651297871082285 0.00032122272792676300 0.96644258886314615697 0.00338568424314411196 0.01335096842916837223
3	0.00938053831657759650 0.00204473164704757583 0.00019571844965671011 0.98638455250017442744 0.00162289389682776074 0.00017607479038676786 0.00019549039932842188
1	0.00624262163151691803 0.95945204010777129788 0.00123155577371373572 0.00107722040711473303 0.02383163716123939957 0.00121077899571188884 0.00695414592293246928
3	0.00511205295519067283 0.00056133829774779841 0.00512484185201837750 0.98699013584302885960 0.00025799561336523269 0.00041263758731433723 0.00154099785133476517
0	0.92238205843746257084 0.07647458713024998800 0.00004317043246273216 0.00027412778958905049 0.00018810279367323276 0.00040084818353253518 0.00023710523302975360
0	0.99034550717371538919 0.00275655331305326443 0.00095178876961562109 0.00245602107867912275 0.00030850276361028871 0.00214844020678366934 0.00103318669454270954
5	0.00703241520286291243 0.00962892968729704875 0.00025120078457057624 0.00007746383084883060 0.00018688691616602899 0.98266471019418322186 0.00015839338407160210
1	0.00690430731656970897 0.82964929751016480708 0.05965921752065864170 0.00025368994407551701 0.07574906327086615432 0.02515270536355781669 0.00263171907410899870
1	0.01777664502126232587 0.34485851825171653928 0.19805746883425159877 0.13092449095955377425 0.01070207553784684879 0.29125228990092488779 0.00642851149444488568
5	0.00080142910236133110 0.00004540527882080260 0.00015029220786517294 0.00045518802812499623 0.00019688119471129449 0.99802448457213566169 0.00032631961598073158
1	0.04336168437893821864 0.86667117150965511385 0.00345065026316178445 0.01804510560057878688 0.06016338547045768648 0.00743004007931184155 0.00087796269789685482
1	0.00545906635561976480 0.99165387158428675018 0.00018021243570724322 0.00014942934182822355 0.00012287863717084987 0.00234923680372218320 0.00008530484166605782
3	0.01204598449074568804 0.13014882276234865377 0.00119347587577829325 0.85352769857385490937 0.00047244978545777304 0.00167990985133501252 0.00093165866048016354
3	0.01650692333797071712 0.25484530642334107808 0.00777788224027609401 0.71160409517437528404 0.00057705313054740232 0.00657472771723377394 0.00211401197625606758
1	0.01569232922437815980 0.90709281478996883763 0.00497947931451297749 0.00294242048385721239 0.00260819133981640304 0.06626863256052317741 0.00041613228694345553
2	0.01466506679825361689 0.19603735947709380327 0.69277611417063367227 0.02438419431942356191 0.03228992433569328330 0.02963735489813993512 0.01020998600076158599
1	0.00016810106542064092 0.99415795479762658626 0.00041979126837282920 0.00471786237119049389 0.00014886537532998441 0.00035057282524604202 0.00003685229681353751
1	0.00078130984649926012 0.99811441473376372180 0.00007854828225366683 0.00033521362411646565 0.00006092354355464822 0.00061375019006067015 0.00001583977975241788
1	0.00419642362379892258 0.98534584917146439409 0.00088906571800707434 0.00709595515663496729 0.00149942775775270022 0.00075495716359541196 0.00021832140874636916
3	0.00220884696617235999 0.20380791408785298158 0.00030749408412615749 0.79323588797187161159 0.00020169421524242199 0.00013884799129128026 0.00009931468344213579
5	0.00378372254591466915 0.04760882815092396664 0.00546240270598612361 0.00200645098203674176 0.03394271943621638560 0.90043081812395697749 0.00676505805496483911
3	0.01188732848425790717 0.00953119795342321878 0.00039545674845970603 0.97510874297471450411 0.00050014754266744315 0.00227699856611330827 0.00030012773036413172
1	0.01358202564222158945 0.97625540518854381222 0.00056854043731707554 0.00171802718564546754 0.00381089630638708089 0.00277935373421335117 0.00128575150567255560
3	0.00235376369188589367 0.00251682479191570226 0.00138522006880428361 0.98730496468093364992 0.00198366695972899748 0.00171551749689815517 0.00274004230983224909
1	0.00268753799899923863 0.99698879708385446108 0.00004840520089474674 0.00021960366719668965 0.00001625295342754697 0.00001490883091002506 0.00002449426471666391
3	0.05542589586211997543 0.04580451003144857258 0.00204694102326649467 0.88747754344663554171 0.00041288404644297579 0.00871905126273260500 0.00011317432735335597
2	0.00134422613061823803 0.00007879928822370571 0.99835020157971676724 0.00008403579614360948 0.00007078530051755773 0.00005057956171969717 0.00002137234306047287
1	0.00746828923228992116 0.68338848871800150775 0.00043867444386818673 0.30827202402198128350 0.00006270597256754099 0.00026335391046159243 0.00010646370082901602
0	0.94057554906121776384 0.00470413240596361578 0.00072152243348726490 0.04605567629219903258 0.00390013991947476624 0.00118103868591192332 0.00286194120174546171
4	0.00332586556529901236 0.00914174353561598638 0.00876416419293753017 0.00306711063635973233 0.93184222326343491005 0.00164680763343827679 0.04221208517291376999
1	0.00157541839420583083 0.98848210243603706893 0.00348784766483407850 0.00304369378455543243 0.00097086732087083266 0.00227674353157161649 0.00016332686792568511
2	0.00072374814624594230 0.00009577483405255736 0.99810416061111706387 0.00044333828716800237 0.00013421724363919845 0.00042131661912823319 0.00007744425864935427
3	0.03031339701337078599 0.03592024711572507079 0.00270759974796881643 0.92760768562321138653 0.00002374750987692444 0.00293415325124181435 0.00049316973860527363
1	0.18177511949002392311 0.69303535024710838375 0.01913745624262860184 0.05813579047736302380 0.00878447062962412970 0.01359572138786314423 0.02553609152538889246
1	0.16764716588593031599 0.74473900382722313385 0.01325009458601574854 0.02188267638787861138 0.01308981010019466540 0.03051507897666724811 0.00887617023609014490
3	0.02063617600817654191 0.00967956593488087519 0.01310403854916450915 0.92292593068005113199 0.01943382205149092948 0.00317702078861921118 0.01104344598761675296
1	0.02571639889086375919 0.90035503673439154504 0.00070404039912478245 0.06999232085182519048 0.00067705934950787537 0.00116546119168682333 0.00138968258260020305
1	0.04260715480676509348 0.89110087203344801043 0.00908925214119811128 0.02864966403540281786 0.01191174513435664696 0.01416934598282225920 0.00247196586600712930
0	0.79658341685180977798 0.18335129021593690735 0.00344711990238936224 0.00262318554681959188 0.00380167144754929229 0.00910288578521315471 0.00109043025028182725
2	0.00103574115471011577 0.00030001553650210250 0.99530312125827691272 0.00054112741649102090 0.00071484677030716397 0.00187629988303695031 0.00022884798067535059
1	0.00116382861312388413 0.99302433313075899601 0.00067711539117975411 0.00031058756412038661 0.00017652398724932075 0.00446846618038053249 0.00017914513318740725
