0	0.96830229817071322707 0.01078953870699487887 0.00081757517091111574 0.01699619960095752336 0.00097702512530838765 0.00063733484954959347 0.00148002837556526225
2	0.00060320614240326562 0.00023861559504588102 0.98942149617924479710 0.00032766477507858581 0.00612096245031301753 0.00295932407326057701 0.00032873078465378905
0	0.89014728553250066501 0.03011063728739596379 0.02173139580505049212 0.03370704288654182562 0.00940090899393591570 0.00816021674861501511 0.00674251274596014694
3	0.00001345939285796974 0.00005976270551832243 0.00000113109515945686 0.99992429731942455984 0.00000041425387282507 0.00000074611220322155 0.00000018912096491991
1	0.05148676932304048492 0.77224223580685358304 0.02182546288989825611 0.12885695786306955446 0.00933282558463111381 0.00324334422828764920 0.01301240430421895383
1	0.20717394190045199109 0.74829507413470619515 0.00144671046234092523 0.01863291399546332730 0.00175103973464970698 0.00308967576848552397 0.01961064400390215984
4	0.00466168971321704196 0.02072522283966968942 0.01403230413395233599 0.00207715532351401746 0.81756442505786497410 0.13678788499925681466 0.00415131793252585066
4	0.00294128365998984126 0.05105336779302301758 0.00730635618491521244 0.02637099133669931414 0.83270256128589836830 0.00420330302954584952 0.07542213670992842234
1	0.08144316358506197007 0.87887341786272732413 0.01682129348967753221 0.01440158095435575131 0.00131355660283386227 0.00417007177479470151 0.00297691573054914387
1	0.00051075230421679981 0.99774893378819184964 0.00010739187480788069 0.00025477718562727129 0.00014690865724687228 0.00121013714589648718 0.00002109904401362973
5	0.00247881092087652447 0.00624066467778832887 0.27866155636022793551 0.01079435393171215493 0.00005143478567871614 0.70069836006673669182 0.00107481925697950611
1	0.03356841562174772697 0.96357418312377529634 0.00060490536658909153 0.00019467753407663443 0.00033022638133777275 0.00096718269407124787 0.00076040927840176310
2	0.00003114946103710664 0.00001037206538641329 0.99941935754713784323 0.00014840672277387576 0.00015122411986189432 0.00009487217802245321 0.00014461790578348390
3	0.07239393448532188691 0.15937353338011153725 0.03846604079679961236 0.68275799302089079656 0.02551969278942291253 0.00895370013555074791 0.01253510539190207974
3	0.00109827675898726044 0.00057327823171046796 0.00069703350292652866 0.99753263475661779758 0.00002616731295605384 0.00004600975565492260 0.00002659968114718658
3	0.00038093109749681042 0.32464151340303459836 0.00021451484621790644 0.67232797781274289406 0.00179172010609947004 0.00048049292853615607 0.00016284980587205213
1	0.08103914976048331997 0.63736575159328390239 0.03312565484709990848 0.11133714715653707239 0.05390375203053725944 0.06714329361942930618 0.01608525099262933175
3	0.00040608119103379829 0.00211717971649740509 0.00042149851756982150 0.99681009718072599579 0.00004438122967418768 0.00015027279921551475 0.00005048936528441756
2	0.00058927287406987654 0.00011831580961575863 0.99541855629315112441 0.00082082788656714163 0.00275857048457231555 0.00026908078715780670 0.00002537586486658459
3	0.01839469921066035768 0.03655706883274319197 0.03951261697662779987 0.73679424084639666415 0.09280714681534715793 0.00668193642439313725 0.06925229089383173886
0	0.45625147321749881524 0.41486859929033842453 0.04027608012185597552 0.05978508548718085985 0.00582778967177153325 0.01247847284400306102 0.01051249936735132104
5	0.00211913154005623173 0.32881950609527571538 0.00452341291156461382 0.00068742428290272345 0.00301315705162476678 0.66046701476858826751 0.00037035334998702544
1	0.08003817921008064828 0.89321425807278320708 0.00500431827030065491 0.01266412543679392919 0.00146546095228799133 0.00528810008589506667 0.00232555797185917843
1	0.00609174924700401580 0.97911778855550601897 0.00248217488737114463 0.00859401111928343418 0.00065132712281259434 0.00288208780421581956 0.00018086126380840363
1	0.03363183565781701495 0.91436725209053526520 0.02027775415123274708 0.01717420051870109654 0.00558624816128557283 0.00567916092168706168 0.00328354849874086269
1	0.01008984841554059521 0.93943016545704649545 0.00536228465774225664 0.02943138640247803042 0.00250906734164559053 0.01182295867513395368 0.00135428905041335215
4	0.00209281703551043863 0.00462758219516599088 0.00785846669039802839 0.00175474546554028801 0.97921570833318305471 0.00149220766902236480 0.00295847261118022467
4	0.14154247408622089299 0.24571405624099398879 0.04443143882756703245 0.15181040683342289510 0.36363353166076856082 0.02374607188954975384 0.02912202046147708071
2	0.00038407484946866146 0.00033318973476793216 0.99880443446291022891 0.00011933872843350068 0.00006633452858824423 0.00029058802603862193 0.00000203966979258642
0	0.89224051187668085294 0.02256988954283914786 0.00900096089704065933 0.02281520684826539302 0.01346305936632568798 0.02726198786983625305 0.01264838359901215847
2	0.00080720594406241653 0.01389646071363271132 0.94822691756575427924 0.00561264432259921467 0.00495998556689069160 0.02129164810992328211 0.00520513777713631394
3	0.19118714119449700672 0.05576355704998553486 0.02286670331980538567 0.69194904860941996994 0.00407718285990924922 0.00401277629368195811 0.03014359067270103512
2	0.00247986177731291226 0.00019559478618765474 0.98136120944195071036 0.00005757580552640303 0.00015485869138742720 0.01552371938580780590 0.00022718011182693015
4	0.00017604945304037906 0.00009962397822019258 0.00148215661695768968 0.00001457832228689734 0.99681687458831369497 0.00050488056248877277 0.00090583647869234697
3	0.00158852662400995378 0.02688705969416928937 0.02036542707202205690 0.70351450960499839482 0.23205357159651898713 0.01112972772319271823 0.00446117768508853471
1	0.00420680897396815204 0.96375246894986421609 0.00563472642459680265 0.00502079508964678109 0.00808194325893236455 0.01219193987455317353 0.00111131742843851200
5	0.05043116272135145239 0.11135070808139367615 0.01408094563826828988 0.00076153776661389656 0.04764516343997253489 0.77196056299742643603 0.00376991935497386415
1	0.00563290331575922593 0.92426161487859381793 0.00965649342405736598 0.05263681428078509361 0.00178445506521576086 0.00507902658747539076 0.00094869244811324172
3	0.00041823179912059644 0.00087432533103384889 0.00048886236789213240 0.99785204413479011709 0.00004204814646573427 0.00018399082115289899 0.00014049739954391258
3	0.00343767754324293337 0.03964806846068481827 0.00885630679130895195 0.94497829651016873598 0.00052612312683606149 0.00032288815473282623 0.00223063941302577675
4	0.04300953756590284588 0.06048815779340662585 0.03320140849052102133 0.02181494983449564634 0.73418628520752038380 0.05540344387128862125 0.05189621723686472371
4	0.02732666792051878166 0.02566241551313569458 0.22407531608141470492 0.03010393093341721601 0.55690735939660662712 0.06532026957743032602 0.07060404057747671214
5	0.02569343109709915432 0.02292278833886552541 0.00375996232166106838 0.00292968414823144242 0.12530978691383756751 0.74817424362144258065 0.07121010355886224497
6	0.00013827003820976745 0.00055729908863989374 0.00036653989969666475 0.00028015664011419943 0.00093142032043683773 0.00012925511848290819 0.99759705889441974147
1	0.00020425767547518819 0.99932013671085051509 0.00005525611421853775 0.00007452524540170793 0.00009053615154067407 0.00002551023130825651 0.00022977787120508834
2	0.00043814263456950359 0.00209448212677575086 0.99137613148185421696 0.00087607641055426728 0.00135098581205698965 0.00307674357059412647 0.00078743796359503546
1	0.01159882400199674195 0.93315308874857172405 0.00384934056349366463 0.01748548220377743601 0.00095514664892476031 0.03109692125147560035 0.00186119658175951889
2	0.00064603627101159501 0.00146651398807212023 0.98760846233444177233 0.00164589231620895283 0.00427226164845148117 0.00271430359360907069 0.00164652984820553086
6	0.00361979679101915577 0.04487965090788519767 0.00630986558704495736 0.00457880907678284797 0.06370268436408356438 0.00260209776068547408 0.87430709551249907729
3	0.01591106196093251476 0.03161188079431465764 0.00053760344440190904 0.94917359070321682957 0.00073163765313870787 0.00120747849623988415 0.00082674694775563152
3	0.00131873851160055648 0.00175041579562632303 0.00035912879496760418 0.99650514514700738733 0.00000897756127517346 0.00000978055792483385 0.00004781363159786992
0	0.87609674755308475369 0.02864423779606634773 0.00372328586039490962 0.01625594250214659059 0.01575629688469953188 0.01669072489801703627 0.04283276450559089787
2	0.00024743722558717035 0.00075010140789144553 0.98772335114704012948 0.00022318964680568192 0.00115556418218591347 0.00948302884402040663 0.00041732754646784368
4	0.00049185840869575993 0.05948934656482879335 0.00163225631296921728 0.02577295815048020328 0.90756919885090148181 0.00273696449580890190 0.00230741721631613468
3	0.00162430106756895659 0.01560554398223266449 0.00017856171011770727 0.98195291576628762620 0.00054993437449801297 0.00005601784472998429 0.00003272525456590248
1	0.00089230122994347850 0.99602982403913320475 0.00046447818488029808 0.00191863869515293485 0.00007297753034234792 0.00059993078979616546 0.00002184953075116591
5	0.00126457675967940782 0.00014167479238228750 0.00028030490472121151 0.00020685231642896690 0.00016217255177128961 0.99755307955911320938 0.00039133911590303710
1	0.08066573788109841769 0.75788655388606651631 0.00381318444456704318 0.01793747036063688544 0.07471677909527668637 0.01625941899032377555 0.04872085534203037666
0	0.56428849944076053813 0.40829640007492318254 0.00124063138483517595 0.01724671516323109804 0.00161528521049657974 0.00620716666171473776 0.00110530206403882639
1	0.00292933085754813706 0.98126271024843558788 0.00038256918464286608 0.00834980612418095153 0.00551687071154419693 0.00096419841688575962 0.00059451445676283240
3	0.00004134760931215623 0.00062226646472964605 0.00067603593246407000 0.99812656304123581474 0.00000894160089875384 0.00047389730920841742 0.00005094804215191167
1	0.00034129657891661191 0.99823437849715079828 0.00058586059714558093 0.00042957591843230061 0.00015505645798875604 0.00019513048639905575 0.00005870146396512333
0	0.99652369588382716525 0.00078635301592351462 0.00005000729236862958 0.00050167747678780798 0.00042033579906979593 0.00019786046306956512 0.00152007006895345134
0	0.98667117600132780986 0.00428196057743677593 0.00135204462020364620 0.00517983503591966116 0.00097564623130347403 0.00059740201272954205 0.00094193552107904284
3	0.00026186034537501878 0.00720376887412222701 0.00008130475867788456 0.99196708678507639068 0.00007290996004993780 0.00004247650278834437 0.00037059277390994599
2	0.00070220727896475206 0.00040320931777982071 0.99727682275490059371 0.00093091183614646509 0.00029254125232126528 0.00032448930125546953 0.00006981825863132396
1	0.00763677359330032762 0.98356504022130175624 0.00134849291280067399 0.00516324800734587874 0.00144496540111640212 0.00025779227797365095 0.00058368758616187701
0	0.80534425765285833076 0.01751816449881188342 0.01132598651637856460 0.00840362495134176594 0.03400302892091697227 0.03568399856555100336 0.08772093889414139811
3	0.00149251618843124862 0.03287214879845919840 0.00009122862164392328 0.95563065670753244429 0.00898461630830037737 0.00062046414503385769 0.00030836923059865997
1	0.00019267989977089252 0.99763434235251935434 0.00008651290624558190 0.00085272701561550960 0.00023669432359534133 0.00011135736271792357 0.00088568613953309233
5	0.00004287451146502631 0.00045611821696972852 0.00013658983874263725 0.00010402352760293679 0.00009445795020910664 0.99908951400642587171 0.00007642194858400355
1	0.00246029341889894212 0.99353043307187782762 0.00031976786850617593 0.00293596498607266417 0.00013398609903280773 0.00038829756176380964 0.00023125699384788582
1	0.19584910142514302955 0.65998181974274172656 0.04493916648005381875 0.07101044526785242617 0.00467535986876975191 0.01905121433220099969 0.00449289288323840956
1	0.01663367671895226232 0.97054516820753033990 0.00017212062040556522 0.00229447031436658816 0.00244751609945842268 0.00515903110250170820 0.00274801693678569875
2	0.00223867914264786480 0.13261744439161793352 0.84818976610149898754 0.00052793820774299548 0.00061794831513448415 0.00760348808826548112 0.00820473575309268836
4	0.00012317040049262363 0.00011956656141342438 0.00072358021786447465 0.00698769899670956002 0.98689140919135309726 0.00039359688308443014 0.00476097774908211882
2	0.07744690906497976590 0.01163414879940172404 0.85723374623520798288 0.00412072553222897660 0.00403340525053875500 0.01731039244552107573 0.02822067267212133301
0	0.99630219063790170786 0.00019188856192047868 0.00000783600476856970 0.00307165107506307067 0.00005938563525566271 0.00009740752421057311 0.00026964056088012763
1	0.00138882090632800660 0.99709783780440619516 0.00012669287245626348 0.00002252627114398933 0.00015915598680409359 0.00077837369686790503 0.00042659246199373255
5	0.01042160431557698740 0.07217582150137960562 0.00749460752698299058 0.00665369426704417663 0.02327396159012909763 0.86763656023357649261 0.01234375056531057842
3	0.00047912473750805293 0.00986002215337360328 0.00102401679130039651 0.98806751508452472788 0.00019636263907698445 0.00023961694952453108 0.00013334164469260115
2	0.00003400102381035370 0.00008431483239521265 0.99911673364806352637 0.00008669502963634342 0.00034149564322492898 0.00022154451497179088 0.00011521530789674015
3	0.01712627801181259776 0.05186363745920141710 0.00281833100276379037 0.92164566980732232082 0.00169624278582262500 0.00045599801649546970 0.00439384291658255141
2	0.00282403793064867981 0.00007757318423964543 0.99438463624400585950 0.00099230259652311587 0.00092581269790141529 0.00074535873134253504 0.00005027861533851098
1	0.00019132772094743132 0.97890669402876784311 0.00032436408608449901 0.01783127081804470118 0.00018840359828035223 0.00200163037922622107 0.00055630936864764795
1	0.00032868567577128149 0.99747114991302887610 0.00038843359849447673 0.00072865859020587080 0.00012468461408164305 0.00077832526028037057 0.00018006234813821130
1	0.02106524161595292599 0.94238761581389329791 0.01131484869836180650 0.00880510324807917341 0.01114242415169337981 0.00123582486083869173 0.00404894161118044341
2	0.00023301669784924731 0.00009789626768146384 0.99787695390855546407 0.00021399700458118814 0.00026064827295821044 0.00057461823892647295 0.00074286960944865252
2	0.00205780259755360215 0.00068573041119771841 0.96023642881499882140 0.00059867206063589807 0.00338532663242194698 0.03271338903057964542 0.00032265045261319021
4	0.00198134975697714273 0.00068800618458675594 0.00132404933755556867 0.00025898206210556835 0.99364375830326867600 0.00005653109488081571 0.00204732326062551616
4	0.00080276006989108751 0.00113102378628425048 0.00120904992507665939 0.00005528844839772942 0.99445466417671168902 0.00066380458740265054 0.00168340900623656776
4	0.04892941578856019325 0.00215520343505534772 0.00323678394211210797 0.00034599658509532229 0.76986467392695201450 0.00403928296109194729 0.17142864336113325385
0	0.99109908456337758587 0.00497787847146192487 0.00006602784430318469 0.00045831415851372729 0.00061247028013790240 0.00220932400681369840 0.00057690067539209586
0	0.98930160445934456348 0.00168523724194794976 0.00022412240464438407 0.00034947708947412109 0.00305227667080809574 0.00018761658793114278 0.00519966554584932756
3	0.00002485076390215661 0.00005235611510303203 0.00000857402784989448 0.99991225444148190693 0.00000034372777766533 0.00000110152057601424 0.00000051940330967587
0	0.98553499148357903703 0.00142788566314967042 0.00014905667040669482 0.00906070543803269221 0.00106238672089008224 0.00032217703107448694 0.00244279699286744853
1	0.00707427573010359530 0.98811396774145243693 0.00092566749357662914 0.00091768061979724969 0.00010012680393423462 0.00267766892516591850 0.00019061268596999139
5	0.12266996038064673091 0.00444849449157317355 0.00233581350856682619 0.01318484705726893046 0.00025208208517379563 0.85667447459490619899 0.00043432788186400329
1	0.01206649828590413039 0.96429256568434906782 0.00216409425361029344 0.01054090489738117656 0.00865980846817336787 0.00213606105602118365 0.00014006735456063193
1	0.04891971201342707604 0.85207301276141866886 0.01797386367044601779 0.06652964747472045470 0.00356601757741888126 0.00558355149443244547 0.00535419500813649578
1	0.00085107111814646148 0.99799601665961101826 0.00003173828800665767 0.00017876520571039002 0.00002913548387081173 0.00090063318181735053 0.00001264006283717247
0	0.99425779017855508979 0.00194193235264467860 0.00015840167612259041 0.00090579071544890158 0.00160924898488941847 0.00007564859988700740 0.00105118749245242376
3	0.07560289033849168505 0.10572101083266932653 0.01206600105674925615 0.74155299351343351155 0.00960461914914104327 0.05041072968805829224 0.00504175542145689475
6	0.04559257640753949098 0.01331322558939117100 0.00687211114114699186 0.00030439166727965031 0.03877609406841421580 0.00246467637256480221 0.89267692475366355875
1	0.00024811695121907491 0.99572975312628142497 0.00017960969172528080 0.00003573518291180602 0.00000998399760230272 0.00356112564768559705 0.00023567540257526964
3	0.00012312405317556669 0.00056613349012883164 0.00001733955342379146 0.99848004035930437716 0.00048563558770175997 0.00003068850858658938 0.00029703844767772585
1	0.04462585121058282311 0.85419450326248802519 0.00197148091540323657 0.07953631186081377979 0.00907746860264655418 0.00937451602284650708 0.00121986812521871889
3	0.00353839276054654112 0.05767176440129262449 0.01003527925700494101 0.91468405748114534060 0.00624565965091543242 0.00635608773098410296 0.00146875871811053384
3	0.00243308278245588094 0.00141611524180372192 0.00401356965776306432 0.95705000538080875483 0.02769264337323100109 0.00380472041939318136 0.00358986314454505474
5	0.00067649912989847143 0.01246288869605521356 0.00128914062969283827 0.00101807685565916389 0.01079931416553066466 0.96976054018812873903 0.00399354033503504773
1	0.00717687482725535338 0.95727429072129488485 0.00689196157430905978 0.01526438923772142735 0.00430513868767923736 0.00335287607825495229 0.00573446887348332077
0	0.98175687062917027514 0.00161396145808284132 0.00031253869968881867 0.01494848560473160948 0.00029124085835677960 0.00010297971151158773 0.00097392303845798161
1	0.00001387917664986499 0.99837524665459986828 0.00006461599369773674 0.00055935112528261006 0.00009193065060829766 0.00064195664714106226 0.00025301975202031304
1	0.02913951583492301045 0.94321740295348677208 0.01309524621481928698 0.00303485396185297976 0.00285807671671956887 0.00847055599973330076 0.00018434831846518465
3	0.01266471599038066984 0.00289498800605785759 0.01052136686930717387 0.74544722746273051062 0.00548640599979120704 0.22271147752827696875 0.00027381814345500878
0	0.91787618523536407267 0.02480334737295702627 0.01502765660224400501 0.01144926743306073740 0.01081133480430417591 0.01418316443018776199 0.00584904412188212621
6	0.06001203665254585540 0.04203597344283609150 0.02458688111353289629 0.07690411148434547761 0.12225940216698130691 0.13627264678834244416 0.53792894835141613630
0	0.92240562556404104289 0.01572895452816603853 0.00046411506286798070 0.03009146780683046377 0.00942907990181962412 0.00530814466878085176 0.01657261246749392597
5	0.00323480323975870818 0.00453364061477385099 0.00131799503112478610 0.00081240282985605013 0.01221147282517515142 0.97269366459500883337 0.00519602086430280205
5	0.00043865034699622658 0.00298811135820922650 0.00096406545859306647 0.00101760949342476767 0.00014156813884220776 0.99441006783697327709 0.00003992736696179901
1	0.00046093549956770154 0.99800599879703810746 0.00003253175830142517 0.00045990156758729105 0.00067469650249698588 0.00015751685348939097 0.00020841902151906100
5	0.01143385820079956608 0.00657639835391378436 0.00011980150665897285 0.00137703880722535202 0.00053556837424234300 0.97981956489632981988 0.00013776986082996256
2	0.04869618383023685548 0.19174077728835584034 0.60386521038314844301 0.06829026551017483571 0.03538639490863221271 0.03729984350783718816 0.01472132457161437133
6	0.03022727778603374188 0.02909341484121530375 0.03935558151362738427 0.00222224212922549286 0.01299812781625897355 0.01187443976795777602 0.87422891614568132290
1	0.00437269260076085867 0.98090397046026855943 0.00016479135815369904 0.00692542823550963953 0.00735864160719151231 0.00022581535767015186 0.00004866038044597724
2	0.01223261170683851914 0.00140493007514121354 0.97734947523461035424 0.00001723767215873372 0.00141007630877056111 0.00687384141095085353 0.00071182759152981986
1	0.10915545533618765950 0.85827902264375477426 0.00537257620340356092 0.01984395089204945076 0.00491840336222864466 0.00105244928652840539 0.00137814227584750777
3	0.00146360601308597685 0.01670862576394206364 0.00178423532669102027 0.97800547062075737781 0.00021894103741049018 0.00037890423000388134 0.00144021700810952470
1	0.02250850711497048157 0.94228052652639726627 0.00536928627309755588 0.02321819073244730386 0.00317783938369141762 0.00232789748275272343 0.00111775248664336586
4	0.00029243266249998014 0.00088072780752202916 0.00067227543235375096 0.00019485381675290423 0.98609077837827152635 0.00060994670901840160 0.01125898519358234720
1	0.00035118699800097371 0.99461349553610611807 0.00006317452693288363 0.00477456971469331862 0.00005901252153501698 0.00010697134860733955 0.00003158935412511928
3	0.00380835273872687490 0.00661000285487572947 0.00048757854825240166 0.98605919878218484254 0.00201808178795349598 0.00020282586467460924 0.00081395942333149134
5	0.00433019769512384828 0.00033743448283896663 0.00309923705986877391 0.00145067751660508319 0.00174845505375626690 0.98817580087167566916 0.00085819732013150062
0	0.68836920375529375704 0.28129284971392876091 0.00438001671717569516 0.01174292090285878991 0.01030428448326346780 0.00026523662480688306 0.00364548780267277871
1	0.00460166169108062149 0.95182345487065556089 0.00558361210812484323 0.01958933010088682522 0.01553241955739328821 0.00140930880198655894 0.00146021286987247636
6	0.04407975736170025027 0.00385611706610009593 0.00202781384565832012 0.00040778938837859061 0.03444850803330471584 0.00675700622325979289 0.90842300808159848202
3	0.00375855114188217718 0.11911744904019527791 0.00218893313658402025 0.86905578937347482960 0.00378289133961656407 0.00053820755478206173 0.00155817841346476233
2	0.04070341669822636482 0.24067398437376463782 0.39796245763406035145 0.02347561486020220689 0.06886056728765832524 0.20626387383264441211 0.02206008531344317777
2	0.00030526793342710613 0.00264266964602020722 0.99616134566104841408 0.00032470081054293125 0.00002872677815404533 0.00052563344896457153 0.00001165572184065670
4	0.00125602611229764442 0.00657800315957521742 0.00158325839014271733 0.00607360188730592457 0.97558233315257003593 0.00116883785378879774 0.00775793944431919270
5	0.04588256681429075251 0.10371356785836020886 0.01136968806231192751 0.00082177459916935730 0.03256183465335406313 0.80322950931275927111 0.00242105869975425304
0	0.80334433225602941420 0.06263225159230596806 0.01083288810695602969 0.00833789496556726177 0.07509256287240302641 0.00877129520471612960 0.03098877500202211824
1	0.04271270613448407277 0.59519669598889590745 0.00528322362174202080 0.18225443691575113347 0.07540848267799500626 0.05409638803172228672 0.04504806662940984141
4	0.00057125904055121783 0.03199707915989213197 0.00800415533483186947 0.00637014724626681472 0.94716556185774480880 0.00310822299819397008 0.00278357436251938780
1	0.02134778446397131782 0.85073870137627061183 0.05808739805955352026 0.00748171127138180098 0.05211938776111785243 0.00619598520683549946 0.00402903186086919426
2	0.00660264389276867328 0.00089601569738684652 0.88739108169075553434 0.00045690867198055265 0.03104998004204364073 0.00593733029416781879 0.06766603971089700520
4	0.05313240446130654271 0.04583062172942945628 0.00569701809214460866 0.00181960546561536220 0.88803771980832624244 0.00440029637587163996 0.00108233406730605082
1	0.01016896321594836124 0.86184384573268191243 0.00462193680822714070 0.06093344288402566949 0.02269856724082145935 0.02201890241548089960 0.01771434170281471418
3	0.00045108756346499995 0.00105810798865452822 0.00012866610479988201 0.99827921395410501582 0.00002519554453198352 0.00000681520878539386 0.00005091363565838034
4	0.02490031818455220453 0.07655521187231995039 0.02276133556937864552 0.01712406269831094272 0.81908323667853744077 0.03335286221751743857 0.00622297277938317194
3	0.00491901173854732317 0.04035424570024028629 0.00077603960711886892 0.95262937276946269005 0.00010033260485219169 0.00061211378761196389 0.00060888379216678373
3	0.06453825105739401102 0.00119037851310677145 0.00232844399013665531 0.90019448065739005038 0.02662105004269453221 0.00254178866946575335 0.00258560706981246849
2	0.00003836856670011244 0.00003713030796525382 0.99973738942996726031 0.00004882438626438368 0.00002902250440670642 0.00010230717225936040 0.00000695763243454598
1	0.01495464995341336256 0.96628186317124153959 0.00131711364770172013 0.00964736931795116825 0.00672723448094016217 0.00076708549648242042 0.00030468393226951504
0	0.99806422196539534841 0.00039101209365819892 0.00002624581857508356 0.00009718717704883117 0.00087075423821088109 0.00009953502419742614 0.00045104368291449171
1	0.03374200874189794280 0.93566869689328480142 0.00109082711512538443 0.00108724463112472064 0.01092243830832754711 0.01002896653647456469 0.00745981777376513323
2	0.00001905967602735013 0.00001723582630780312 0.99963155366478062547 0.00001521724634364286 0.00006123523622365685 0.00024817063840896071 0.00000752771190770721
0	0.99522183941529573925 0.00085380577407176970 0.00008586002243940226 0.00233199368166974201 0.00023190287915790983 0.00035641024486862092 0.00091818798249681339
2	0.00000436408919014043 0.00001537709629365372 0.99667221912836678754 0.00000161619852298724 0.00053272858200073461 0.00273793853838669599 0.00003575636723791993
3	0.19477477955334185356 0.01469500935447993172 0.00101201049642948154 0.77466051861029461278 0.00592940226095318209 0.00023953253426719050 0.00868874719023357382
3	0.00892124873853609654 0.04705762784525462789 0.00216827095735206039 0.93612795101337353820 0.00273109111109596852 0.00214913365852393776 0.00084467667586267587
5	0.00004893023266126880 0.00027864185639071555 0.00106820188922381325 0.00003367664181728488 0.00001163613044240622 0.99853060757366896016 0.00002830567579584794
1	0.00195690053335058952 0.98883655718258078871 0.00102543838214163110 0.00651682352600443850 0.00024584553198930261 0.00121652724166436627 0.00020190760226872559
3	0.01379870092938908187 0.07365422421378793605 0.00291869852258253753 0.89939788759326344536 0.00315676007687007822 0.00378394473689306395 0.00328978392721365840
3	0.00054360412108736631 0.00477730169768557887 0.00000983916887362083 0.99463427331718112789 0.00001359159081319463 0.00001472887568166829 0.00000666122867768652
2	0.00000584514115306016 0.00001525070858668962 0.99994268530435703735 0.00000655152449445477 0.00001848386213855802 0.00000976973766340342 0.00000141372160660759
5	0.00127988870751901350 0.00006387995338034616 0.00007364607796554395 0.00011198604452393103 0.00013046891614817722 0.99824504723441820353 0.00009508306604492623
6	0.00407137457465561910 0.00947183816397694466 0.00089083103704757467 0.00091522898626434214 0.02745405632776617977 0.00205859007457273461 0.95513808083571705154
1	0.00053509693707974278 0.62969058872413852246 0.00046602300081286023 0.36787705253548141915 0.00055211136625812538 0.00017401939963084974 0.00070510803659760231
1	0.00259713077714280021 0.98957365129888830158 0.00214833414295252743 0.00276626183893283716 0.00014344254078615671 0.00259660322352654000 0.00017457617777046604
1	0.16261775148949833558 0.69700730708995650708 0.00404515575368543344 0.00447271826477146396 0.06856221546950458379 0.02515597011578161665 0.03813888181680216705
6	0.00077988289812923274 0.00640593099342321760 0.00158019944970505272 0.00050908796773064353 0.00273977047541319090 0.00016580889983582595 0.98781931931576327788
2	0.00043528644523809846 0.00426268318499808171 0.99407084994371985864 0.00030164509298649661 0.00021075748508072876 0.00065033969983438716 0.00006843814814202188
1	0.00325112624365407350 0.99606887938453203546 0.00025698931421001511 0.00021696244303855158 0.00002948648222631771 0.00014352707668446136 0.00003302905565566432
1	0.00121178453589054704 0.97984420786558368288 0.00099022763261755924 0.01386704669251418581 0.00230141426545935231 0.00137383290517560782 0.00041148610275907547
2	0.00007120780524527867 0.00008174604834473246 0.99886485849039097218 0.00012017185327094798 0.00027117379832388870 0.00049544602631716695 0.00009539597810681630
1	0.04148289692188085465 0.73428784535909863429 0.09731526392832991201 0.05505766236236726840 0.01927979698861300231 0.03554679309575081714 0.01702974134395950773
5	0.00020542324909477423 0.00079071928206785687 0.00196132191263159858 0.00014473738091181390 0.00578052788982348284 0.98704953690635710561 0.00406773337911331238
3	0.00285904722617342545 0.01530796749588500191 0.00230859437561278455 0.97689407810093042972 0.00049180022151601964 0.00134509137624187433 0.00079342120364090231
3	0.00017869465250612562 0.00250007474117192562 0.00007957729956076563 0.99707327995296002321 0.00002123234429797285 0.00011854357524724363 0.00002859743425581169
4	0.00105240807666438460 0.00056465575677649591 0.00076031999695334439 0.00085559274723860386 0.99411271879016938069 0.00237396716268377470 0.00028033746951427953
6	0.00027662219383083178 0.00000698640800002045 0.00001989718673486256 0.00000119630496862419 0.00047617739256780914 0.00000214277755697228 0.99921697773634132744
3	0.00310759811561683646 0.01860127893704259516 0.00215607237726338392 0.97143089044109276475 0.00172600520044345227 0.00136037541488951948 0.00161777951365145705
1	0.02541188846342334884 0.94954898374542762163 0.00786378283632547387 0.00141294882233191960 0.00055016666253252888 0.01379202749153164015 0.00142020197842751658
2	0.00009816168176550685 0.00017929910060552598 0.99857840878729253742 0.00047875545280840756 0.00040170860178534510 0.00012312227170266764 0.00014054410404036732
2	0.00007531355547721048 0.00001563619922566538 0.99979123233342159782 0.00001551398191175148 0.00001455044996088025 0.00006050889812538757 0.00002724458187870744
2	0.00700399930033350840 0.00617521379935491530 0.94121790181404796360 0.00238873107995478135 0.00227753234904984857 0.03969679471073856575 0.00123982694652036022
4	0.01205460187936658462 0.00160252517373740797 0.01882770668348035872 0.00154312254168331936 0.93802265940070050920 0.00025149464952458283 0.02769788967150694711
0	0.95230940017373177930 0.00739269477808567662 0.00072792820464959369 0.00386327717533140177 0.00340053392896868135 0.00772049683126777801 0.02458566890796504492
5	0.00005045532311684355 0.00030827427911964508 0.00017737275840653698 0.00009028749590384637 0.00050309412065424402 0.99884553249734409075 0.00002498352545515024
5	0.05909610331885929019 0.03485424877927264381 0.00491831659035045152 0.06166201197743020890 0.00613757606111648042 0.83120125148938706072 0.00213049178358417236
2	0.00367692187091037386 0.00096344727064490967 0.99022946384784582552 0.00308030204367148487 0.00068815309116655255 0.00131057263399075581 0.00005113924177080985
2	0.00054582516593491370 0.00023552098956996424 0.99807230180656658636 0.00034470690728253211 0.00030070915017977559 0.00043961241083897100 0.00006132356962789045
1	0.00080603429703563737 0.97498687725518140557 0.00418112173516909172 0.00886469200539122953 0.00066655270221872170 0.00906460445057478449 0.00143011755442885901
3	0.01851495365983036115 0.08346338068975162061 0.03119800517340689042 0.80805351579012385521 0.02294030121950531992 0.01307804767915242070 0.02275179578822940363
0	0.99245269763071841673 0.00359202423305561612 0.00014992263806437521 0.00098432024506513649 0.00205891078050758972 0.00032243254308883003 0.00043969192949998591
0	0.99832487367209932216 0.00111760282116081869 0.00003897803861705516 0.00005631749184395760 0.00014964769070836213 0.00013843435906683610 0.00017414592650383896
0	0.84832413768634118423 0.05957292621576499442 0.00423994329400470462 0.01424125339460249537 0.01739964413821499731 0.03257498327944439304 0.02364711199162720587
1	0.00376546934443191660 0.98838069134534534133 0.00085761863022181548 0.00475243385682950960 0.00153017474191545206 0.00052495953803850554 0.00018865254321776239
1	0.00226204058562902433 0.97268068642043759020 0.00258612730100582023 0.00712156279377588585 0.00563261862697817754 0.00764141363373981204 0.00207555063843315553
0	0.98951345911414889667 0.00261725534119709117 0.00255015748068169535 0.00066134451136315062 0.00058251785677728872 0.00036864882952365502 0.00370661686630836904
3	0.00026236200327363422 0.00048580712097151231 0.00005042464995344483 0.99908684794903479531 0.00000624859052654664 0.00006550415106612116 0.00004280553517494926
6	0.09204002537070882228 0.00861682258736692040 0.00880036200329605521 0.01615102860040206964 0.25323399637167104403 0.00969083182898564793 0.61146693323756962091
2	0.00006487907574010212 0.00000483591349924508 0.99962650946212039393 0.00000057749864005275 0.00001488401940607187 0.00027840494086939498 0.00000990908972387727
4	0.00191324134341322471 0.00036446562031433366 0.01620069236288005851 0.00011336978456201661 0.97168144810456480442 0.00176961286660925966 0.00795716991765634159
3	0.00491098030391370986 0.00123661355594989822 0.00006957708479531469 0.99288736411757205769 0.00076871497785052927 0.00005854166495822124 0.00006820829495897773
1	0.00410224240705198400 0.95947237497725623712 0.00144457342634853286 0.00083251906340269606 0.02447223233217120028 0.00089969840319943520 0.00877635939056942149
3	0.00133549470486176423 0.00050819954918437352 0.00439740229077054384 0.99289841008354740026 0.00011054114842819990 0.00007985314213537649 0.00067009908107178379
0	0.71315110745857768215 0.26137825859600971601 0.00253644793152974120 0.00547228661160476491 0.00265577492543401118 0.01275955127025305696 0.00204657320659088404
0	0.99076124655875574820 0.00223575020831337512 0.00090819596852531950 0.00198276355950962159 0.00031811476584961537 0.00292680840795972496 0.00086712053108647762
5	0.02111717082414959340 0.00970805948660240746 0.00429962870701449968 0.00083557764640723568 0.00166038489788824443 0.95867251596864810903 0.00370666246929037295
1	0.00673362828776223263 0.89684221825543697371 0.00184503194345004401 0.00082777348079287358 0.04417611222902777940 0.03633746050038103026 0.01323777530314882225
5	0.02365894415284619176 0.26470912375126987026 0.18600145018795524732 0.08466661048877069384 0.00556765069282389325 0.43222710204844771997 0.00316911867788587012
5	0.00071941807171922842 0.00003944137292810862 0.00005861921888862113 0.00027754634236547548 0.00008206675732205333 0.99860017855803906439 0.00022272967873713842
1	0.03410422705882018568 0.87930261825446132118 0.00515096454352001552 0.01274923858640250422 0.06230489970489327262 0.00592757671798074381 0.00046047513392200886
1	0.00320628747643646487 0.99325863184448770493 0.00023830147893880019 0.00027454001441418072 0.00007672756840093500 0.00285395724801073549 0.00009155436931092772
3	0.00400200665846518321 0.10358146237645710075 0.00086519524475830263 0.88919456438748289973 0.00031634366280753961 0.00151887274719160318 0.00052155492283759706
3	0.00818547156794729655 0.21964112418848708019 0.00446039339310197198 0.76267649533750503377 0.00019694885706736425 0.00403568468243517466 0.00080388197345601902
1	0.03377568715421893492 0.88611490933700420847 0.03493385958572851197 0.01850024095608403599 0.01093605989410196232 0.01065621216990017203 0.00508303090296228621
2	0.02364062259154873363 0.17560613544445408118 0.72687749486136832289 0.01607934173374688316 0.02191201549704419743 0.02819681172664762273 0.00768757814519083985
1	0.00015369818942142122 0.99704682877984152078 0.00017208736851911526 0.00242851096189763971 0.00004110823823767489 0.00015023517082204141 0.00000753129126029913
1	0.00032252819539454715 0.99847441209066722934 0.00009461732043264733 0.00039857785289624707 0.00003932538797137711 0.00066292754218830923 0.00000761161044979230
1	0.00224859499458055553 0.98609117066846629918 0.00073531603673404979 0.00806462759416015987 0.00172104172080113924 0.00098819990358085829 0.00015104908167704655
3	0.00102117271787056517 0.17460600868249159801 0.00015503697074727144 0.82398525527153321235 0.00012111582256361757 0.00005471711624682487 0.00005669341854814965
5	0.00331016724730803747 0.06068536864412807375 0.00338608625484002621 0.00068426275077112305 0.03360337437050692211 0.89462543498889812721 0.00370530574354842107
3	0.00780321707906275492 0.00589438633238509053 0.00017902236591304334 0.98385551639788992873 0.00028786087956593595 0.00185737875749436804 0.00012261818768829463
1	0.00830564973362004320 0.98076042457915857398 0.00063936333286892968 0.00304658577708823326 0.00344279246814114788 0.00245196327047899048 0.00135322083864490919
3	0.00244025621928636470 0.00190421110462956115 0.00113325522675550099 0.99043485712730694459 0.00139765998513214306 0.00092309042975072828 0.00176666990713874109
1	0.00056739697802544065 0.99929336252983014255 0.00001447470627963211 0.00010496216319947348 0.00000559743779417682 0.00000492843922289702 0.00000927774564847814
3	0.03279548371844519944 0.04070784490241964593 0.00144888098234118349 0.92029204411171827704 0.00024533860464809396 0.00447806707287564526 0.00003234060755173901
2	0.00023942387894083833 0.00010438643101716091 0.99957536761036158701 0.00003727717796065445 0.00002367101160451068 0.00001584402734336043 0.00000402986277246172
1	0.00130128435600491412 0.68956421170466752901 0.00014720226309905771 0.30877695983241304489 0.00002302653034618228 0.00013752448496494267 0.00004979082850405642
0	0.93920769538044124314 0.00672265009325133649 0.00042292713371392272 0.04698446053839340497 0.00222456585297435040 0.00163783768083622231 0.00279986332038937441
4	0.00444443124216230626 0.00541118347935731943 0.00878738446439185361 0.00224470454737425761 0.95184860708560792286 0.00078502299434922635 0.02647866618675669484
1	0.00057096081076753538 0.99262921868489595312 0.00213654049666314131 0.00201295147548520136 0.00074119348170144058 0.00181339636024051808 0.00009573869024582245
2	0.00058289935856542584 0.00011044213021165321 0.99867818156401910734 0.00028280449211857056 0.00010273182621636102 0.00021959455141210311 0.00002334607745611402
3	0.00928048847388549848 0.04026563716673617344 0.00198673227795467637 0.94698224228984995143 0.00000574775029794268 0.00124329099729187970 0.00023586104398441756
1	0.16498940459497393740 0.74455373730613827465 0.01189198134192888390 0.03964515355123202078 0.00569556402289260640 0.00669966246609868255 0.02652449671673564810
1	0.05388003369487477656 0.87004942316920530487 0.00940857379773400726 0.02390550681454875828 0.01306086489792885816 0.02232489626972733107 0.00737070135598071746
3	0.02080153054936976012 0.01252726057697231034 0.00898321920742253290 0.93405757413463308403 0.01537084949818692294 0.00177883778927293099 0.00648072824414205797
1	0.06544249446593043695 0.86735702044731255445 0.00621386873427724230 0.01952283992351536851 0.00685266956151715182 0.01041393090827671779 0.02419717595917037639
1	0.01948613991599145584 0.89906411848477696402 0.00797527474662616288 0.04383828977571205265 0.01294553854357782460 0.01431596460255380072 0.00237467393076177657
0	0.71173652204002157973 0.25523777741428771426 0.00342478460731585011 0.00482139685377018599 0.00465349205869226845 0.01900508870319229937 0.00112093832271991669
2	0.00094859464869990540 0.00029453925347392427 0.99652437411382899235 0.00036198164403556033 0.00056962636855435408 0.00122869310100786537 0.00007219087039902695
1	0.00038099681005047530 0.99364724259977799115 0.00053699779349357271 0.00032179757184117535 0.00009853762854533761 0.00489529469228510219 0.00011913290400678913
