0	0.76414500280500419205 0.05964858342762136001 0.03313942290313207778 0.12884090730876832098 0.00418126971811899357 0.00440798671915627709 0.00563682711819882710
2	0.00629214304041969628 0.02619996850891847043 0.87388038239507193072 0.00380566977212154055 0.05854571243306642969 0.02361888222480076210 0.00765724162560044858
0	0.94686126256628244668 0.00512192508439826468 0.01254452632716213448 0.01362132232906256186 0.00894027392016104837 0.00619670050157183905 0.00671398927136153140
3	0.00012688406618586930 0.00094765636125320092 0.00000156059055178777 0.99889870917969925124 0.00000587761526109027 0.00001606848860762617 0.00000324369844099501
1	0.07123785251465916679 0.79917557169230812875 0.01180841422586635311 0.10753802795379152624 0.00409237794993778329 0.00162234865596910197 0.00452540700746773428
1	0.08908881789665266948 0.85165113759771782220 0.00691548965460527573 0.01777341007780737156 0.00527309077109374465 0.01196415722848037308 0.01733389677364271728
4	0.00259445921387764771 0.01353482970285015477 0.02464280808100005604 0.00044950989168576587 0.81173374230167727461 0.14253274468981588785 0.00451190611909368672
4	0.00115971117176899324 0.02836639537314684933 0.01665823332901494869 0.02824730988133451748 0.82260144307519078577 0.00635156565814266102 0.09661534151140131754
1	0.10609944561915277128 0.82661828700949613324 0.01356282786330802181 0.04467158791450809296 0.00105124947172284175 0.00582152245948321361 0.00217507966232910596
1	0.00233200490136964075 0.98782810314218161274 0.00062513674075492538 0.00190472708008068660 0.00064661366584723801 0.00662039839671139680 0.00004301607305463713
5	0.00011701254991817921 0.00129254989591958531 0.40521837932628601564 0.00318400123829620189 0.00000605625746754516 0.58996381221745552992 0.00021818851465765982
1	0.01152574377925408636 0.98586131042978963901 0.00053151251513039108 0.00014894151972215554 0.00027475614712422380 0.00133640150308573830 0.00032133410589447813
2	0.00006104129596309496 0.00005110786285683599 0.99806237305418110672 0.00030491748678399227 0.00016264956355431799 0.00034424471640566434 0.00101366602025378051
3	0.04491524258935739727 0.15561773154852670542 0.02813487269586800038 0.73043150195147832360 0.02338193853440152445 0.00757612739840505048 0.00994258528196279544
3	0.01071504516153797514 0.00585530312283846169 0.00815253341658321931 0.97315473575721578303 0.00023103931217878293 0.00152650082361839210 0.00036484240602588190
3	0.00032588772133867701 0.28479403616173709635 0.00022799425058354399 0.71344894860968199879 0.00073017011508931268 0.00021265980523927253 0.00026030333632971053
1	0.05959176758094948678 0.56658375466419130806 0.04502259720544549843 0.16471158502401489487 0.07177517205195901862 0.07981533568932611122 0.01249978778411347038
3	0.00531625878480225349 0.00747315402651375395 0.00349752587511148808 0.98138797783603926028 0.00054674349145032741 0.00136733267772349968 0.00041100730835839542
2	0.00559459522342759929 0.00222763179462283226 0.97627655431943172193 0.00714009518277501035 0.00714970001970281158 0.00125476243829100525 0.00035666102174971469
3	0.01586242950545297195 0.04835942722480672529 0.02610234876260308229 0.79346287664725001498 0.05101591735346731882 0.00404483387500107362 0.06115216663141860576
1	0.28044950308490390611 0.61230821331417739639 0.04838084670885572230 0.03447798751512025361 0.00424622863206826177 0.01178258585681173087 0.00835463488806263699
5	0.00299487369519734967 0.27261616406239386201 0.00993923381419412229 0.00313543579077354626 0.00221473860544479408 0.70790763286379465580 0.00119192116820170764
1	0.03861896206391907810 0.91745835786122353905 0.00839852378467518743 0.02387652790344335987 0.00133664103750257674 0.00736103560688893942 0.00294995174234708281
1	0.02806423698779564324 0.90014082969298947479 0.01509467734628183039 0.04413882112786031431 0.00194836854237372690 0.00890203468419437788 0.00171103161850487775
1	0.02668705863092929453 0.89408483373038816211 0.03047570599392060084 0.02309820930677263656 0.00349123349797595631 0.00757683408875108565 0.01458612475126249038
1	0.00294889100719685328 0.93701737190201972449 0.00349413570806097725 0.04378660142373527742 0.00177806252453594632 0.01006858272101126585 0.00090635471344099557
4	0.03299745882257886648 0.06511641541190030247 0.08442958273161067784 0.03460808559733019596 0.74698297786618328420 0.01976203342410358388 0.01610344614629280122
4	0.09699004215166044662 0.28637353159463274643 0.04835090322878477648 0.14800672779353102326 0.36787555349891160050 0.02546806793505011074 0.02693517379742933759
2	0.00413194858676590743 0.02969846813349825629 0.96314002330762693571 0.00159004157423035591 0.00046211316098885983 0.00093425084126954369 0.00004315439562019760
0	0.65953804736673693476 0.07189533492616830002 0.06349100801561960439 0.04290585771332457166 0.05176478269334591070 0.08551424548355253397 0.02489072380125198491
2	0.00009081941788460799 0.00137757272616459447 0.98826463213863013912 0.00034002979785478635 0.00048084197397497459 0.00770442358698206382 0.00174168035850917244
3	0.07324604531738208857 0.06449509099434089232 0.09691998053514581934 0.71833470012294242668 0.01471880722695654252 0.00367468017298555258 0.02861069563024621135
2	0.01666419850915543815 0.00464672109824027305 0.92859569625011395555 0.00048642297541950648 0.00118822398537205454 0.04529960606385630140 0.00311913111784154927
4	0.02035363700558874903 0.00235500176550946204 0.01505526408307018144 0.00108725757410672928 0.92745133762392251153 0.02264546262413883945 0.01105203932366374125
3	0.00123907949966676903 0.02080659705473739476 0.02125384813820849900 0.61910297425477445188 0.31361170786666647814 0.02097100363890297067 0.00301478954704300674
1	0.02131488483499924952 0.87684709247811132293 0.01585945799059843703 0.01305432234655066852 0.01720333662972973326 0.05092517983324905406 0.00479572588676190157
5	0.12715315309244437647 0.09054702202099673691 0.01836635134188211241 0.00058923944917169623 0.02476490005699775662 0.73598840728266501365 0.00259092675584226629
1	0.00185763736590234367 0.95769181398157288143 0.00371124241235407408 0.03411621637513830019 0.00072027681911007854 0.00140623439905097902 0.00049657864687249276
3	0.00302478124421585049 0.02120448487030244383 0.01966381955092722303 0.94903745301346931207 0.00065849702636882332 0.00425401388908610168 0.00215695040562947915
3	0.01852229391065881442 0.04989672577125701947 0.03641619973728010135 0.88074102186177793961 0.00467627575191468560 0.00098392283631519887 0.00876356013079647791
4	0.03911023167697313951 0.08578110235703231834 0.06555285575231342698 0.02140907595533518906 0.65761883600063752997 0.04168835885533746233 0.08883953940237057645
4	0.03559393934723964481 0.04744904450355437453 0.18403836567104114863 0.03399457851015999510 0.53037015186125979760 0.10628117978945673949 0.06227274031728852188
5	0.02367635657899883062 0.01330411962014871330 0.00876287936719031754 0.00142272072593747629 0.15502943286243300869 0.75006403982954716891 0.04774045101574495714
6	0.00015143075035906132 0.01332976272547702935 0.00460996287672674459 0.00233714511776282911 0.00356555534329581385 0.00139598069681183654 0.97461016248956622299
1	0.00556470028994684139 0.97970293169500732855 0.00362963756023657394 0.00091645828221415242 0.00066404609480973597 0.00022546523877261940 0.00929676083901219939
2	0.00518420241253057454 0.05438648877794989567 0.89173600541042852274 0.01131240175667802203 0.01357681364256043202 0.00910998543874942841 0.01469410256110360857
1	0.02852759097492643670 0.81412373413764393959 0.07390410573507809333 0.02989755332081174555 0.00334579579866128721 0.04397060597462899151 0.00623061405824921512
2	0.00611238538942733816 0.01656036554114631923 0.89408669919826477823 0.02317069879141323702 0.03270079409223583533 0.00948279289376933315 0.01788626409374288739
6	0.00164935957168915043 0.00338739255298120805 0.01056134852732094204 0.00114260301230896728 0.04828284560383077489 0.00119918591213238434 0.93377726481973655215
3	0.14796184365087033941 0.16701056864266852764 0.01958897119008988150 0.59484707616981091771 0.02236774714411509171 0.02782669717042888027 0.02039709603201587604
3	0.01759380474431160996 0.02382496338992393450 0.00548899029379968338 0.94914132654672656031 0.00009953464093713969 0.00026073727863699199 0.00359064310566412949
0	0.50893891334556706774 0.11087232455729291447 0.04203769029991321488 0.03787024093753781073 0.06568034807958182675 0.10550051096542739648 0.12909997181467988692
2	0.00407848289015539604 0.02865446572894252836 0.77128760262425699601 0.00591292214385659518 0.02027627116631525866 0.15026681057274401954 0.01952344487372930162
4	0.00057582746661428920 0.02074702919866597620 0.00392884372312593544 0.05700660826961412991 0.90933005822506229876 0.00515560907534924270 0.00325602404156834528
3	0.01566362470653083483 0.13323056824283802113 0.00607685071517499644 0.83175574396923068754 0.01168535248545152748 0.00087772805365007563 0.00071013182712417343
1	0.00172075464031292151 0.98239940869861419603 0.00455624847392175659 0.00752109200964212569 0.00021995562498923775 0.00340863297011195342 0.00017390758240765005
5	0.00020751334861283542 0.00001038425129048084 0.00007059470794018206 0.00001614875324941699 0.00001973586232552393 0.99961830068368284774 0.00005732239289839128
1	0.07773513278470781107 0.73349563437520348685 0.00258302944894656886 0.00415085085169514777 0.13444681266756819404 0.00971225024497227724 0.03787628962690601370
0	0.69718899220953045592 0.24626143136849623638 0.00287050156466083341 0.02558921840699552100 0.00414040493262721101 0.01633302635183301807 0.00761642516585654943
1	0.00817375072184763594 0.97542788771244726131 0.00105558687835446367 0.00799669900046894033 0.00402563589827776951 0.00159851222650464280 0.00172192756209954730
3	0.00033568646379880543 0.00545010969434476210 0.01326527423022610432 0.97650769122866565297 0.00026970299854281536 0.00347902154654783011 0.00069251383787366624
1	0.00230243832354134949 0.97474345561709496710 0.01024025927595907833 0.00840533609419092873 0.00128933870286421768 0.00123379911247766200 0.00178537287387075323
0	0.99062515011950225130 0.00257972175304425465 0.00032982044539353134 0.00067887919372236483 0.00062579441115641723 0.00056207645046312633 0.00459855762671800873
0	0.91683667150897285580 0.02885141137919541160 0.02226866053659191241 0.02305280094604050117 0.00398211567444955311 0.00248965439155001116 0.00251868556319981285
3	0.00156240312646924260 0.03484477582211767399 0.00324149370452062177 0.95367276367611453214 0.00056676460338098372 0.00124027009170951988 0.00487152897568708231
2	0.00546421334735257020 0.00741685407066791820 0.97280781795034731996 0.00943546952795048903 0.00159413606812288311 0.00137771430646262453 0.00190379472909589747
1	0.06683271068259263870 0.87668452336448399187 0.00264722471759448958 0.04005646172397438892 0.00755631477482164929 0.00083646636015007048 0.00538629837638313590
0	0.76010765285567483129 0.01783610402166852654 0.00862512771696744181 0.01273937381659115929 0.03916780262204400120 0.05060369388863631551 0.11092024507841756475
3	0.00373638492701191616 0.07296729714146665824 0.00112094248913617426 0.84585421259778692527 0.06766884784064658431 0.00766093703986718121 0.00099137796408571587
1	0.00516783427519727084 0.94965664562655183190 0.00120743153095089991 0.01328473521851746691 0.00233602279490873616 0.00178766943608911315 0.02655966111778545330
5	0.00004579022953904415 0.00284747232926761728 0.00466394405817847392 0.00047494792780972253 0.00125877009745326029 0.99001793638751622861 0.00069113897023553709
1	0.01112579986064866737 0.97166454519421752156 0.00348279850199150051 0.01010309416525851343 0.00067290225073957165 0.00154769929790690795 0.00140316072923772801
1	0.25095158877835249678 0.55410729441098072190 0.09457237632140216843 0.05721910839320355768 0.00445022545944735986 0.03239813654619763672 0.00630127009041583485
1	0.03872848601865361284 0.94706033971798508908 0.00002293110608241564 0.00481402116509281955 0.00090225362828245481 0.00484708294918175311 0.00362488541472142344
2	0.00071080256159353574 0.14176269139078501169 0.84457321219599068574 0.00054184101984377348 0.00080300238585199188 0.00888732785826937266 0.00272112258766660188
4	0.00000728201422794476 0.00000788558976405042 0.00045313517534040405 0.00071639323540575105 0.99716822949570138590 0.00010393822889172576 0.00154313626066964978
2	0.04234073546338466137 0.00717281331452363467 0.90920118918451886536 0.00097511984833120995 0.00161679084724003237 0.02185454598500957690 0.01683880535699189621
0	0.97349097274058893348 0.00084500398935705135 0.00001644427705120176 0.02510188351890975042 0.00017494833437782810 0.00016771151436046565 0.00020303562535481287
1	0.00646844967251299259 0.98016101122567600434 0.00266302324432177813 0.00014105835084139495 0.00067371175463937488 0.00691000239295729707 0.00298274335905214559
5	0.00349948296735725067 0.06329029978039382720 0.00903626809425564156 0.00838962956322463448 0.01284160285346921775 0.88974098585434580055 0.01320173088695337539
3	0.00395852110293539589 0.07037158605587205684 0.02944827101356926186 0.88512290459323794689 0.00370766230866564775 0.00493328606184242815 0.00245776886387816858
2	0.00007207846402214154 0.00060030117585236828 0.99215312386188325711 0.00171001099305243313 0.00093238073479976911 0.00040679549330102768 0.00412530927708866166
3	0.02278970761957992489 0.06333702557703844993 0.00180253672683819877 0.90682719465242245249 0.00099877235172899075 0.00075923401603129783 0.00348552905636093785
2	0.01360303157304902644 0.00064416965228073061 0.96836924517666789214 0.01249434951668063239 0.00195849056733101486 0.00206183353345914351 0.00086887998053177473
1	0.00122531886367787529 0.94870772214702514535 0.00147435808625800903 0.04394437411770320268 0.00029853443588465247 0.00258135742999426225 0.00176833491945697571
1	0.00082441577088570586 0.97423664938499743293 0.01227562914077999674 0.00940635122370597938 0.00021781427483691634 0.00163158538728279227 0.00140755481751142519
1	0.00370293070982578030 0.98518487583365599303 0.00162492273640611079 0.00383840141046251204 0.00500371539283738474 0.00014765600101548267 0.00049749791579759353
2	0.00038152997459306735 0.00032177364914647488 0.99636468770181019217 0.00044135006816678295 0.00034253617697500974 0.00093641465390092234 0.00121170777540828534
2	0.01986911560175761218 0.02323908047932572371 0.88272232605772804614 0.00260863351251397957 0.01245715632923096935 0.05640414503854156852 0.00269954298090171367
4	0.11160851441138462670 0.01487393598957714724 0.01107088562045964626 0.01289332130399706809 0.83539317196631468487 0.00362962553166411165 0.01053054517660279715
4	0.03354298010881948816 0.01456925168980635794 0.01140561939685449076 0.00185793786285460400 0.92014629225172439586 0.00692247907277109085 0.01155543961716948113
4	0.06070897274283365563 0.03259379177953281720 0.00716940209356543758 0.00211218067670937339 0.79444049059566845816 0.01718203802712068781 0.08579312408456965522
0	0.94918657865916333805 0.02297047652189980124 0.00108526288576050968 0.00124451355976556207 0.00373788536717253959 0.02048925510341816428 0.00128602790282023819
0	0.91655865665396940578 0.02270650356446484233 0.00221485824056643276 0.00140492840960876439 0.03895376537924725296 0.00333525941113668560 0.01482602834100665151
3	0.00011134313884976900 0.00003587655423146670 0.00002612577567496708 0.99982099501325671920 0.00000134493230880028 0.00000294870371966399 0.00000136588196062840
0	0.90069820906236874869 0.01283239047140079768 0.00268979902695684094 0.03450784834398383516 0.02295194821501675767 0.00242667719491548211 0.02389312768535759371
1	0.00816114776598207692 0.98213847971631695888 0.00209334251843432996 0.00357267415879996197 0.00009174631211387920 0.00387276629091457599 0.00006984323743832885
5	0.01506781033308384442 0.01013158486248630537 0.01615164150973731269 0.01632081670729781595 0.00358355312135083363 0.93852653157012122520 0.00021806189592208077
1	0.00181067745751392552 0.98813506443148724223 0.00033736826149349396 0.00794912294794318346 0.00101013453204206252 0.00073710241424300817 0.00002052995527750892
1	0.01732027111932461436 0.92847249004448662024 0.00994452847243982793 0.03581520015091087944 0.00231736003515333258 0.00393606611288551018 0.00219408406479881368
1	0.00199481592642428325 0.99336814568610520837 0.00015680648290470353 0.00023283492345286215 0.00002941110427230006 0.00419551582089778760 0.00002247005594245870
0	0.97859650991304747425 0.00892928664478514524 0.00228486889733172435 0.00164582529187318563 0.00395183853662050416 0.00095579657525322393 0.00363587414108860292
3	0.03584843251713963619 0.12211410538126503400 0.01458078974296062383 0.75050123057919393421 0.00569179551519295984 0.06650795382995339233 0.00475569243429400761
6	0.04582599373124812692 0.00892130956438439565 0.00291781647145927412 0.00017977234179623351 0.04315935341853289337 0.00060015345395060407 0.89839560101862869779
1	0.00096140968950598517 0.97899956670416155013 0.00118281980277978719 0.00030393834557741555 0.00006133124204730571 0.01691484703009854540 0.00157608718582953286
3	0.00099602701786604070 0.00494446484900530354 0.00009859199357128578 0.98318841124925449027 0.00561212682839371760 0.00025540682776493978 0.00490497123414442623
1	0.11011916529036837320 0.71908812024874113611 0.00905391894966662246 0.11494709968091809671 0.02265222941038884732 0.01858868310577551849 0.00555078331414125652
3	0.03871336506751484052 0.12353167390036537410 0.10821513756428487174 0.60662170459052344729 0.04795913246037687011 0.06275805241022662517 0.01220093400670746626
3	0.00091404495470179085 0.00074507638428897857 0.00182969480593935473 0.98102838248763934992 0.01262429718689632441 0.00199188127573155307 0.00086662290480313590
5	0.00180358433111393554 0.00752338258693698199 0.00241977676423239850 0.00046168523324103915 0.00636605365753826254 0.97871613911494714788 0.00270937831199042191
1	0.02136277110656776418 0.75624518243114813298 0.10552548354980952061 0.03097147852811142285 0.04280604796465894285 0.01252820294776609868 0.03056083347193829999
0	0.86950238351159259143 0.03493641921266976702 0.00757259752293110502 0.07915407506850173636 0.00442240645312701273 0.00160392223092394428 0.00280819600025356605
1	0.00002390304598723310 0.98950990625357515551 0.00036593031782050411 0.00215329327575179393 0.00034208077336098813 0.00285404478901627552 0.00475084154448842094
1	0.00504489256323850319 0.97240120840476718111 0.00451968577282940275 0.00599981315787477716 0.00633619952493364239 0.00558343307214433180 0.00011476750421314650
3	0.01637946642433966288 0.00493459400436273374 0.02693054300307587065 0.75924434029595622153 0.04935744277903304084 0.14215066311828677970 0.00100295037494510758
0	0.92148286331995532539 0.01745297921284707718 0.01247704954641654096 0.01105693493616251473 0.01666798708317544786 0.01694031375431963998 0.00392187214712322579
6	0.04529655073075643246 0.04451281407760259573 0.02603840945875651389 0.03956450012449031634 0.09977486189082973578 0.14564076618101512439 0.59917209753654909754
0	0.87230999467964953631 0.02452148269050871340 0.00341963999641390444 0.04823334431126313770 0.01011681286480669607 0.01359528260115201552 0.02780344285620606551
5	0.00057000501445997852 0.00205865653931559594 0.00020960406541740956 0.00011601615148899707 0.00219374796831305584 0.99293355266146376970 0.00191841759954147805
5	0.00096140123266773010 0.04419436762056724172 0.00497618699106364745 0.01022575309894551386 0.00217943700303207784 0.93703427492620394723 0.00042857912752015416
1	0.00125756847460613058 0.99654193181610450925 0.00002566387096281378 0.00114958507755464050 0.00059509617483740772 0.00016025850875791753 0.00026989607717616899
5	0.03673048954942460809 0.08071655523135960741 0.00193593984848513937 0.00598120513260787939 0.00707864295787823204 0.86529809303093974115 0.00225907424930480534
2	0.02799787173651574132 0.17249528330401242560 0.68664224596358569563 0.05214133854217950503 0.02738979780643421499 0.02388982640793262460 0.00944363623934013109
6	0.03859860531159318986 0.01692145946491893996 0.03391583305003922216 0.00210289792553897386 0.00865955497341465257 0.01749937959765462264 0.88230226967684022288
1	0.01826516298926982376 0.94168023073768813980 0.00116890136887929925 0.02685868418669841093 0.01146050843625056638 0.00043046460971864941 0.00013604767149574611
2	0.04419072988197979279 0.02230161572285685109 0.90113239418086887866 0.00010102775333762635 0.00480532585909330609 0.02151379560949069972 0.00595511099237304876
1	0.07679491185793718699 0.87769807573041935811 0.00603638873514002021 0.03669303376024099506 0.00180187190480447183 0.00025122048049502389 0.00072449753096389942
3	0.00179101585533697179 0.01329094896910720282 0.00046860053687604574 0.98348649580537350623 0.00006955198258758442 0.00012795353097299196 0.00076543331974526633
1	0.03630777344692457526 0.85374925869709505921 0.02563136443051038452 0.06701617719056568445 0.00495380175381661750 0.00783931810885106842 0.00450230637223656468
4	0.01000684362350993950 0.01591799478848662450 0.00307818498194098759 0.00210954477084924954 0.90608686240807567724 0.00450450552103496323 0.05829606390610197336
1	0.00052370477894682517 0.96374377305358183143 0.00036640827302500872 0.03458957161095395361 0.00013869048491296990 0.00047511069350021271 0.00016274110507880901
3	0.00100909064875273754 0.00214321869731645513 0.00003435738073556977 0.99592749243987621632 0.00053239487541469391 0.00004627324904982224 0.00030717270885430992
5	0.01370030783189102666 0.00438279582380916074 0.08078345586485403962 0.00501520769035610457 0.02643251030614815131 0.85954794927410627103 0.01013777320883605358
0	0.72238223265629830649 0.23954053500575037128 0.00590712448704186315 0.02044797122460791788 0.00588335560061436363 0.00013608549146410068 0.00570269553422314817
1	0.02347476728374328289 0.78669983271086674215 0.03454726347804996933 0.09012225258915582127 0.04820931299233496142 0.00367701098066015690 0.01326955996518919094
6	0.08694478640074210229 0.08548155390198002024 0.02089288414969676586 0.00397340355509692451 0.08791112060248651439 0.07311157736323341261 0.64168467402676432343
3	0.00286091071302919985 0.08135481619668760711 0.00097111955173947734 0.90918156164921037909 0.00464615862473532083 0.00024810498218857951 0.00073732828240986273
2	0.03638949908823405771 0.15055787144371579611 0.52486558922571147079 0.01125843910463119636 0.04456060706908439306 0.22037356178946840291 0.01199443227915481316
2	0.00046279527509400926 0.00842574128527751043 0.98756125168711572648 0.00253600900240686300 0.00002783919232958319 0.00094002663857722490 0.00004633691919917803
4	0.00720608168802490835 0.01086607845749454695 0.00167398247534201322 0.02638232669512177025 0.94551695376205746602 0.00093926560429146734 0.00741531131766807929
5	0.02495455416594146922 0.10937873100478327781 0.00618948185817439541 0.00018877679206449243 0.02356281238547733303 0.83447714951946827533 0.00124849427409058134
0	0.69566371520690328811 0.05440663916639509878 0.01153124409401882003 0.01420810616160416567 0.10512296228183178048 0.01508283624941690083 0.10398449683982977088
1	0.05526394959016420194 0.45871377775690552747 0.00789639374332481991 0.29734505119599291545 0.05852611996238709507 0.04903862143712640898 0.07321608631409891321
4	0.00252310457474503582 0.07141344851486841616 0.01974867238661460328 0.03850140779770323818 0.85632473530682484686 0.00578551039432514871 0.00570312102491797070
1	0.01047927763827692475 0.94070009175474833540 0.01324437719191077188 0.01468093039101352193 0.01649721434643106055 0.00312925509410200576 0.00126885358351717329
2	0.00662759771091458397 0.00048514409975345025 0.92333218829309249287 0.00008762202328040248 0.02951528809053653377 0.00258882947534746664 0.03736333030707512937
4	0.08919505533641101935 0.03647859159812171653 0.00171983984035024287 0.00268091733387294980 0.86169713327186692187 0.00547833215737723433 0.00275013046199966069
1	0.00433688085982159889 0.92931524105632679067 0.00192181810311846065 0.02691833050799003271 0.01035941275542057172 0.01533714612584336986 0.01181117059147866050
3	0.00589241443963455392 0.00373196064965125541 0.00040586494309633093 0.98918677511807950875 0.00036973839151955570 0.00001560333251788040 0.00039764312550112370
4	0.00989712165837927649 0.04731692069485999436 0.01032337597026746802 0.00407577917826875986 0.91303489328513820489 0.01080095046494408857 0.00455095874814108719
3	0.00070860400324964203 0.00784764635124988834 0.00006052801714303925 0.99125529673245726947 0.00000315212911434535 0.00006107369272349016 0.00006369907406167318
3	0.02781277172561154309 0.00102742639557044740 0.00380089635221364172 0.93615595399310125302 0.02376331292003509496 0.00428605892961158794 0.00315357968385647633
2	0.00007763404338204734 0.00010227703174019155 0.99942480780820119879 0.00010138598922837469 0.00002058462354049828 0.00022826758805070022 0.00004504291585810043
1	0.01546223296893902560 0.96112043821418102763 0.00215259544378743886 0.01285591096849118820 0.00587400597271665621 0.00171445705773413774 0.00082035937415096498
0	0.97208941281092176023 0.00879356674665208657 0.00027466337450919343 0.00298318383903296630 0.01401368096776206551 0.00081570909723737458 0.00102978316388465914
1	0.03538817000329007312 0.92634928118651271856 0.00257899138026688578 0.00179542259636563512 0.01213315592872075965 0.01424258122332925508 0.00751239768151421277
2	0.00005703922960343737 0.00009039703704267155 0.99876336357054706916 0.00008117849463491915 0.00026803956535844065 0.00065406481079845484 0.00008591729201384081
0	0.93396447545139349433 0.03409353567228661647 0.00245635381449113869 0.01505722445386385548 0.00312992650703604932 0.00644185823006199112 0.00485662587086708574
2	0.00004016800007513991 0.00019388410585086536 0.94200036319736846213 0.00001025049362631964 0.00533350641516865207 0.05131675445388760026 0.00110507333402166149
3	0.04974705817460925439 0.03171627900902979774 0.01020510072668786086 0.88466244197045074138 0.01548485854771201355 0.00040009786222304879 0.00778416370928671289
3	0.00507776513699924152 0.03485048941031947123 0.00040153579045430987 0.95799390167505682481 0.00042434527955107014 0.00111423540663392433 0.00013772730098555379
5	0.00082178592619246247 0.00465525879297474122 0.01840192778096445131 0.00028274226705270943 0.00084800045858019466 0.97437343065691595090 0.00061685411731931031
1	0.00948560177966799659 0.92235998518348849551 0.00947948489012034531 0.04904281409055795404 0.00076364032609509168 0.00691069126966328134 0.00195778246040768456
3	0.04821278606557690555 0.11537535596625259071 0.03804626021415200704 0.67678282683031898426 0.06527921830528402025 0.02568547282899059578 0.03061807978942499009
3	0.00382832457925598186 0.03012185580120146922 0.00010180643514896587 0.96504931376175240310 0.00024391312343803267 0.00053697633931175457 0.00011780995989234733
2	0.00002106206957648379 0.00008525701375362102 0.99978660757944259885 0.00003903795820075815 0.00002753247530952413 0.00002915027112230923 0.00001135263259431144
5	0.00462832220249240808 0.00031159063321312033 0.00080422074590505313 0.00032310799606804141 0.00086081957036463267 0.99226058378892689760 0.00081135506302957162
6	0.00680236854224215183 0.07131212082424179255 0.00899713825278876216 0.00576073029148420086 0.06299942906302791190 0.03180153122589900183 0.81232668180031664118
1	0.00057919592690250767 0.83715601614917167783 0.00247051116395552916 0.15011912549146400053 0.00147077642317088421 0.00059236702611793453 0.00761200781921756321
1	0.00447887911494061677 0.97086361896992035003 0.00476205022848330637 0.01386968949443581275 0.00018610781419113926 0.00529455629881422744 0.00054509807921463533
1	0.24400816774871036952 0.62277951455419955362 0.00404325273451932969 0.00206636159812789103 0.05468240509081352674 0.02133262188975890150 0.05108767638387048948
6	0.00159432918798794554 0.07566875308068660155 0.01405738343012756693 0.00360141159206351508 0.01044615125833473455 0.00560643697809109359 0.88902553447270882270
2	0.00234330507108482808 0.08119559303932576133 0.90994385105083697152 0.00389935725253581864 0.00088970900414494798 0.00139553113454442008 0.00033265344752742753
1	0.00614927285058398769 0.98440666391465581064 0.00728048173068668574 0.00110091178508134389 0.00016298902161226015 0.00057750941936582172 0.00032217127801327240
1	0.01220087692454300751 0.92338828733290068129 0.00735688452777493590 0.04206448824684903831 0.00623213418852508645 0.00384447770687964836 0.00491285107252793871
2	0.00063665526134278809 0.00636918068582157607 0.98276849459324522318 0.00099885031171021441 0.00191567199187767253 0.00266115956845509654 0.00464998758754689174
1	0.02928266455677526123 0.74399217515399629352 0.12750540911598898242 0.04829244885717577651 0.01684083649938529839 0.02171986075930516097 0.01236660505737291818
5	0.00005044131050193496 0.00007412033589369521 0.00080320029773017689 0.00001184297382261693 0.00101301883210409794 0.99716639544646290538 0.00088098080348532901
3	0.01149468047406521261 0.07938360399002558632 0.04737030366790162539 0.81296383855250942130 0.01027920238936350442 0.01907378857984056916 0.01943458234629392642
3	0.00064949497945040264 0.00544927787845381640 0.00115797805405019080 0.99161771376922425159 0.00023345610814994185 0.00077723915243269590 0.00011484005823899920
4	0.01747082027927720008 0.01044672810290233657 0.00577043464357844017 0.02798217458997472734 0.91025957614134744844 0.02654105977693412693 0.00152920646598636600
6	0.00541097277675601975 0.00032491947499096297 0.00030292844882314781 0.00002715025805906154 0.00527239091097693284 0.00007496739714848461 0.98858667073324513197
3	0.02543600517674210817 0.10289050862856372048 0.04215083206602264487 0.75074100921926789631 0.02962614133779399236 0.02525648567854006307 0.02389901789306953656
1	0.01926806288539114134 0.95660761107345548826 0.00569306510878334841 0.00328699796433994411 0.00072692167433283529 0.01337762423578994428 0.00103971705790691397
2	0.00371675853700250119 0.01845906857861955019 0.94219872362390766352 0.01307924508307668245 0.00821121985146472215 0.00598207777693103831 0.00835290654899695749
2	0.00172835789949293719 0.00043284694984427194 0.99639692654388201110 0.00029572880598708706 0.00014631816604751931 0.00073459870776801460 0.00026522292697822364
2	0.00088395051292823178 0.00075341320553036419 0.98248917714083050523 0.00078628582418125348 0.00031579219770038163 0.01452901261604446458 0.00024236850278486533
4	0.12167537806142179890 0.01183284160438965657 0.06428272715566814288 0.01860957128097248323 0.69861614714573216922 0.00076094111166911450 0.08422239364014694196
0	0.89965040599108703212 0.02048870801312953002 0.00355647620397862851 0.00636073005678799465 0.00885034825060060024 0.02430120622357129570 0.03679212526084493090
5	0.00010435020019766068 0.00366275816971873593 0.00659805014772772615 0.00026221324780243235 0.00728437237720860366 0.98203073302438026460 0.00005752283296489404
5	0.07011110673622079903 0.18178529544825028363 0.05980087460698197549 0.16105386085979150890 0.05118165327780945656 0.45484501896733114945 0.02122219010361473326
2	0.01243807538256893296 0.02027605876140178148 0.91978675766186279716 0.03750491455152400039 0.00210146649224074965 0.00638561651443128424 0.00150711063597016789
2	0.00683748203397954897 0.01080789245143994048 0.96629884730337234355 0.00850791756558678253 0.00236767726801171297 0.00283319455020576184 0.00234698882740479219
1	0.00619453409745481572 0.86567649870016338820 0.01034504249342815471 0.06893917991889027264 0.00248159503864074779 0.02898002284151487626 0.01738312690990698531
3	0.02436435805777765334 0.08483398068030446881 0.04643188131671843050 0.77640158921472002262 0.03192140894936657675 0.00969912752892113268 0.02634765425219177601
0	0.94998660508895860222 0.01989317305055482085 0.00566100643614604517 0.00231578841045331505 0.01760636666498061748 0.00323728673870080953 0.00129977361020576997
0	0.98151417419914510631 0.01210357292530120539 0.00206353239190388898 0.00024763490208757900 0.00173596888920885331 0.00187453059662683551 0.00046058609572665449
0	0.84085553491175712981 0.08845789057283547085 0.00225091992392947773 0.01115460340568596824 0.01161160166629299044 0.01875853369479979840 0.02691091582469904916
1	0.02979630214773796443 0.91979860163311144561 0.00790538562124934625 0.03172895486323227404 0.00550350353282346664 0.00216194211244585517 0.00310531008939970900
1	0.01272297740593366505 0.91879665380519026652 0.00679226552557027873 0.01242180261308980203 0.01394972439566292272 0.02994974474972667694 0.00536683150482603587
0	0.99324663462348128373 0.00247694336239970454 0.00118689116022665337 0.00025270548615620458 0.00036759881128904952 0.00034722024692186731 0.00212200630952493743
3	0.00543406160931027456 0.00907689913241445379 0.00208066829333656157 0.97796012825359412979 0.00027249614078335465 0.00387861401002277456 0.00129713256053866615
6	0.23845030674528408521 0.03686334045626373651 0.01650779568386743362 0.04806647932986518601 0.06781493833619414713 0.02920150933248610511 0.56309563011603902538
2	0.00120050370051466636 0.00008005755835917119 0.99674311663278547524 0.00000878105459068232 0.00030097052593405121 0.00117955002671190951 0.00048702050110375588
4	0.02553440820791310489 0.00392275714442354498 0.06407678256914453585 0.00108752656514313423 0.86825683809473097607 0.01689636788057409869 0.02022531953807036112
3	0.03059300209848195978 0.03090321690731819698 0.00084699686213644484 0.90458954214939679694 0.03104200807089019590 0.00088959620492540161 0.00113563770685174347
1	0.00363969064288264914 0.91807301746956571087 0.00462958016029367796 0.00232055675146115902 0.03574698503538757677 0.00137213946897379890 0.03421803047143526233
3	0.03484247385776152034 0.00830155402388266239 0.04120819677084998356 0.88271715308279441459 0.00131332368052595994 0.00266314922781554905 0.02895414935636977591
0	0.71520079709525019585 0.26868796207528039544 0.00090856733668147371 0.00124696381861075537 0.00228348750968351789 0.01096221112745364087 0.00071001103703991375
0	0.99161235256797286564 0.00265966707739458044 0.00026173905141096992 0.00338237378943458426 0.00026257544416389503 0.00126154249106560966 0.00055974957855747267
5	0.02531707355445811380 0.00982320492625018277 0.00158152608883321008 0.00037267177211774462 0.00178208970290482023 0.95487246158345695513 0.00625097237197917450
1	0.00726925081274465944 0.89883611776795324655 0.00466936680275118962 0.00036855101152658557 0.03810178017599651773 0.04198334585203698094 0.00877158757699130279
5	0.01174558823135359205 0.23272575424281249923 0.22558927601335332369 0.06124705742703305533 0.00230013398120622846 0.46504307484393392347 0.00134911526030839389
5	0.00353109820279745058 0.00028955032393532682 0.00040316507181112571 0.00072234800506846305 0.00068537988440855178 0.99093185642909964450 0.00343660208287896365
1	0.08945901906170401763 0.88718892139226657179 0.00097525024574268660 0.01717525660163160550 0.00050382112038836909 0.00461774526874165168 0.00007998630952493086
1	0.03492502913821034921 0.92389297401370318319 0.00370902108845176355 0.00221089286904041678 0.00070719273978421776 0.03339166037455715969 0.00116322977625260364
3	0.02131911716938303392 0.17767443107365052390 0.01816425353299657222 0.75902066596559569778 0.00672449945337534952 0.01358367442644368636 0.00351335837855518921
3	0.00515583624105720936 0.11409063693109512683 0.00069361251898073992 0.87821279308921307294 0.00012667937887577541 0.00133060158678299898 0.00038984025399550396
1	0.02061361559053611486 0.90535688793921598183 0.04047793526994752228 0.01758102608738335362 0.00743285923111833714 0.00508714935390408834 0.00345052652789496969
2	0.01308196466691387630 0.07472898043380900301 0.85383529865733198694 0.00771893549469310214 0.03302852074758303585 0.01341026836878417804 0.00419603163088508400
1	0.00000500603676671646 0.99986578263032843683 0.00000774116699577635 0.00011354178177802211 0.00000117621186868484 0.00000658752110283884 0.00000016465116178640
1	0.00218769799764839245 0.99503446228581748922 0.00078959808647766278 0.00044966496110827452 0.00005765911750414291 0.00145844431321500855 0.00002247323822920701
1	0.01007299078368956331 0.95692824614469851330 0.00259808705764947006 0.02355069217108008567 0.00422519491143609049 0.00182657249653214704 0.00079821643491364939
3	0.02577307682965640154 0.33656077277911972123 0.00194874831376994355 0.63184270670451891938 0.00277754065189100841 0.00049645799425145499 0.00060069672679284104
5	0.00137888274652940069 0.03881776170209492310 0.00168067308124154663 0.00022969389829002439 0.03571240448727217021 0.92043176645068036645 0.00174881763389186581
3	0.05084517127646812074 0.05304688297279366166 0.00284479561871183589 0.87350037940237879042 0.00393068964098079818 0.01469440111613593003 0.00113767997253085029
1	0.02871857845009597246 0.92968989234131871324 0.00511970107807577148 0.01104967325376253300 0.00598635206737653178 0.00864018263951119372 0.01079562016985932682
3	0.00190850532963450568 0.00298281044451679861 0.00014881495566654513 0.99421151617809611079 0.00025761918577363606 0.00018966337605973868 0.00030107053025281460
1	0.00687523951799423518 0.98861709085411253461 0.00024599073861909272 0.00398331055077051199 0.00003242615854695238 0.00006356539228873388 0.00018237678766793561
3	0.09517886289321986215 0.13718835492390998865 0.01159413648261816386 0.69246929122128808576 0.00661000587503863743 0.05602361149527256695 0.00093573710865240539
2	0.00281121402276589662 0.01024570048647956665 0.98518089220365934189 0.00140074396691681059 0.00012231271946227517 0.00010930697919787373 0.00012982962151943502
1	0.01208699863630927594 0.79103506182273941594 0.00274990274383815105 0.19223609702722416204 0.00017048114816640468 0.00124725020682882543 0.00047420841489394472
0	0.82220004271551372366 0.02138987421129044317 0.00427531706721731315 0.11105847244868045920 0.02139362014143017174 0.01063691767787166252 0.00904575573799628989
4	0.05528989901987487604 0.11003408737161622655 0.01759659490495991616 0.01955385170014984145 0.73900913109741084295 0.00479786795626294463 0.05371856794972570959
1	0.00347839838483153269 0.97102378314714443697 0.00791838021953499872 0.01109153864418166956 0.00343153524520850269 0.00230571195407086463 0.00075065240502719384
2	0.01335596972646361201 0.00556259265509486799 0.97200519515865313469 0.00558784593329361614 0.00105380060107655477 0.00152825608805702432 0.00090633983736122933
3	0.07186099518212805959 0.18515137426341460314 0.00635948332247268395 0.72607898890385014212 0.00005097163054048320 0.00949896231545956787 0.00099922438213421744
1	0.24943277094329660559 0.70479357111050666695 0.01031157872602419742 0.00969949050713409325 0.00812193088003829340 0.00195870387217231918 0.01568195396082800938
1	0.06032781358431485441 0.73358208216609566144 0.02875590343350145628 0.10182275074979958707 0.01880660583535639571 0.02620662206912717507 0.03049822216180578596
3	0.01608414786659626700 0.00844563690599624620 0.00959353766751171351 0.95286665592856778506 0.00517241240635266455 0.00180450234502918094 0.00603310687994544799
1	0.05209044140448568921 0.88862541283569007611 0.00639675891271046775 0.03375928631728997154 0.00428042281269848304 0.00442795087079434369 0.01041972684633099208
1	0.03516767075372532331 0.48425937681262526402 0.07983497491277856406 0.25994906603007988943 0.03517084722935330532 0.07927025263180059733 0.02634781162963699408
0	0.82967688240477754924 0.10783376009412869168 0.01470633632252238768 0.00300829186403574200 0.00374187312044969422 0.03914808435893347982 0.00188477183515215439
2	0.00934997330758832908 0.01140812542267263460 0.96048313257797368614 0.00717037029599065009 0.00393234045550494050 0.00557100165039216624 0.00208505628987860772
1	0.00094904587456800106 0.98512608080531116617 0.00175377131396828746 0.00050873060252246052 0.00010562215495993158 0.01134953682813237032 0.00020721242053839593
