5	0.04081485614254666550 0.04229930801945378654 0.00707260929488501104 0.03447101834739882409 0.02274177240857548632 0.84627039418102667501 0.00633004160611337977
1	0.00557355422461981633 0.98785839014980048045 0.00091230433934433883 0.00067943435642990840 0.00187030633367342588 0.00217182295341401691 0.00093418764271826018
3	0.00006239184548053395 0.00057700881752959453 0.00022713122948772203 0.99892728269841224442 0.00003195682371043516 0.00005955267743704509 0.00011467590794346617
3	0.00108614843566273451 0.00036759305517351825 0.00097806825383786036 0.99714168239565215135 0.00014225573637145832 0.00005350635441911759 0.00023074576888437116
1	0.00852807752317683715 0.97754878729863214915 0.00177094433949228020 0.00418200857482322642 0.00619892041521833900 0.00130003591609095391 0.00047122593256617926
2	0.00007362220904196659 0.00292635202689354133 0.98996169896306374092 0.00465909162993357901 0.00155849843253433600 0.00041394309935001330 0.00040679363918543436
1	0.00253477337225121698 0.81780955117453579817 0.16901006957135109032 0.00655917201838695021 0.00090778957180233572 0.00279820533133194561 0.00038043896034090698
6	0.00720333180910551381 0.00819739945052050389 0.00112385094268434532 0.00095871920352627571 0.00238215997561834437 0.00086758839275489249 0.97926695022579002270
0	0.99584431376664384050 0.00293207271083565030 0.00002662596546436514 0.00013745310961484089 0.00063989213666756841 0.00005400875324246495 0.00036563355753142297
6	0.00831515256932141220 0.00010434563482849712 0.00014201374223655639 0.00010272915342437165 0.00022790807087786280 0.00022403056612842965 0.99088382026318255758
1	0.04052603002613468230 0.89608901847942101782 0.02901970437140436246 0.00548892465663790817 0.00187600331746949579 0.01457436043314910314 0.01242595871578289386
5	0.00053121228497948877 0.07882385349382015072 0.00332166820861679469 0.00008375380139295687 0.00604326453117909768 0.91114119197463283584 0.00005505570537880350
2	0.02463926519916928917 0.04147068815406122072 0.84550055047411143416 0.02322373388380242348 0.02870859586570263106 0.02824597125713896803 0.00821119516601357020
1	0.01262193658957767167 0.86958641222669730286 0.02398349002693213675 0.06087005286981966162 0.02185697669387324724 0.00915587430339125097 0.00192525728970845307
2	0.00011516657680774167 0.06274172941047392871 0.93659076276184982657 0.00008089457862128644 0.00002117829988127935 0.00040499460589179387 0.00004527376647311503
2	0.00223879937261242277 0.10322482925655392105 0.88269644892731224939 0.00529248554827882727 0.00178362495035192361 0.00409534202102631879 0.00066846992386449043
5	0.03539090576986612252 0.05416624545494738013 0.00991054008839247630 0.00113360452829668599 0.00901343188007325442 0.88842017410841156444 0.00196509817001248779
0	0.85949988987498993076 0.02722761579611022997 0.00457194860753607542 0.01516414384401823176 0.03133613735381667043 0.01141860657828443378 0.05078165794524434895
2	0.00142676064820250535 0.00788279032362392516 0.94406769345739727228 0.00010039511012707124 0.01979826831115978625 0.00214658210037637709 0.02457751004911327627
2	0.00001347655390311314 0.00000553589464796269 0.99993213642832512456 0.00000453377881080537 0.00001511729396637111 0.00001272610577365672 0.00001647394457383383
1	0.00005478178495955544 0.99973408769911586980 0.00011802406375359528 0.00001351325255585067 0.00001252167936098329 0.00002064241093573853 0.00004642910931806733
4	0.00384978661653508645 0.00119591431993657264 0.00006392492129235139 0.00008975431327213929 0.99402210362620446737 0.00029172084453420893 0.00048679535822519462
1	0.00000930261469704192 0.99991900046940895841 0.00001131467301858251 0.00001454494209857436 0.00000413794645741017 0.00000969713354909539 0.00003200222077085522
4	0.00167684896445702736 0.00147256513446091843 0.00288466569013755498 0.00160093962757590510 0.98660322433450453605 0.00408911486212583039 0.00167264138673779402
4	0.00006520130315308720 0.00011243980956830006 0.00005823402641261715 0.00099874211690488654 0.99863780070924279553 0.00009181385111408920 0.00003576818360438862
2	0.00023991461603068247 0.00007879664104530615 0.99776571423811022399 0.00001782611740070753 0.00004802391853610407 0.00181484347097986840 0.00003488099789701419
2	0.00352175341882374508 0.00669582046793086756 0.96651778630937235093 0.00224066061068567543 0.00148296759572781036 0.01746366527305245539 0.00207734632440704841
1	0.01417004278473396779 0.94950484491560038780 0.00646595843170715522 0.01464017067778017496 0.00767327864724607917 0.00505922843152217024 0.00248647611140878850
2	0.00514179871039387431 0.41941163581053408915 0.50228794063172366169 0.04327996875130040583 0.00468486742771286914 0.01208355686786076466 0.01311023180047464140
2	0.00042403194349703018 0.00757474398564251302 0.98996592576608288816 0.00046217007311509967 0.00122164932697997326 0.00011355469802363483 0.00023792420665925718
1	0.00003876085071526503 0.99542032025896465264 0.00327353052582566445 0.00061547928542399525 0.00026373083233065372 0.00033438681865025126 0.00005379142809210263
2	0.00010995407285813687 0.00011834154048668049 0.99816411048610376167 0.00011451738955427554 0.00106840428451765944 0.00034223963365451849 0.00008243259282415016
4	0.04384207495863787218 0.02978397075059412494 0.03187624239974840012 0.03719291173330319805 0.82656560717534000027 0.01676118353082954940 0.01397800945154650115
1	0.00426837358785959846 0.90975135922529992705 0.02682008353737413975 0.01014135723001104855 0.00342179766379026133 0.04372919034081969997 0.00186783841484555431
0	0.83963472059905630562 0.09036174594155491069 0.00164128382127777918 0.00236472556861386891 0.05669335766198579929 0.00044267194974877870 0.00886149445776276967
4	0.00082986691378452316 0.00471499139157310985 0.01473456697912048884 0.00325700326081798620 0.95724143355950030987 0.00950459275372408409 0.00971754514147991216
1	0.01393989416863466654 0.94535927443004086346 0.00674930565527167951 0.01922295482981941153 0.00856767581391656811 0.00390347171002853417 0.00225742339228713175
1	0.00220312182729985638 0.98547334480155168723 0.00140259743128179674 0.00149081389510648623 0.00756536188978334818 0.00175451856204557615 0.00011024159293252931
4	0.02141242523154565994 0.03721832825552837815 0.01351867492291525252 0.02662963985560494462 0.88675123694166535504 0.00968568541601067499 0.00478400937672981454
2	0.00037012746697557902 0.00090716935812140416 0.98346664031288999475 0.00091196868242900868 0.00898682475337642291 0.00426090548042387142 0.00109636394578294409
1	0.00069112315018755519 0.99719578036138589727 0.00071508618985758482 0.00040109084984314274 0.00025162619795829127 0.00069853561240706583 0.00004675763835960162
0	0.99728668524806796114 0.00063968437912239413 0.00009052675770663446 0.00013161740928425733 0.00017454198724702421 0.00017333852600856124 0.00150360569256330042
3	0.00037292421413076136 0.00171416583242115276 0.00012931117383167104 0.99487639594558729961 0.00258678769777172333 0.00004220996444173375 0.00027820517181585387
2	0.00000131575813489240 0.00012287241368160584 0.99980144464824094452 0.00001585747798639187 0.00001105381884216909 0.00004081277197023040 0.00000664311114434005
2	0.00197995546512504334 0.00032811359464913190 0.99514409915450907640 0.00060801910754114646 0.00119063451786952687 0.00060474269666244032 0.00014443546364360747
1	0.02939409685605158182 0.93103505297785260630 0.00871813683502183946 0.01143766418323999973 0.00963456569876429761 0.00583845461260716538 0.00394202883646236832
1	0.00965950793498985757 0.94253340052822631723 0.00299563252228130785 0.03267327409102077640 0.00313522608326007816 0.00794791302526673578 0.00105504581495495108
2	0.00020707907980437238 0.00101635528749293076 0.99661618591471279327 0.00089454308884272954 0.00083277378558549214 0.00029515021558602965 0.00013791262797754425
2	0.00497617023294098706 0.13347307125709345632 0.79128388610783639834 0.05679380189218803665 0.00517207016585025277 0.00487493432320118113 0.00342606602088953724
1	0.02388434717412585631 0.96517342778083858867 0.00122471584402315966 0.00583043140328580022 0.00115717386569838716 0.00148294548477215108 0.00124695844725608703
2	0.00033605952991138906 0.00777237148236991585 0.97566204122963284817 0.00640490443633543946 0.00439424835319451347 0.00046988448004489950 0.00496049048851120167
4	0.00002290289103377344 0.00013409363656597504 0.00004408479164387616 0.00012389751067930506 0.99962490067541531769 0.00003695831085163064 0.00001316218381062225
6	0.01603053801476007553 0.00331928746001677270 0.00282504666986973813 0.00197994116384038899 0.00844741531366407714 0.00381664310421666242 0.96358112827363240349
1	0.02925926875817259562 0.86137262355178134676 0.00650403841752578062 0.08910031825298865560 0.00429188123651150916 0.00555175924522151396 0.00392011053779880644
1	0.00203443630152950854 0.90779314954162670936 0.01632209889964838373 0.05151869737102836300 0.00230511268250741799 0.01906327590694794488 0.00096322929671180683
2	0.00051637598799355992 0.00025158630432148190 0.99720341391025679734 0.00034332729550686419 0.00036325984226402420 0.00093303736125198899 0.00038899929840420354
6	0.11159845516098508555 0.00142776655201383830 0.00078545932486016629 0.00012820031266510965 0.00123727271941581141 0.00016190994317279037 0.88466093598688699817
0	0.93814023082386865937 0.01861092098428168695 0.00391638831400286866 0.01704209804742687351 0.00297457531389390580 0.00583625260422254450 0.01347953391230337014
3	0.00050252622745976629 0.00002807928262381084 0.00003157392358131777 0.99941024010537171662 0.00000733664079448235 0.00000498522352558308 0.00001525859664315797
6	0.00775202675180990900 0.00255959162731053333 0.00020283829701942143 0.00060415227985760784 0.00098280642434080807 0.00008541528494212437 0.98781316933471974284
3	0.00050776615077215213 0.00672771307126263270 0.00022772077224598317 0.99244302865852784823 0.00001107982915349035 0.00006116016460360773 0.00002153135343442054
6	0.01580726268351414013 0.00006323620911035226 0.00001712601194493318 0.00001459554405832305 0.00007839395589057644 0.00005110950303600895 0.98396827609244552626
1	0.00111659022578998175 0.98950431373409730718 0.00123172939940382337 0.00317063302763565197 0.00137751941658180357 0.00315036828056847271 0.00044884591592302635
1	0.00116158352156492438 0.99642458568597691571 0.00056235981991688473 0.00068093210359450893 0.00067114862776962187 0.00029222009020095016 0.00020717015097623944
2	0.00103550135971784869 0.12863040755688176509 0.86291335029844185023 0.00306105297940677387 0.00022665443767080939 0.00265190392072976126 0.00148112944715042354
4	0.01016958108813163092 0.03871630010521445037 0.03477079668219881098 0.00339540347830557783 0.90914214449867469803 0.00305354755031935063 0.00075222659715536285
2	0.02298514605287654833 0.00747694143470365325 0.89697788208266093779 0.00735159204130065528 0.02529967959167075259 0.03153017764668604450 0.00837858115010187143
4	0.43646118429180930098 0.01206245515832610193 0.00186410324969598089 0.00439208198711946683 0.52888722519728681437 0.00215978752425243945 0.01417316259151006445
3	0.00149427777408080880 0.00010842498650351900 0.00004495289156122294 0.99821485381246466417 0.00005942724920933012 0.00001061827867499528 0.00006744500750485582
0	0.97410190883282976593 0.00646106025181117805 0.00008277790494193929 0.00036845148615889699 0.01058067336659231431 0.00045819436766219299 0.00794693379000363867
2	0.06924416797363522336 0.00029687263366328330 0.91120201866144900915 0.00038984031031903980 0.00572215547968309927 0.00834637032175884405 0.00479857461949152048
2	0.06676470114584805160 0.00930354688968405320 0.89481032818575778620 0.00140834924462383717 0.00659031148676627633 0.00452152134823410098 0.01660124169908593073
2	0.00182930086932548818 0.00110227988771538173 0.90394920673412992862 0.00032896119760565684 0.00039667731925007642 0.09213427053704040248 0.00025930345493228548
3	0.01561328028592562193 0.00233903001352197409 0.00040742235392098898 0.97102793491049266272 0.00997876188496923944 0.00041671553924900023 0.00021685501192038464
1	0.00001050665533216446 0.99994049277060437220 0.00002404008127389153 0.00001672640753713038 0.00000300867727551713 0.00000442744663952101 0.00000079796133701692
1	0.02515249227675533938 0.86921672534096339202 0.01486205494339515668 0.07492805260700646786 0.00415579462651599878 0.00453729017585929179 0.00714759002950392502
1	0.00050462375152746856 0.99876353319365263062 0.00019075759642360259 0.00015338075167292583 0.00029399793763197125 0.00003506891837677902 0.00005863785071514012
1	0.00376386101044766559 0.95641777602899069599 0.00591891052278334558 0.02810070923262607268 0.00214956255077261051 0.00284249209075435657 0.00080668856362520723
4	0.00630694535736255057 0.06979719973142069211 0.06692253285398877538 0.00958414175664305291 0.76955744862963515462 0.03825874200086806787 0.03957298967008105600
3	0.00241457492484066678 0.01513108938670318891 0.00188815736137677541 0.97800472327880427770 0.00165919884383554025 0.00013929809946247156 0.00076295810497685620
2	0.02887046665989323815 0.03547159508068214312 0.80455947364169588809 0.04174620750309381012 0.04095725397053646272 0.03006243511866360171 0.01833256802543524119
2	0.00070291177031147787 0.00008539592614464694 0.99808468883157563933 0.00027018337094993376 0.00015100960567428787 0.00062938603790535941 0.00007642445743913208
1	0.00113117378451291434 0.99652731226962454336 0.00089378283379391279 0.00090712308984365467 0.00012629274248766276 0.00035133457618009812 0.00006298070355712499
2	0.00156472157930157268 0.00019849859482200561 0.99310367734267579465 0.00033763890751894912 0.00100207410905075751 0.00193328787740509509 0.00186010158922500263
0	0.95288317985166759438 0.02245651877630496993 0.00303386338771782001 0.00495094692454717267 0.00682150568765456204 0.00746889954884440588 0.00238508582326360432
3	0.00075676457531892840 0.00180207245373150164 0.00261884324621681997 0.99320091310948044327 0.00118286383974428901 0.00002622076953172330 0.00041232200597721353
1	0.01526018596159400484 0.92891481439323986269 0.00387199893812389517 0.02555296499293453413 0.01908102880436847448 0.00585464285092342825 0.00146436405881436864
4	0.00005896799174926260 0.00011025071389444133 0.00016358370892563577 0.00110418137849457648 0.99845633205036110613 0.00004513079544743683 0.00006155336112894635
3	0.00891418307094383154 0.00445292152644562005 0.00194959006205896708 0.97967894947052391874 0.00355160672895245234 0.00030290943920723668 0.00114983970186833574
0	0.93610564020586251033 0.00765806255589938836 0.00275087814699294516 0.00521138082633603242 0.01660522605895330822 0.00295623717569458520 0.02871257503026139815
0	0.94040189962090825482 0.02862188406658283668 0.00410146371960735771 0.00126193163785131603 0.00659334419115402328 0.00062664398343652977 0.01839283278045958370
5	0.00577796267530734497 0.05825920198065093897 0.02132074221790565549 0.03475387466630436989 0.02019296968103175688 0.83971787860262803171 0.01997737017617106856
5	0.00801104733880762809 0.05095951358708508683 0.01343711597099899423 0.01143268223260399639 0.00617414543622920014 0.90677145178961271466 0.00321404364466198675
0	0.98138317312251965863 0.00392648293836777695 0.00034495598937134611 0.00062247276852742150 0.00146330176363278068 0.00141993065919754618 0.01083968275838338713
5	0.00695284979544168180 0.06002417889639265203 0.00178573399109024380 0.00319443745134046549 0.00278701411757873710 0.92284798264017497971 0.00240780310798096231
6	0.00395693008095394233 0.00070863189035327368 0.00059863820091264348 0.00010806219688146009 0.00013826532546161951 0.00022290184000351451 0.99426657046543354124
1	0.00611672024909568589 0.99018570433444375034 0.00115395761267680919 0.00048083420020627980 0.00092466955609893408 0.00068113162935664110 0.00045698241812109199
3	0.00389484646982561980 0.05295408605811766090 0.00860199909653570037 0.90992261501759896802 0.00954750886891714626 0.01070973782788289808 0.00436920666112259465
0	0.99259396743988026479 0.00129442001101238101 0.00012930039978145417 0.00090901465274399772 0.00073207830317297906 0.00086210379815511743 0.00347911539525395681
0	0.96186287949846671630 0.00703666236178574975 0.00125667266027746521 0.00742008512377851856 0.00895156113857357300 0.00552723450755962954 0.00794490470955853782
0	0.95942168199442223742 0.00092008765748600508 0.00212594737962735428 0.00133953324998043995 0.00427991891617426380 0.00550231031046315676 0.02641052049184613656
6	0.07088944760429591319 0.03297995807136241270 0.02297711875819948360 0.00685030593205328536 0.00673074975443268848 0.00485835437279569324 0.85471406550686057635
4	0.00000643588930570840 0.00001769427546420660 0.00009735223309710409 0.00002380045700604932 0.99976438277884049910 0.00005211505343774785 0.00003821931284819539
1	0.00185687398285296979 0.97714949209312051970 0.00381381505832936946 0.00230111653165560037 0.00411787871831580891 0.01004557880085311418 0.00071524481487187318
1	0.00599932887135650340 0.94721620679432350087 0.00317040909056824378 0.02824758669396842600 0.00815356816728880253 0.00382333596212456770 0.00338956442037062836
0	0.94650081731389268391 0.02528129349006301430 0.00313114034051219497 0.00401154525404567430 0.00162591253161402274 0.00368911376473644945 0.01576017730513590634
5	0.00166577398839434570 0.04618541897856438816 0.00842345214268730436 0.01078316989463636022 0.01057981480328724390 0.92150074606081411321 0.00086162413161584275
2	0.00112787881537822383 0.02936954981919003699 0.96304023620201728573 0.00283608900814416023 0.00155721696392012248 0.00189405903898876601 0.00017497015236204547
0	0.94306210803773149465 0.04113897924483819052 0.00082624922183903839 0.00830175622134186712 0.00208574071132896360 0.00284838487954995915 0.00173678168337066730
1	0.00025877716808836941 0.99763150464375160986 0.00048935774732613538 0.00027442820376931653 0.00012377636424296595 0.00101508317170263536 0.00020707270111996464
6	0.00500591839938063169 0.00016953128200598118 0.00039049750637584280 0.00020568200318337343 0.04710646377606814844 0.00053585739137921402 0.94658604964160664164
6	0.01364449394489326145 0.05455218423121097060 0.01850898606758271531 0.00630400384243521086 0.01717883087997202490 0.00762571868337217924 0.88218578235053357606
3	0.26948922837170058431 0.00521528865612823963 0.00254550683683453082 0.70218857320709304748 0.00794466216759856861 0.00680825641342197151 0.00580848434722301080
1	0.00296624190138308416 0.92383215149687591961 0.00923788445222035494 0.05627340803337674280 0.00199706669513418289 0.00329049279743440443 0.00240275462357476084
1	0.01417164851043889971 0.96232894827135317950 0.00557035533380821190 0.00602712054968793966 0.00675289259549228821 0.00298470746175949226 0.00216432727746067874
1	0.00079209742802707382 0.99528544429795284820 0.00113222528405685849 0.00007193853363639277 0.00044927551395148625 0.00177587631985232260 0.00049314262252209129
4	0.01885352248085703925 0.09250535034359799735 0.00262126417175806729 0.03097208970011581727 0.82225757553202916128 0.00829288968774740190 0.02449730808389455339
3	0.00206127005925354915 0.00004383835303676335 0.00016136335186310688 0.99664804220603020468 0.00008600802973427920 0.00096324363671089063 0.00003623436337182030
1	0.00026191329807832560 0.97977596977471226314 0.00183913472472442031 0.00688238571521038785 0.00519482510741279754 0.00468780645592498622 0.00135796492393759020
4	0.00010493899388829518 0.00010056704478351831 0.00010658527396934783 0.00068670133382915666 0.99839990009511681013 0.00020884821763257613 0.00039245904077990176
2	0.00013649919455104386 0.00064330759083138563 0.99835760517577920581 0.00012112162582524562 0.00057837796135228167 0.00011702458712679011 0.00004606386453374591
2	0.01436372847677655148 0.01191120819298384891 0.91204518579560978075 0.01580172414302534120 0.02937838242593308544 0.01091112253097226495 0.00558864843469916630
4	0.00070032529153143063 0.02679720657430299108 0.02804836062092259941 0.00108286283436807374 0.77138136268048485000 0.16930133209246012171 0.00268854990593021944
4	0.00186603022284007806 0.01554534661435287048 0.01092637767505770345 0.10711064412078073749 0.85096668022441412926 0.00390339831767805246 0.00968152282487630411
2	0.00194379581914004172 0.00004673496369694172 0.99722348097490909336 0.00035316417021523627 0.00011375083346340967 0.00028514086061224496 0.00003393237796299687
3	0.00237391677693414441 0.00006851066238541160 0.00065850345629502895 0.99519151058772925555 0.00132574974134334867 0.00031853506026796027 0.00006327371504475727
1	0.00759277260253170706 0.87411679380095497205 0.00190817887353463196 0.00434116691008972540 0.07661158087552376317 0.03464293655477025669 0.00078657038259452648
4	0.00010748335032106281 0.00051498134476370150 0.00047348326277723272 0.00826169602561276084 0.99047078090971318876 0.00013200586027030772 0.00003956924653976676
1	0.00001963609479426152 0.99957737669509094669 0.00038080610674119279 0.00000734475390650337 0.00000188495392557424 0.00001112346978153690 0.00000182792575867822
2	0.03368532035332163360 0.01296271632300738906 0.86923468904156131476 0.00601698618475313488 0.03792558878099694386 0.03906469912088076507 0.00111000019547879969
1	0.01426938444682090620 0.94683739163764168989 0.00640409083682483195 0.01097410550190441175 0.00251240298683927388 0.01391530641591345700 0.00508731817405617352
0	0.93355090837264520509 0.00339408944805262829 0.00367240861128984844 0.00356826438495092511 0.00464058754508745071 0.00939012755101972102 0.04178361408695404483
0	0.81295485816935730838 0.12536195680483083748 0.00557061317300223957 0.03650498872943717249 0.00789611660250624098 0.00947191109787107362 0.00223955542299536341
4	0.00038232532124079193 0.03157674925388948006 0.00048209223290224522 0.00014787751096413066 0.95977046003286514697 0.00749512195474491029 0.00014537369339361476
6	0.00732169908133540031 0.00149948809736107579 0.00016176873392893291 0.00003061879995861473 0.00028040295808085935 0.00008091664907084108 0.99062510568026407309
2	0.02010608677770796618 0.03968183769943207928 0.68821314993481208511 0.02329216958711671781 0.06077328988628308976 0.11491325301060872910 0.05302021310403946114
1	0.00560816309166898078 0.99078179100156782422 0.00113264854965001343 0.00055813340581993727 0.00059975518961076968 0.00107802281964681211 0.00024148594203498433
0	0.97075598286250419644 0.00282747586868110738 0.00031150771267914160 0.02580927789035903502 0.00011198879358512743 0.00011774257056447804 0.00006602430162689697
2	0.00011765595841328211 0.00042704537349589451 0.99682271380748477263 0.00171143675883662244 0.00044348936812785777 0.00024349840665196539 0.00023416032699017096
1	0.00879126078562768309 0.98477053569390293752 0.00034887224208336411 0.00217147654858386267 0.00323517143694534515 0.00044403763649813717 0.00023864565635923761
1	0.00199585500373612940 0.97347817525007152017 0.00073649939022143790 0.02160631286832525796 0.00150116405251870372 0.00041259529825162726 0.00026939813687570907
0	0.82015314345966428000 0.02183979865747446084 0.00402068637615073457 0.12244200965442847417 0.00305378538766816650 0.00661496500316117661 0.02187561146145255292
3	0.00104165598128207215 0.02017457789086680650 0.00052212948171471594 0.97442085367233088888 0.00019459189117696678 0.00314188834085896195 0.00050430274176927934
3	0.04257285342726958854 0.00686241189896823721 0.00087598855789841157 0.94840447809499728304 0.00077813465921561817 0.00033812973797217052 0.00016800362367930824
1	0.00208177806841790009 0.92395683107924342359 0.04424371419054400068 0.00518755614610896115 0.00149679509498850337 0.01173720286616106168 0.01129612255453548222
3	0.00345243596036775473 0.00017371923990011892 0.00068779517915050709 0.99434223537433008566 0.00043086727047577609 0.00009401137430507724 0.00081893560147096789
5	0.00237936654368701723 0.00194586720687808779 0.00023289158122053206 0.00087495595769223320 0.00206389070938588605 0.99156877837271750753 0.00093424962841849547
4	0.02721980661973044321 0.00592469315566637993 0.01055553571437625911 0.00121225186706867198 0.91987893634485917715 0.00718871634897332631 0.02802005994932585398
2	0.00086062126076150917 0.00017025542253950993 0.99596622350643149169 0.00173133974822953706 0.00079769647519401898 0.00042461761697886298 0.00004924596986473448
1	0.00907130574951695544 0.96927739557526926273 0.00653047320916877450 0.01256472675069363401 0.00059564976477544768 0.00096767583561295663 0.00099277311496262315
5	0.00022294656369530491 0.00042584974435561383 0.00013439106685494279 0.00011098918433072164 0.00063121085221304568 0.99835601288900588379 0.00011859969954418519
3	0.00642773271162916902 0.04428850045847573108 0.00772595406707521273 0.93183725864328281752 0.00626873159175746902 0.00077641340995173553 0.00267540911782746188
4	0.06550019283075900201 0.01228589380533931519 0.00108986989406102534 0.00358998395304094275 0.91298273328539147897 0.00074984784198222840 0.00380147838942597677
1	0.00331801826060117286 0.99255157962379103598 0.00061998370518264812 0.00029117047130100294 0.00045819870872677041 0.00170076281523701546 0.00106028641516027955
6	0.00029214767004827813 0.00001306823764168722 0.00269699728381604100 0.00002260258523476686 0.00001754753233067890 0.00032373490719175553 0.99663390178373634232
1	0.00173346685737355726 0.97071209146294989978 0.00125476603360774380 0.00024582615226870582 0.02077115441486796985 0.00467258572917523922 0.00061010934975705910
4	0.06130690925917037931 0.00071881255084385316 0.00146675452823031801 0.00033674255852066267 0.71728044702149484912 0.00583090637582448813 0.21305942770591529412
1	0.00140192165513992103 0.99280434285851992815 0.00285085316432033076 0.00020025541018360153 0.00021519372805719881 0.00237021862723222525 0.00015721455654709631
0	0.90422733776259378580 0.01916538158723192498 0.00385722762078859888 0.03645883036232236418 0.00875666438118032076 0.01360360660281765763 0.01393095168306557677
5	0.00126689926315896070 0.00119199344849783644 0.00019049308588606347 0.00017508176914313110 0.00039337831616208024 0.99624122817402327446 0.00054092594312871319
2	0.00926260581672354658 0.01631690700032548472 0.91969280286150012493 0.01905076771375946096 0.01135898351645904178 0.00857881054058376273 0.01573912255064970414
2	0.00000820205767394749 0.00000507408607723775 0.99963149445491628065 0.00000680112748783339 0.00011826990709221722 0.00021962173442347470 0.00001053663232872026
1	0.01854158940282374032 0.97902347351591723079 0.00067555629327022962 0.00021784104055337097 0.00045172779305806097 0.00092176676603025873 0.00016804518834650942
1	0.00709773743657545093 0.83117320930308069560 0.11822226565060869885 0.00570118967550670066 0.02928968130743353840 0.00591121314477021601 0.00260470348202512022
3	0.05267218335899120918 0.02331478451497114371 0.00412574593884539823 0.91467964929077705261 0.00383555115058610042 0.00101975240614961206 0.00035233333967944752
5	0.00173167880039477146 0.00065865159982286033 0.00476417008256143065 0.02199962550462216532 0.04646773273143096905 0.92211236163498444540 0.00226577964618371406
1	0.01175552746589885247 0.85220553262835074815 0.01348579024592848168 0.00637768334192702867 0.00855759002278739210 0.04960445278299596694 0.05801342351211150744
5	0.00549673123164837012 0.00783990942004626074 0.00148331422764263511 0.00055099320712611384 0.00002923124679139550 0.98448540460999867108 0.00011441605674637338
1	0.00532050836880204343 0.84348270554452042802 0.00832836360505142745 0.06548148075005730262 0.00098024197182416863 0.07376852512518380922 0.00263817463456163638
0	0.89191684514781022219 0.02524565674397078949 0.00519625270062441195 0.01378117646005978456 0.01314294962773028021 0.00298686396024450086 0.04773025535956001292
2	0.00042629372161178704 0.01682794510717950526 0.93732963898150667426 0.00246777363898190985 0.02599537526233469675 0.00770862052674947066 0.00924435276163636244
3	0.00566465752984006941 0.00136446189204367544 0.00049796888149656910 0.99156528469451743479 0.00037179562819156492 0.00049422178643034271 0.00004160958748036041
1	0.00612774164056305477 0.98764863515101741775 0.00117632504696591812 0.00300358077260831158 0.00055569593528613287 0.00099488692972479493 0.00049313452383564771
1	0.00107220921732000310 0.99720126322934776741 0.00074119791944063937 0.00018567339074232402 0.00021777291425652484 0.00023338155077549594 0.00034850177811760906
1	0.00202954827468000525 0.99251363837118078415 0.00016622920303835398 0.00281278015767046042 0.00112657608101802650 0.00115624975631800544 0.00019497815609337347
0	0.78772976812077855069 0.01217848285527665768 0.00051772459512841379 0.00492364560445104123 0.13434057910286451021 0.00053716470730789825 0.05977263501419279729
1	0.09648843239111844217 0.68975096500368615615 0.01031371707801631218 0.00867548578663915673 0.00731964467376360842 0.16840731758458957201 0.01904443748218689544
4	0.00022212682777399348 0.00705461103891804903 0.00856184128415482873 0.01631447923482531870 0.96080955189895167479 0.00518399269529880389 0.00185339702007812027
6	0.00032792020304009243 0.00056673025164532805 0.00162979339914854954 0.00109166521693464637 0.03684181162295530054 0.00101696942661546686 0.95852510987965999778
1	0.03830384016778959344 0.72769326460756633690 0.12736350919600600284 0.05954283068817838032 0.02387163504854343185 0.01672308771233585109 0.00650183257958085199
5	0.00014470233293132565 0.00035550515659326547 0.00006177346071217444 0.00011383903339795026 0.00008716983430585150 0.99919488777709297711 0.00004212240496559516
4	0.04122424511511207923 0.06333142391871494914 0.01696566706302804484 0.03541548770192499973 0.79213660156824594605 0.00849194104243326461 0.04243463359054078232
3	0.00627309918235730447 0.00096175115290476443 0.00271439869987269607 0.98623563879078690597 0.00271571060907422560 0.00062110700544540419 0.00047829455955850195
3	0.00227939751130043760 0.00882607117916333478 0.00240968006309618711 0.98479586686941300577 0.00080599016310858461 0.00028352169186298629 0.00059947252205567818
0	0.95212855607917035172 0.00099113635742018600 0.00283749342827225920 0.00263067019058131060 0.02575271257372149791 0.00802663181456663571 0.00763279955626764133
3	0.00616943845120875804 0.00499044546810108701 0.00585574699195288463 0.96375425380359358574 0.01740230420172574760 0.00136979552125894382 0.00045801556215894416
1	0.01423298347878281835 0.90621359268104639817 0.00365060774907670403 0.02600314663448320684 0.04408026303007908653 0.00193900605251734405 0.00388040037401532738
1	0.00022041184310674038 0.98317910904727090493 0.00175404173225277645 0.01040190121498651629 0.00291275697194352378 0.00136672475632951479 0.00016505443410990442
1	0.01585482266773581214 0.89211495499829907008 0.00721604651206203020 0.06997170026283237865 0.00445759658272603613 0.00383634517131689048 0.00654853380502722505
3	0.00837871015364954723 0.07528030137218250095 0.03519893360871329674 0.79476548513551081854 0.02635600322550167227 0.00329386202471040283 0.05672670447973224978
0	0.85481863636937260864 0.04709500572002435492 0.01229408008494631450 0.02204890659212036669 0.01834534247048407243 0.01528896287916877393 0.03010906588388361643
0	0.97321960828360620788 0.00383250450422911336 0.00039768877195044762 0.01240935849779495857 0.00783507153957200934 0.00077860643952350152 0.00152716196332383213
3	0.03388137913411960744 0.03559868189357678903 0.03687584010779731969 0.82713362795448630571 0.02309638890632121494 0.01705463807135020049 0.02635944393234878128
4	0.09093523052698504472 0.00745008349476915070 0.01732557094030614392 0.00592272905616273316 0.77876674251459387932 0.08524382750124030739 0.01435581596594298799
0	0.92696973762233125793 0.03008856000277803505 0.00923839541360528885 0.00770406325130054172 0.00189119511322120588 0.01667375872024402794 0.00743428987651955416
3	0.00128972165753573459 0.00184378249822595135 0.00012768365602316495 0.99640597670522446094 0.00012506381989355322 0.00008139886721047584 0.00012637279588605403
1	0.00452006572831206883 0.96092225374313833264 0.01754592551812543186 0.00390674773381117623 0.00475904164787049801 0.00602901519686358574 0.00231695043187869374
6	0.01301767797972853621 0.06588311339773507413 0.02349649213364867276 0.08201285257875408352 0.01303484485224621139 0.01274907290212051736 0.78980594615576671380
1	0.00007181517115387126 0.99894295081412942672 0.00054847500372115477 0.00003636591268085886 0.00003009055619477991 0.00034651797167171641 0.00002378457044767418
5	0.00462814063706115057 0.00135841075604029656 0.00609298862308675897 0.00107338950323020328 0.00218368163000944330 0.98431679238731983883 0.00034659646325249703
4	0.00000037496931939640 0.00003675873015668369 0.00002545783148482970 0.00001397573157276373 0.99991956315254004739 0.00000238603314909752 0.00000148355177860922
6	0.01729969316609327595 0.00144430974033899471 0.00067304740994616325 0.00020544800557255024 0.00466745593066767231 0.00658088565959808088 0.96912916008778315913
2	0.00001917979881497544 0.00001387898035918115 0.99957447219189277110 0.00012846527882652550 0.00011201667365902740 0.00003823395286552045 0.00011375312358255433
1	0.00072878400259469790 0.97531298788228526497 0.00995418083946729426 0.00617580755949515524 0.00192702329065863641 0.00529857214195569338 0.00060264428354312707
2	0.00066182637092795048 0.00179910004423299193 0.96591347226211177190 0.01814945087913909932 0.00043050640063432036 0.01220487571052037215 0.00084076833243337671
1	0.02087196155667540506 0.84029272013857603252 0.00917706391564959874 0.07781343523004104201 0.02445617131864249658 0.01452147762125160883 0.01286717021916350054
6	0.05586564058194008059 0.03756124899039809534 0.00218132358842781666 0.00708668692949267383 0.01254448139544318309 0.00297850044925927586 0.88178211806503892234
6	0.03892829246452594177 0.00063530695925544513 0.00032259425099228657 0.00000898397967889555 0.00037604189094163619 0.00005656517240083146 0.95967221528220481019
1	0.00012206665579125869 0.99883376259908407402 0.00064572265589503311 0.00018721801447033355 0.00003924441727438168 0.00015526901685545814 0.00001671664062741339
2	0.00147464808753288356 0.00036232725691238721 0.99383988567523540159 0.00096016444937985690 0.00180650903004856301 0.00070113680291694581 0.00085532869797355583
1	0.00003917914804602462 0.99989158051741489075 0.00001354235373897087 0.00002537794463373111 0.00001523672124558597 0.00001368562379083379 0.00000139769113112069
2	0.00009966591116340025 0.00674404694598326315 0.99048054488813530583 0.00003878310492501881 0.00003703650602786709 0.00253750160188029924 0.00006242104188518372
3	0.07352017754792515569 0.00527995353634122967 0.00032863152864492093 0.89758835280039339644 0.00422911834108849732 0.01803085992329827095 0.00102290632230880949
3	0.00435723917222203064 0.00065592180614024121 0.00070829154047560654 0.99393031061573944296 0.00016953486839914902 0.00015113940660054688 0.00002756259042367106
3	0.01216955635679365863 0.00699612504492569919 0.00705197348159566136 0.96886615729101421834 0.00260942817914778559 0.00093396860511683031 0.00137279104140522728
3	0.04314468259439103309 0.04326909837596840808 0.05421054754876490633 0.78334948283135019675 0.03852307714395446225 0.01583134176044392882 0.02167176974512658241
1	0.00015107722423830921 0.99917739105757319429 0.00028423631987191936 0.00000248643104701941 0.00017598416904707908 0.00017906096502001690 0.00002976383320328865
6	0.00593435853822094246 0.00516859922247446708 0.00243253255343811895 0.02530280464437846891 0.00844489679172473993 0.00208531682726745054 0.95063149142249558921
1	0.09214676282068130775 0.66643429250707353351 0.01970817603625443087 0.15825060860058484669 0.03900644456106715230 0.02048200182317215165 0.00397171365116697015
0	0.91589353482479163304 0.07082550143795993125 0.00004829637592093646 0.01267332545609721993 0.00024792890270188261 0.00016507414301202987 0.00014633885951629747
5	0.03771430846548322335 0.01479280285735232528 0.01255735754421765694 0.00777335871553191688 0.00032650611010433863 0.92318171177893360024 0.00365395452837712553
1	0.00424935453601899688 0.98572452203133376081 0.00057840556868719861 0.00505108871556370857 0.00201329568772313453 0.00216293187062001390 0.00022040159005306585
0	0.92474355955002673912 0.01556022836639824915 0.02824381212220283474 0.01818858707325488738 0.00408307590889682524 0.00535728602913280658 0.00382345095008748779
1	0.16009636286737935484 0.64259025346788301025 0.03349643543597883438 0.04510184195100004623 0.06792511687240125606 0.01419385054589962329 0.03659613885945812300
2	0.00120754076580883887 0.00624975076407300201 0.97671748819648573914 0.00398767074746740439 0.00559414107159702037 0.00485557867536182217 0.00138782977920610647
1	0.00526025587710934276 0.89956896564509825076 0.01641992430905788933 0.06803013264869731125 0.00448592549335599406 0.00455028431169296477 0.00168451171498794675
0	0.82683547430216441931 0.02705754533274591297 0.04285380119454266362 0.02190730474104515477 0.04547591166944033036 0.00674792663890822712 0.02912203612115337251
1	0.00041621970353454898 0.99834733514729756543 0.00049947627217248756 0.00037604549367370774 0.00007290529532536833 0.00023732393672375870 0.00005069415127261044
1	0.03906185231885715009 0.93185787713106515984 0.01060959072286353846 0.00146077831722992465 0.01070435657735382788 0.00300796487405377783 0.00329758005857635692
5	0.02069358074752142285 0.00131456160988880407 0.00011915124535733547 0.01763847515193089216 0.00057206455791776803 0.95904382704769985946 0.00061833963968373901
4	0.01033916527580856434 0.00228819653523252165 0.01789975323662683013 0.05049722233961081996 0.89023793640733028809 0.01900252435652081268 0.00973520184886986044
0	0.92243282809312499015 0.00957192346508893219 0.01787809030212628505 0.01177136119854342404 0.00943460332543831319 0.02236762207496275148 0.00654357154071547042
1	0.10013372097075338985 0.47446162076285702813 0.05893255853071702882 0.22402558983565951101 0.07137970807844233601 0.04168504733424485686 0.02938175448732573483
3	0.00576090261149959579 0.06806806317464692002 0.00256672942534925692 0.92151312610936875203 0.00079830125481926406 0.00033378625509020924 0.00095909116922537202
0	0.99830509487936669455 0.00067488170164924424 0.00005257225224231796 0.00030115836738852904 0.00008630378057277897 0.00027976260819021745 0.00030022641058999577
2	0.00042248658148676951 0.00379332020716510558 0.99255383570372346380 0.00122608171303678409 0.00063618197779516622 0.00042931485216121830 0.00093877896463139855
1	0.00001279166251310745 0.99986063843528016903 0.00001992300334932186 0.00001954936024213793 0.00003622323075471940 0.00003724552184052349 0.00001362878602243960
2	0.00001314480275719626 0.00005203506623307948 0.99821632262320403317 0.00003600748798379296 0.00090119973938901788 0.00070118123959505175 0.00008010904083917541
2	0.00007149957591279429 0.00007686447079915765 0.99917690963542937777 0.00004419476215534213 0.00002346289358347360 0.00057223393969383762 0.00003483472242497297
0	0.94386313747315953027 0.00471119382808337858 0.00502409561035726919 0.00585626445464908999 0.02246353965194992225 0.00077976561241504671 0.01730200336938555669
1	0.00258871164566924685 0.99057009544992091765 0.00053803133875954354 0.00154510232830163958 0.00267827685372713700 0.00113843157555861300 0.00094135080806202385
6	0.09571154598690545523 0.00101671749579950572 0.00293468250950398033 0.00045051432579479035 0.02157594229145095438 0.00105015140839836117 0.87726044598214691916
3	0.00753915483390041503 0.00169110494490333886 0.00349200685941928376 0.98250458765788473148 0.00337644473865459727 0.00104264063899742036 0.00035406032623997824
5	0.00126292182612796223 0.00109293962716635880 0.00439472932882213011 0.00003828436542694616 0.00036106342178907872 0.99274883386142032116 0.00010122756924795773
2	0.00105590793609964032 0.00013448495353437351 0.99575846803796397300 0.00022556621287124335 0.00207733328292080679 0.00061990282497322198 0.00012833675163581037
