3	0.04539380372685137416 0.16774502350400491424 0.01576602447709833654 0.72295229457241483306 0.03054260660059942428 0.00877761875932448962 0.00882262835970705657
2	0.03857078836335847000 0.00391359107485325392 0.88308921405489559930 0.00009198831031767385 0.04470809812918271481 0.01927301743841570991 0.01035330262897714987
2	0.00086546681796727178 0.06186061475085759959 0.88821498838950008192 0.01283062282934214343 0.00619316797087375148 0.00571142502652616495 0.02432371421493157229
4	0.00002253652900524164 0.00000072197626407556 0.00001250813148240046 0.00000511557465405932 0.99980119510417608808 0.00013175330724528599 0.00002616937717473636
4	0.00001166322989837612 0.00002723014670097084 0.00001508936707113890 0.00000907951943267807 0.99986339937964929803 0.00003548043164827124 0.00003805792559987925
2	0.00011216821614454123 0.00045171073484672668 0.99402015308941127358 0.00011111434906306535 0.00296213153478529830 0.00206834079227899903 0.00027438128347031452
1	0.04025799896909422471 0.86157503584259098606 0.01999958642498325667 0.00704331477681513930 0.04932074011780081951 0.00297750727658131591 0.01882581659213401065
1	0.03289617437843922465 0.93647973823430163964 0.00623775274191309004 0.01243913830299424490 0.00335661614925346526 0.00748321047787132900 0.00110736971522704662
2	0.00178194264989264438 0.00463196607056404110 0.98922471214405349738 0.00009622604238873432 0.00271418323764561781 0.00020021642006123869 0.00135075343539417850
0	0.89955788241531775551 0.00856628538099430195 0.00231748982687082251 0.00661130202058583544 0.00938953318894228395 0.00638147304342339024 0.06717603412386574657
1	0.00620470022897176565 0.66358714206848767869 0.00060333837623460904 0.32251266263297700965 0.00357456239422517235 0.00012091622097151175 0.00339667807813158430
5	0.18746566040694273569 0.10674859800093780549 0.04191759667707554982 0.04324019572697859748 0.07658702285116969488 0.47372633795169621918 0.07031458838519936971
1	0.00052445224253712213 0.99589002957120043025 0.00084671120284676509 0.00171382138838335231 0.00006682793281065896 0.00083218254722395972 0.00012597511499875481
1	0.00464001017987626229 0.99483905942932371325 0.00044266120731527970 0.00000095734783031096 0.00006184844260678210 0.00001068877609038991 0.00000477461695825069
1	0.00030166617577559159 0.99844965515488759422 0.00044413803784447279 0.00049508958364739744 0.00017121790373720056 0.00011235222551936243 0.00002588091858735612
5	0.04243091722874887950 0.02810214275313702506 0.00495306340064188139 0.00534926265251166669 0.01009023687617482262 0.90180493353173829529 0.00726944355704726465
2	0.00016954805209013084 0.00010045257464833661 0.99867387885577174611 0.00000518693952322987 0.00060247773784327099 0.00033400885603529387 0.00011444698408862439
2	0.00000121672592024900 0.00001691344527264672 0.98758096284708574153 0.00000016713208626625 0.00001796548606311877 0.01234912625249581959 0.00003364811107575178
3	0.00044744581681586574 0.02090255074396756355 0.00467607397404008057 0.97234068732430034565 0.00045240052983438491 0.00055577764561967071 0.00062506396542195367
1	0.07157956162972060887 0.61531855650677347302 0.04561434866937805199 0.03837063635416550211 0.09671838927128227625 0.08343149407556134378 0.04896701349311886886
2	0.00009593982401929173 0.00177177938055728644 0.99755173898138516098 0.00004276948539333471 0.00002366459835491560 0.00050184641979401045 0.00001226131049586649
1	0.00446012019242751547 0.66278251211300331924 0.00320142956017835378 0.32113365022361556322 0.00097346938780550735 0.00567466950535566641 0.00177414901761491846
2	0.00677562375519247251 0.01412471393449297487 0.81607435848774967369 0.00214046637343050673 0.14913221184219899174 0.00767180036662159538 0.00408082524031390999
1	0.00203997563793108846 0.99174798670175423609 0.00084516007995362539 0.00030561418092339801 0.00136849408624880459 0.00354171394419687882 0.00015105536899181739
3	0.00068567592404668873 0.00160544241503890548 0.00009444197914522932 0.99759352296400194415 0.00000271324062005971 0.00000281949493314252 0.00001538398221479314
2	0.01626281354141961497 0.46074853850277258660 0.49051405276114462550 0.00250275009797186389 0.00827401244446217266 0.01811225125665565094 0.00358558139557328161
1	0.00090396313132931302 0.91332397628570383130 0.00013290712172771567 0.08546835946187796018 0.00004376673774844380 0.00007542013876838350 0.00005160712284428228
0	0.78643245604684008931 0.06735454437764132329 0.04849452540985181581 0.02900963799606955107 0.02757608626075945188 0.01581551217079964211 0.02531723773803793223
1	0.06214782498221847057 0.62361018604512530317 0.06516117970063736720 0.03708733253406145541 0.12313650733550483840 0.06306976643334538668 0.02578720296910708490
2	0.01306987867627477061 0.00471528082456892320 0.93507794794825949136 0.00030127841760432838 0.02990918551467325673 0.01388934374994081969 0.00303708486867725015
2	0.00121766290630620933 0.00024196134781798989 0.99216058274390350746 0.00012728445689114294 0.00537133839768806284 0.00025118051202422791 0.00062998963536913444
1	0.01203944332573860312 0.93457180818676810485 0.00709433007475660047 0.03454683689051268186 0.00275359913704957939 0.00830028761014213294 0.00069369477503187604
1	0.00309079701966879887 0.98408325397055318451 0.00850473638856526735 0.00311046530428386652 0.00050804359122434174 0.00040733004541545738 0.00029537368028881435
1	0.00014273059355320844 0.99810123420105156811 0.00092304374994198733 0.00011096036384799979 0.00013596683739872892 0.00048552394464085525 0.00010054030956509805
0	0.70909833158961999011 0.01072432882199885959 0.05526681512969405102 0.13120148992241248420 0.02801573978162748974 0.03817900242481912093 0.02751429232982802869
4	0.00425771570529495831 0.01226419726647553707 0.00414861632488624198 0.00169435691669290751 0.96629316326561154327 0.00846325674444508430 0.00287869377659325442
0	0.87867317133717293132 0.00628040980750171115 0.00006470156072925777 0.11362847509544207747 0.00104897502061386083 0.00000305676517710608 0.00030121041336319588
3	0.01959777315024295238 0.01756282620188353780 0.00072263702427757240 0.94795018058067448408 0.01145055076758412158 0.00055330679958132665 0.00216272547575608546
1	0.02667964740040704510 0.96296148197661235457 0.00154123546301848722 0.00719798951199486330 0.00027562241796214401 0.00011758959228119677 0.00122643363772409670
2	0.00009350250926823811 0.00060772976211042609 0.99695803748822220403 0.00001777623233777721 0.00016215260688536294 0.00213464300725502674 0.00002615839392279912
3	0.10016033706938119729 0.03357609026562397708 0.01159946162377392329 0.80968540101359920413 0.01595147074702516626 0.00140325776616476942 0.02762398151443146502
1	0.05622394248705236269 0.85767798241913084656 0.00616240442320345992 0.06663507026250843623 0.00177063131160505594 0.00447477596264267505 0.00705519313385705518
5	0.00115689174498151133 0.00481804588561553313 0.00481520865643411070 0.00012913671617779959 0.00629926388811249439 0.98259332702196189313 0.00018812608671683976
2	0.00012054585929462000 0.02178246426867231841 0.94864191378591633530 0.00012565153077606888 0.00094583013886878305 0.02836972632458244561 0.00001386809188939230
2	0.00017823403593412440 0.00028360856314653995 0.99850787602248058938 0.00003698280863294633 0.00036715727374077740 0.00059508948308215721 0.00003105181298301506
1	0.07061465572238630195 0.86604688302544585721 0.00064296755663770916 0.05776379826468505674 0.00293848210201414200 0.00087941025870624443 0.00111380307012448718
1	0.00555955794701980342 0.97679747969452956902 0.00609378322349574640 0.00899691423586102337 0.00076011486815474644 0.00043185140711535680 0.00136029862382272375
1	0.05737752168438585432 0.91720231642379723702 0.00169279144060709434 0.00235400659037907642 0.00119188742900922765 0.01872939973194222285 0.00145207669987943355
1	0.00033149031842843102 0.99594629252056310342 0.00212434291441582690 0.00062086268566542788 0.00078324880470527838 0.00014867326570380666 0.00004508949051982370
1	0.00651084433697728202 0.97760219691633476469 0.00086378060514361217 0.00210178466428976706 0.01192034804313596603 0.00087982640128359566 0.00012121903283510603
1	0.11051806153042209591 0.83449508649346704203 0.00007214436842384219 0.03704582350825608161 0.00921411665038989088 0.00018363276505892542 0.00847113468398237070
5	0.00448098249786927152 0.00489921660499929943 0.01494358140723369907 0.00198084507565623449 0.02169437243772413815 0.94644216441233675052 0.00555883756418089521
0	0.99693954016189390011 0.00067286419782562753 0.00002452018839102088 0.00221027934811558486 0.00003467968653046374 0.00003432328038021750 0.00008379313686325204
5	0.00897483961580808169 0.00030354100283083854 0.00137170232832437380 0.00012237175096341238 0.00386389407598268075 0.98444556545419703575 0.00091808577189339807
5	0.00002614780728430464 0.00161904908044998024 0.00959283322720381505 0.00009513135396400894 0.00136130485000956450 0.98719366087725279879 0.00011187280383556270
0	0.92117058296235410086 0.04670806826611750839 0.00308834735763673660 0.00607060727891967251 0.02200767739295884581 0.00012906387726842021 0.00082565286474483820
6	0.00516640660461507688 0.00060031416955358776 0.00106216204225857876 0.00460918972253581988 0.02396873755940511982 0.00072964990913580328 0.96386353999249618774
0	0.89247675464758569053 0.04858961256089040781 0.00264882894479312242 0.03335867202273238435 0.01399911078364688907 0.00104961935445653867 0.00787740168589501355
2	0.00010567111033166953 0.00039858436727082145 0.99872365063248313977 0.00000874932882563355 0.00008368357107161786 0.00054416771850407299 0.00013549327151288264
4	0.00002988335896758496 0.00002767806299608946 0.00304790645516375995 0.00060740525141149177 0.99610704448491316221 0.00010557396542442462 0.00007450842112452379
6	0.00031357896418835021 0.00310313253837435094 0.00029906676032588657 0.00008487981536197435 0.00092013560988499438 0.00003554691940608955 0.99524365939245862389
1	0.01369656658259199924 0.97918369124220938637 0.00055287500917317771 0.00026963293127816988 0.00019948116220427529 0.00600128288750336261 0.00009647018503965134
3	0.00022864030837516124 0.00982963170518202575 0.00022714810223804587 0.98937551519447519688 0.00008563446767885531 0.00004007291803730805 0.00021335730401348814
1	0.01206656047633043738 0.92441617380381135849 0.00537029722654055932 0.03491871197847206537 0.00567938394835889020 0.00767730427873202382 0.00987156828775416842
1	0.00050196898813849712 0.99503428988093822749 0.00081838676109160071 0.00006406088851147444 0.00017561785474216752 0.00309934437771985840 0.00030633124885800681
3	0.00423056834924760011 0.04079242334095404404 0.00244329927944235761 0.94360190171805957693 0.00311449407664807438 0.00128171476609310821 0.00453559846955488462
6	0.00793087606716563059 0.00281909878626995921 0.00067470732684043067 0.00269519412185344372 0.00328978787878803211 0.00011362349604518582 0.98247671232303690481
3	0.01565998647203917932 0.01108078002395063676 0.02434419202142869970 0.85788603914914818294 0.05053303571640886671 0.02611168370351397636 0.01438428291351124232
5	0.00008489092059852959 0.02721932922471163863 0.00088446142194042695 0.00008529794812595808 0.00114710388045388429 0.97052448202194219196 0.00005443458222681738
4	0.00002266054385025729 0.00000471434899420098 0.00003874084362690934 0.00015258382179277974 0.99944198558973174062 0.00000098495433815134 0.00033832989766534376
3	0.00060313788992508968 0.00762416800692537755 0.00003991750757178357 0.99076972117184280986 0.00049745478332744331 0.00037443697747891082 0.00009116366292888436
1	0.00338193733192404446 0.96945669830150060786 0.00341707152988884834 0.00160961239845449299 0.00044539825374090378 0.00198799351433830932 0.01970128867015329480
1	0.00113042029055165244 0.99328207173493254789 0.00058719284228197566 0.00349164256389984575 0.00006444809638958464 0.00122727346426867133 0.00021695100767570263
3	0.00030358028082736773 0.00690713682830658166 0.00012707295556719418 0.99180520697112883877 0.00040493459823813435 0.00010879925306811178 0.00034326911286379838
0	0.49897611748527770370 0.09439882703168123168 0.05171561702730834847 0.07733290790806729431 0.18086930905709330819 0.01559955036320036063 0.08110767112737166107
4	0.03834293333505314760 0.00141146658838914286 0.00156802248437013826 0.00133149485323368110 0.94861059872732078624 0.00001554548581548911 0.00871993852581777473
0	0.83432061910020360873 0.00683094765937918794 0.00553639598647800383 0.14978382539590090472 0.00184078164417873324 0.00051459565049792372 0.00117283456336182159
1	0.02816797272940290905 0.75202990389155910389 0.05457424781789967094 0.09474087143082374207 0.02989788260369931339 0.01877638814985714902 0.02181273337675797286
4	0.12856963906159382671 0.09488518367569104273 0.00370952928650372530 0.01024988920181696059 0.74111296608889221105 0.00357430086784824670 0.01789849181765365907
0	0.87676538396045755608 0.05379333397215631252 0.00091820838227646732 0.01146864683899985124 0.05310182246113163279 0.00207539763270407412 0.00187720675227380659
0	0.91267361676225067235 0.07031432432389506104 0.00004672389917790068 0.00101764739036478346 0.01177778135894612561 0.00000838592613690703 0.00416152033922866701
2	0.00000855761486717265 0.00032967955896507782 0.99854562922506917566 0.00000758550838067808 0.00004873964495602160 0.00054494835091964194 0.00051486009684308326
2	0.02286733491782493369 0.03368650497754214351 0.91464536453328926235 0.00713823814426305277 0.00817887428018168605 0.00419491539341441434 0.00928876775348399727
3	0.00829930362846932786 0.00666921447211699624 0.00003910948199679449 0.98430788720629458499 0.00015594618232377193 0.00008688965612088431 0.00044164937267794982
6	0.00404981608840116608 0.00013784365757297460 0.00009304654698489729 0.00001101449123758866 0.00237679983750871534 0.00020700712448878874 0.99312447225380551252
0	0.93553696075188452763 0.00322658320943136753 0.00012026296845471239 0.05890642137583848581 0.00103080252673556092 0.00001016853093090627 0.00116880063672423974
5	0.00010661380836130917 0.00000230746481881875 0.00009039426356399330 0.00004038194761812671 0.00000940676679962474 0.99974006415712401985 0.00001083159171363439
4	0.00320802124647712617 0.01607006827681232639 0.00082238028862007667 0.01034153909393901484 0.95874327139245230089 0.00988293923724531571 0.00093178046445481033
1	0.00322235350523913597 0.98653134692654098625 0.00104015227656687002 0.00485105722180257173 0.00054584483209315900 0.00326423713518576592 0.00054500810257190739
1	0.03103734239063379169 0.92132101910992136862 0.01369193255369101359 0.00501221716720635230 0.00389377825680439727 0.02110058804046076320 0.00394312248128235281
1	0.00458558886747625471 0.81768966415427746242 0.05268853994634753457 0.00960885494550657061 0.05314429448506422654 0.04329651398634162818 0.01898654361498672977
2	0.00021776185859250473 0.00065629106968140120 0.99387200633772920799 0.00000545126684325170 0.00026583923969896556 0.00425933457359501267 0.00072331565385886374
1	0.00695081485950241329 0.91827150876669971780 0.01019869689826632952 0.05150593924949912333 0.00183457374055797295 0.00919681042110204877 0.00204165606437284580
1	0.06607730719999520275 0.80577348886965383112 0.00075798293885587361 0.12385545676955925232 0.00282587610575069830 0.00010774631805659354 0.00060214179812811020
1	0.02359064251710190144 0.90422101451614711465 0.01772700711732891690 0.02625592671893785951 0.01484004058389428241 0.01118626203884853267 0.00217910650774094617
6	0.00592965378712001934 0.00662072385706833667 0.00098443352871998061 0.00602560168327664122 0.02608094236498298066 0.00229198965247539395 0.95206665512635635373
0	0.77518501602013079044 0.05118880775341987793 0.00229924361642288569 0.00547376345372581775 0.07442591873558296323 0.01294776937219503481 0.07847948104852274509
1	0.14805731368127800218 0.75849510346172510644 0.01267821405046110246 0.03512751661558650984 0.01922575716881013905 0.00192879171280802854 0.02448730330933100371
4	0.00007828213831905869 0.00039743258106080659 0.00037147468176313363 0.00008750499505758964 0.99848529467097968393 0.00005998652370429414 0.00052002440911402142
1	0.09236528457157096306 0.76409956164802983469 0.00639215107084115455 0.02305017686162042639 0.06952624334606950784 0.00653284346516941512 0.03803373903669884926
2	0.00001151369227148687 0.00005905048337922542 0.98753278430623470108 0.00000115667113958095 0.00889670392666923500 0.00329295180207670119 0.00020583911822992076
0	0.97082527246640848428 0.00130630139325871634 0.00001189193406095066 0.00049783248064160369 0.02641109306625778405 0.00000685230708574997 0.00094075635228653052
1	0.02234636006561561972 0.95095492817385274265 0.01869198470313688729 0.00339342650354620447 0.00065059102113364795 0.00367258780934839012 0.00029012172336643062
0	0.99018259227911020748 0.00484881277688061808 0.00019409824442216547 0.00020837165107641940 0.00225192768681494251 0.00006069428637126172 0.00225350307532438043
1	0.03573106832807172728 0.67643049383913944617 0.09727411819903999946 0.08398514865680097030 0.02187375658640124468 0.07419443187278169927 0.01051098251776518173
4	0.00002197908480841884 0.00004744555713729935 0.00070288234899609141 0.00034897144935889591 0.99869939234177995679 0.00000513052620912577 0.00017419869170976163
1	0.02457415515612996343 0.71083865417958369548 0.03119834663267991720 0.15228670643462535739 0.02863065240347515555 0.01428430981502890745 0.03818717537847751003
5	0.00048655498110817061 0.00005471675223042131 0.00149627363196733329 0.00002687854023450073 0.00040577387329351379 0.99748781439415956651 0.00004198782700630260
1	0.00140482342011479032 0.99748420756391908970 0.00026309903026382485 0.00039348445420377668 0.00033050524748492050 0.00008462728528317215 0.00003925299872932600
6	0.04828011763097964787 0.33553228717343563936 0.00310689619874230218 0.01468142664624259332 0.01225131196984628051 0.00258149628484002913 0.58356646409591361735
6	0.13725940958528917712 0.03509475909104747132 0.02820667694882041804 0.06925796143525553283 0.07608989090993323323 0.00764723366998382517 0.64644406835967027636
0	0.99916391470832111033 0.00006298843939804901 0.00000497874628862098 0.00007949161383612330 0.00060017778261678867 0.00000264238607866256 0.00008580632346031913
0	0.94676327102700330585 0.03513673351806521211 0.00108294215813134411 0.01034666580902944555 0.00415758133967953671 0.00041273165068754909 0.00210007449740352110
4	0.00606376607602727470 0.00349634412968972703 0.00271913185156327699 0.00173055256215780772 0.98313194588758812120 0.00064140952440904235 0.00221684996856402272
1	0.00387773752107837795 0.98097880165104689443 0.00065469907457887076 0.00278901847297125926 0.00090005101672586312 0.00939812286969466879 0.00140156939390449113
1	0.02646994720587681274 0.84489356256016590052 0.00337395288829808520 0.05842319535289781235 0.05609562934503628528 0.00126338047742963330 0.00948033217029589127
2	0.00008740221706191841 0.00024703838492048333 0.99808260366775325423 0.00002314905259093648 0.00004775903534419546 0.00105764634155277215 0.00045440130077690382
3	0.01327469892643583400 0.06253435263453589743 0.00232862147323636276 0.84995547753697187066 0.05046712532673140045 0.01486876827397424009 0.00657095582811466003
5	0.00255606282807855929 0.00058355221045821594 0.00276515417288675496 0.00006423798200663271 0.00141118741803892959 0.98985020900873132987 0.00276959637979895101
5	0.02422549776639872435 0.08428747502744989017 0.00510610601021511609 0.00463450784275946590 0.00103611701128237112 0.87977063087405860120 0.00093966546783632590
1	0.00623088795491528492 0.99260546993624299006 0.00028420479207304819 0.00029814359049173364 0.00006835944508021888 0.00044923367929699647 0.00006370060190021039
3	0.06274507771351034435 0.06023056088288773063 0.00382670060414335442 0.85665330855218624340 0.00585689181256226002 0.00868922495956495587 0.00199823547514487668
1	0.00079479345118679378 0.99371016467760386881 0.00119953635101034337 0.00079166859026366903 0.00149922369210172949 0.00077316670365028934 0.00123144653418432652
1	0.00086334639925338304 0.99005572201772606977 0.00106585922405019805 0.00748122477024718187 0.00006232032297186986 0.00044419651205062282 0.00002733075369990888
2	0.01454351304734554512 0.01221855823175211839 0.87511805633831341034 0.00847797446791373824 0.01570051210755573495 0.01663156516641208990 0.05730982064070583998
0	0.95490499553036323199 0.00998770722572973717 0.00100003593864840252 0.01441663307302768274 0.01414706020740475086 0.00191968065711671586 0.00362388736770955129
1	0.00235464845945908968 0.86343825722097400366 0.00672937593067629049 0.11468385408547922266 0.00318621978080938905 0.00297984787730308249 0.00662779664529940336
1	0.05384848746177203771 0.66176860447988539171 0.02847885107100685612 0.11082153408450723386 0.04170567984489339380 0.06028262730892234439 0.04309421574901289853
1	0.06515574338502962137 0.92203963992513804371 0.00044235824437713415 0.00911672962597434057 0.00126186911227451249 0.00135426904638466820 0.00062939066082150393
4	0.13191145144528845790 0.07906953767783013454 0.00531863123902693441 0.02100389885888738831 0.73784637715104128830 0.00344860223362760711 0.02140150139429817383
1	0.00091446797051424674 0.97607143010702801522 0.00085279008560761071 0.01643855192368268159 0.00286020665394963545 0.00084706551713571189 0.00201548774208145558
3	0.00025392655315518574 0.00134819278601695661 0.00003506054321190407 0.99828762565029882659 0.00002544564911436970 0.00001171397699222777 0.00003803484121207728
2	0.00026939509631289800 0.00000955948887220728 0.99908080359855577779 0.00001251896229501203 0.00020232783940064952 0.00010093111830578430 0.00032446389626002940
4	0.00102204715924719214 0.00137262656247846729 0.00009629386162289289 0.00044182073581068988 0.99643019099835916652 0.00001470107854794406 0.00062231960393269734
6	0.00047008184594705439 0.00015213487880281373 0.00117702093885960288 0.00072450957019092510 0.11714151045966045284 0.00005981506906592420 0.88027492723747280401
5	0.01837246612695530440 0.03729150046080901421 0.00235387913017429638 0.00976070179500306868 0.03948504865050014162 0.87773625994520099169 0.01500014389135738424
1	0.00010308515983984209 0.99890031143420565662 0.00005680516788661650 0.00008483145298703987 0.00001291570863052858 0.00078602520884329399 0.00005602586760938671
6	0.00084036594702312445 0.01616323719370631878 0.00241628268943186019 0.00012356185988670986 0.01275335834001253138 0.00016517000885280170 0.96753802396108667949
1	0.00043611575202754212 0.99544252550159784132 0.00016404308705537476 0.00227450534297130458 0.00003584138278054511 0.00146448437457111181 0.00018248455899809514
5	0.00140012892175863561 0.00195946951790207033 0.01408168552843300746 0.00000396792457925610 0.00329900558495633059 0.97914687742508688117 0.00010886509728406474
1	0.00015294265691434428 0.99125593887512253310 0.00003350988561820719 0.00800691123439864483 0.00004823413819789668 0.00049555404490696068 0.00000690916484301352
0	0.98977284747111515806 0.00178613311526086495 0.00056224950779414529 0.00022423803024807079 0.00599178286634635075 0.00066509165209271666 0.00099765735714258687
0	0.96225798179267474364 0.00450271904360433507 0.00189634335678539310 0.00094341743294581147 0.01048727966413089650 0.01941254528527412357 0.00049971342458479044
0	0.99356715417700725013 0.00316443915491139037 0.00011376242507939726 0.00187267507344949418 0.00067390550995264427 0.00012937722725249115 0.00047868643234700556
1	0.02163555751442546027 0.93958232825812992850 0.00222431148857148934 0.02269645043448009075 0.00545182810044947397 0.00370019914522966373 0.00470932505871396630
0	0.91703514777670658287 0.03637371734483300229 0.00175912441841299212 0.01488337907176271076 0.00637955886756302361 0.00096062827252181647 0.02260844424820000059
6	0.02107030066055361195 0.06749935952851914001 0.00099019444560752008 0.00207608375046223082 0.14977904052006246749 0.00399135903174373946 0.75459366206305145131
0	0.74329760590484816873 0.08085256977597395089 0.00455151568920452755 0.10657564549022674472 0.00620257096189822787 0.00084857225561726761 0.05767151992223130963
1	0.00082668036719478759 0.99826917868238584930 0.00036818458323638727 0.00020760719102814906 0.00003306496896921601 0.00027953870819762925 0.00001574549898767864
3	0.00003532311147259168 0.05047534874667573140 0.00004005279969837611 0.94943865925782211512 0.00000576251987096365 0.00000204497184839789 0.00000280859261211728
5	0.00533085985072547647 0.01624125367288752758 0.01595763032742887957 0.00054583216608969766 0.00926109824170564741 0.95187384583335532540 0.00078947990780770254
1	0.00169028785621893728 0.99818255931917387880 0.00002397946872369406 0.00005246538747798663 0.00000113587251558369 0.00004804616267388573 0.00000152593321561560
1	0.00795644288526833020 0.96177774351662992380 0.01553542217390407529 0.00648929718905927929 0.00150788604840109059 0.00593780687348073339 0.00079540131325503709
2	0.00009955301195349616 0.00012066162858404713 0.99803679686826962669 0.00001116727076335229 0.00034095066211674557 0.00127191845378972967 0.00011895210452237701
2	0.00000286857158339840 0.00009003183615104270 0.99983591348352041095 0.00000372587816447791 0.00001993977319632905 0.00001268347119597883 0.00003483698618933574
4	0.06927421110603469712 0.00056067027510128787 0.00004724967087961230 0.00179540605229805850 0.92780395619563127418 0.00000340107138214074 0.00051510562867281777
0	0.53659015008091781596 0.45099848855465796138 0.00050612366286020523 0.00857374340631208640 0.00191573609784118602 0.00041954062200323612 0.00099621757540769456
0	0.97466383285601521091 0.00546499914260270385 0.00002219103642530960 0.00541976472457405926 0.00569288840308037041 0.00045991783995548587 0.00827640599734680987
2	0.00000313017980701683 0.00004963012462841205 0.99335114831316484452 0.00000044945222698741 0.00007793820730999095 0.00645575441177255200 0.00006194931109108083
4	0.00267899984579478279 0.00425096750121137148 0.00317098415365757056 0.00594786038045136758 0.98247182857703541092 0.00049048374868213246 0.00098887579316756001
5	0.00231345834478958534 0.06054410182945095531 0.00105399273895537596 0.00004571264097894426 0.00244147042033182691 0.93357152996936243472 0.00002973405613106172
6	0.00049641891973192505 0.00017895579163478158 0.00054845445464984130 0.00006665240034325454 0.00086179163119394270 0.00003219474602778830 0.99781553205641826398
1	0.02823144299887628272 0.88159722559668474151 0.01078981381689680767 0.03874123717433995001 0.02101683470607754872 0.00966768761317727404 0.00995575809394731726
3	0.01103035106748732203 0.17470329553360075536 0.00490730640537523875 0.79444635388534756704 0.00815705584282629473 0.00303343272242884631 0.00372220454293392938
5	0.01008352597740692046 0.03488676753084712229 0.00224566507053929358 0.00384252801317752028 0.14373960840978275422 0.80443214242838434469 0.00076976256986188870
3	0.00006394434045035783 0.00360461869415209081 0.00014109548221706103 0.99602029149378235040 0.00001918323463295209 0.00002889612828010839 0.00012197062648461607
4	0.07300520389790383924 0.00891836554734164177 0.00057339733203614382 0.00836653707425517520 0.87823223625463986419 0.00037137522029835417 0.03053288467352464550
4	0.00004392654780258758 0.00014128459732223821 0.00027584449162020610 0.00017207045929775437 0.99901985544593063793 0.00005248121990005422 0.00029453723812596924
3	0.00010719536872438286 0.00296749294306596209 0.00008840942541357897 0.99660393436853367266 0.00010922694489376764 0.00000850438337329232 0.00011523656599456223
3	0.00509272824191244530 0.01234612282209008975 0.00255565021497448312 0.96848944335808995199 0.00220718466280645864 0.00073412466434095568 0.00857474603578537754
4	0.02338110431082869589 0.15657350086333948758 0.01962628226118443356 0.08579079365506468713 0.68032457519307221183 0.00881431414427035452 0.02548942957223974959
0	0.95565537319041271580 0.01991961602799030562 0.00089683787615278850 0.00834474507900401057 0.00743964903034232804 0.00190223420445138425 0.00584154459164667496
1	0.00006750035863537879 0.91694288029891457548 0.00001102279611595212 0.08297354725454246516 0.00000085385751856512 0.00000365510724433996 0.00000054032703170216
2	0.00027780567324066103 0.00080793851743885708 0.99679642698232595599 0.00013576313562400246 0.00106202088155197476 0.00065389879970609874 0.00026614601011328779
3	0.00374321100604852255 0.00796482204473604113 0.00053497032591131579 0.98724530864990955870 0.00008728312394115049 0.00009242201413356867 0.00033198283531923081
2	0.00002042774046273700 0.00989504030613019663 0.98793835349673242430 0.00018299816360826290 0.00004437220447193082 0.00188676543564737093 0.00003204265294466666
1	0.08310900398202877848 0.81643864300610224927 0.00252884138788954035 0.02003527131426445160 0.03125904304948272372 0.01390730094247304323 0.03272189631775932611
0	0.76256200078297375899 0.22097722371193900814 0.00027995338632011294 0.00686380120367627907 0.00367195907665968579 0.00105768686280369173 0.00458737497562732889
4	0.00863946556920524439 0.00268491215876902941 0.00002548886630170217 0.00080305264425431142 0.98627786785158177985 0.00007766557189169323 0.00149154733799561692
2	0.00005653736631082638 0.00037726937223205622 0.99779070653605428376 0.00000277756224024441 0.00019708158846936175 0.00150005197308222251 0.00007557560161192001
0	0.95959511211468551117 0.01947707013747008650 0.00045504245264384142 0.01193085207419279994 0.00374069716364453832 0.00069938450406008832 0.00410184155330294443
0	0.95822271043253770539 0.00545836338395187890 0.00995841494185885703 0.00808256764201322267 0.01265619764530778041 0.00136546470673076488 0.00425628124759964543
2	0.00010387780394671552 0.00858479720191648345 0.98016120401459527756 0.00011170166665789494 0.00039917680893749821 0.01020169973646973920 0.00043754276747542389
2	0.00006198048403339106 0.00216532080025858258 0.99485161148737377701 0.00005917965825285674 0.00095397311244796001 0.00116764715274947925 0.00074028730488396265
5	0.00367831172713631738 0.00274242780386824668 0.00946037504862830281 0.00132349776966059836 0.01533280998263606386 0.96557864973307383494 0.00188392793499656810
3	0.01072765464308189122 0.10543598708484903936 0.00603792024433262922 0.87154834123221536224 0.00478369152603879116 0.00024918020075503846 0.00121722506872850786
0	0.81306659313868656636 0.03655482452410031141 0.00193335390647330491 0.10742957065269133354 0.03124291752620275350 0.00138750717639013759 0.00838523307545580542
4	0.02177221512765878733 0.00403094814651211008 0.15446156887409193126 0.00138024995380311142 0.80762929314637077471 0.00530744881408026781 0.00541827593748294475
3	0.00016369303135041249 0.00539793528151274148 0.00008809592254374226 0.99397399274674314018 0.00002717419294140090 0.00009065224827054717 0.00025845657663838483
1	0.00926977298459516312 0.78659334512915157767 0.01004107226087671244 0.15228252590425012114 0.01308095420071551593 0.01537421215383823377 0.01335811736657348259
2	0.06048858106740194474 0.07608833965350421391 0.66037222030333830869 0.04841873828806406155 0.05169571079608792363 0.07023529278539870913 0.03270111710620494938
2	0.00004824448998959072 0.00031620920327426680 0.99540192464754584378 0.00003810881599340320 0.00006792797689450901 0.00391032201959559070 0.00021726284670682422
5	0.00017104464416172409 0.00028197218356125784 0.00051340729008162410 0.00012616290962173102 0.00064376810162077784 0.99824954120344699948 0.00001410366750492420
6	0.12895739065790648437 0.12084107297144212889 0.12874847491785548770 0.12479175069939851817 0.04442091895229670351 0.03907841078291689890 0.41316198101818385480
1	0.04873787060188642523 0.93496232666678147361 0.00057801741520111254 0.00214000998610540394 0.00023281285900161392 0.01189348678138454907 0.00145547568963980416
1	0.00100343958767303400 0.99124893241921985254 0.00045734286275992721 0.00351458102193381123 0.00007784241208574112 0.00307311176883693239 0.00062474992749123525
3	0.00050321943437034921 0.00274408504085566721 0.00027895579753646309 0.99633478794840324433 0.00006489092735496038 0.00002873795915701607 0.00004532289232296417
0	0.99464779752785281719 0.00310336482901100606 0.00008757227521259477 0.00065727821750719191 0.00065687070574760949 0.00012994636717054885 0.00071717007749841821
5	0.00055831025887901318 0.00125893642200240762 0.01497961878807387362 0.00004193349325248715 0.00079347583382480811 0.98216554389718224716 0.00020218130678535012
0	0.96228184176988584841 0.01156972322043657402 0.00110124736401182705 0.00249288860515728666 0.01927135837871221322 0.00028915455391181048 0.00299378610788467604
3	0.00024942964202337306 0.01453907555140378748 0.00018756809569649529 0.98487530342542972672 0.00002703186100610919 0.00006106584628394665 0.00006052557815660879
0	0.98484835107876922411 0.00656146654408987142 0.00036159324064435352 0.00063545676775361682 0.00006873472882230571 0.00689569085320992231 0.00062870678671089948
5	0.04378652764101474693 0.02815573543926896960 0.02442811913036064403 0.02489253402849359378 0.01685455529383113327 0.85738164630822921719 0.00450088215880192506
6	0.00029756697897709831 0.00004467112460511559 0.00001598055301173071 0.00000519206540432385 0.00569543206255544634 0.00005454238323627399 0.99388661483220941406
1	0.12559985291348488290 0.86382577149127892646 0.00002498420684869450 0.00155350141604012888 0.00594119024257225813 0.00119022034315202684 0.00186447938662301252
4	0.00178182827405908776 0.01511494276551830426 0.00450740085844945210 0.00204461603618441307 0.94490981070759072491 0.01102028008873508387 0.02062112126946267013
3	0.01050081550141316461 0.01573373339595250664 0.00341784766236050835 0.95058262690680206397 0.00670695649630868775 0.01288184208492091677 0.00017617795224179338
4	0.01982818206120270932 0.00647960346368421387 0.00491759223008545257 0.00410900686925707442 0.92812475215181355903 0.00912510549991026564 0.02741575772404636693
0	0.86623815414285265657 0.00620566335522492515 0.10324079695623870900 0.00755681991864450616 0.00528631148437494740 0.00144149221420744860 0.01003076192845690773
4	0.03269993611522131055 0.06529477552269905005 0.01208077980404173579 0.15656299713009114161 0.69694899769647267185 0.00661847630651573367 0.02979403742495856725
1	0.04117115373154210667 0.84872131504046022243 0.05455878016544574161 0.00822569727834606898 0.02280854033620493410 0.01261687669692798316 0.01189763675107266029
5	0.00009268177975865664 0.02915230736449668861 0.00798150066338457545 0.00200175035366678689 0.00056129609894667938 0.96008076051859747579 0.00012970322115068075
2	0.00036852381915044078 0.00113694471057707242 0.99373126348019547027 0.00008524414461769144 0.00064743234639333966 0.00375233409689872902 0.00027825740216685534
3	0.00065645148394674515 0.01072966515455003010 0.00018070402695526694 0.98711819124458255459 0.00109160080807125517 0.00005735200632409034 0.00016603527557053246
4	0.00874738000786389087 0.11226349711664315723 0.00399579181576515362 0.00116656018520610986 0.85300681944644651811 0.01673052259042915116 0.00408942883764598468
1	0.01385115234272862698 0.51312234758361519038 0.00031978977841289866 0.47009866967667041093 0.00076039071281051905 0.00051095284948330646 0.00133669705627810693
4	0.00437910860771008152 0.00851417299486961765 0.00814006282034820602 0.00385719167665405467 0.96874927211648198533 0.00302170609191073020 0.00333848569202539963
1	0.01874419610216227980 0.97937027662914000192 0.00046582976572319098 0.00051977540549302521 0.00021780624372372105 0.00033809167663900817 0.00034402417711931304
2	0.00708004543429193844 0.01392539852891238814 0.81374097341619877621 0.13692712358857511701 0.00561824040821743472 0.02251208671287253937 0.00019613191093126241
2	0.00405116190084238610 0.01486639919415416386 0.93509956892560019970 0.01113453369078090498 0.00338101846463839759 0.00351942351163020634 0.02794789431235332119
1	0.00161679959083992986 0.77853345375843618914 0.03745491950416397070 0.13028757729504461538 0.02827157104644368105 0.01093402039807550748 0.01290165840699632367
0	0.64164811426727896837 0.32908532399399575974 0.00125046488136828300 0.01232150537645758034 0.00155618418071290553 0.00607615344140829353 0.00806225385877784237
4	0.00001074253213648588 0.00115667328504491735 0.00015507938597536647 0.00009902835283537884 0.99824452459095613932 0.00000688171489947392 0.00032707013815288106
3	0.01313790242717960063 0.01581104985646882011 0.00929265426313275258 0.86485458901164868895 0.03351186959135535326 0.00253610344916974182 0.06085583140104489780
1	0.00098752488539092273 0.97760774950730389143 0.00117058135273144298 0.00782247950536985731 0.00096459965444392148 0.00225439827408670766 0.00919266682067420432
1	0.01046997850025876801 0.94751817749610012243 0.00182501132713265481 0.02220787593986085079 0.00250537214247141191 0.00712505875177513268 0.00834852584240139417
2	0.00042456956623589728 0.02208178352304760589 0.88982450778342747633 0.00008527810416848214 0.00341043576818191637 0.08406684057665493592 0.00010658467828269395
0	0.93790514404236180468 0.02330313851782485693 0.01828192829955546314 0.01450861804045355981 0.00302650788639260374 0.00066290558351936497 0.00231175762989232342
1	0.01300453271798726607 0.90666895491186350053 0.02034763446541018941 0.00714158747671491366 0.01595975166026408071 0.03047885851421468575 0.00639868025354517998
1	0.00010916558784884076 0.99853291064668625587 0.00002542513118334300 0.00129437303317935111 0.00001924156766183071 0.00000748413921165202 0.00001139989422782592
2	0.00265599287137396889 0.01395184023279414688 0.98011831616596323258 0.00003481767451951173 0.00005102909552314285 0.00312841648622879352 0.00005958747359660585
3	0.00017081628794313281 0.00889548281701197166 0.00013720320234200469 0.98933708999132374817 0.00039573788609459907 0.00022147407366483922 0.00084219574161961686
4	0.03053881670684075247 0.08789091896345353760 0.03979126998628612633 0.01567166604044800682 0.80026717519648837840 0.00605809876588910955 0.01978205434059362305
0	0.82888597225911164745 0.13170882095916461307 0.00088327104599289204 0.03364718484790907294 0.00411681104641547710 0.00001943900030608285 0.00073850084110017107
1	0.01873131661667937209 0.93594803575841289955 0.00204321275478396925 0.03406207163312830605 0.00562896743931172363 0.00095824386520130817 0.00262815193248329545
1	0.00571970101634917613 0.95756236086541957064 0.01203898705205827709 0.01037778459525558021 0.00509123011220192871 0.00721427192254714932 0.00199566443616905039
5	0.00035756230608934345 0.00904680240520908986 0.00399197332742051540 0.00269193419412445045 0.01550979447763060556 0.96677844324751016636 0.00162349004201627393
3	0.00155655095820689043 0.00004913637007344771 0.00012582065060997612 0.99795868897912076712 0.00027511994227982908 0.00000398080928667672 0.00003070229042206660
1	0.19529474625187615011 0.71753454135280059223 0.01141244145095330308 0.03212594023985809732 0.01283928559989207241 0.00783267110435647597 0.02296037400026348582
2	0.05227784507907062145 0.04852512733112605142 0.85681502427147460121 0.01838910739026020438 0.00645719913822323608 0.00225997498394504360 0.01527572180590014775
1	0.00509694981577487900 0.92892450896301625995 0.00108130541466256737 0.05340856386629664471 0.00337855901243284398 0.00123554268006681955 0.00687457024774988223
0	0.77633172042895026710 0.06706540962743154366 0.01598571145926946241 0.04127535879157830795 0.04182333508893523039 0.01668334367642115151 0.04083512092741378718
1	0.01342680354724602558 0.57687001201816201501 0.00303734141503326322 0.40106071115353786327 0.00278357769977357217 0.00096293989149872933 0.00185861427474772064
6	0.01312078234324142584 0.00074699085123493367 0.00121440293453397587 0.00189455809075313717 0.00743653241502510547 0.00674649205328216924 0.96884024131192969520
1	0.00119338874435028571 0.98722914252106452881 0.00014004907554849549 0.00904522975665698198 0.00065067382359119714 0.00031760370705048431 0.00142391237173861455
