0	0.98573392421357686199 0.00458234119133590478 0.00039207212731066866 0.00668164803373178916 0.00066830118783541600 0.00030770451098539159 0.00163400873522383683
2	0.00033893838399353158 0.00025855185198614823 0.98837268496635444226 0.00015590820812629789 0.00844315029615523745 0.00198876779216007257 0.00044199850122357922
0	0.85816580201708680953 0.04496981074218959346 0.02008947791412594649 0.05181548993246747753 0.00931156216146377357 0.00901892567677973697 0.00662893155588673965
3	0.00001107519003258487 0.00007232367985224415 0.00000218693365199058 0.99991284599812590983 0.00000025930673295725 0.00000105254669120256 0.00000025634491250079
1	0.01640505322809119454 0.79184258569130983041 0.01612654946054794744 0.15266367242311010277 0.01108622748375354475 0.00362761680679284408 0.00824829490639501089
1	0.21023957139404755856 0.72138885529925123041 0.00144724728565191361 0.02442168095946920317 0.00224196995341021917 0.00358510648569659775 0.03667556862247322441
4	0.00228973274185924162 0.02539733182444734935 0.01080397959834446427 0.00184204204791928649 0.78390603728289642849 0.17164429800262498427 0.00411657850190828845
4	0.00004984260977278934 0.00049759953567432937 0.00009769558177113466 0.00028913456166260957 0.87242411449125856215 0.00003793874995520938 0.12660367446990677953
1	0.01906963392644346264 0.94754732316994350061 0.00023099057690032833 0.03304668048082951004 0.00001045706853319807 0.00008256185046920142 0.00001235292688038601
1	0.00071242465356185190 0.99821977154880081606 0.00011779169238711636 0.00022213473935757240 0.00015679361097891995 0.00054240261299200502 0.00002868114192077916
5	0.00162726209556247545 0.01147319292624024087 0.24875674320990098787 0.01647291049274678815 0.00021950289163147669 0.71823154669586064536 0.00321884168805721977
1	0.03062645946636757474 0.96681416282078092017 0.00042554330864738783 0.00030383057051332831 0.00025502376865334892 0.00079856216412760512 0.00077641790090975994
2	0.00003844232381709480 0.00001356090469217522 0.99946119321903970079 0.00005728279388966585 0.00019179196134968323 0.00011011208451195914 0.00012761671269823714
3	0.06002226225434553059 0.17861043645068575003 0.04507869105331940851 0.66409639236018014330 0.02600233019407124577 0.00941986942305548212 0.01677001826434244142
3	0.00162794096869583018 0.00124174875028019820 0.00067938319506086404 0.99637419207110222708 0.00001627449816433418 0.00003366345663641770 0.00002679706006030914
3	0.00134607424238358461 0.38135621225380827992 0.00097338780768559422 0.60945030706431502221 0.00537459767632911690 0.00107304510996014961 0.00042637584551803677
1	0.07362797375758854679 0.59291579212563361168 0.04791808095513841459 0.12452408461988088983 0.05872177290127383181 0.08095356887561533377 0.02133872676486948602
3	0.00056440725490422290 0.00284560153681481407 0.00053159557835378722 0.99584990329753697580 0.00003554220098890050 0.00012491405077736712 0.00004803608062473512
2	0.00017526892999360582 0.00009620293135696160 0.99780716074803654791 0.00016579879702286927 0.00135002920353175676 0.00038598793367293250 0.00001955145638647057
3	0.00927598695452235868 0.06096245510678426072 0.04396409332387941210 0.73793168082172444500 0.07861313779129325274 0.01015188863168661748 0.05910075737010973829
0	0.48030913232322547390 0.39974877295398253407 0.03131245895912584953 0.05859454885828301041 0.00700870692580242600 0.01153545158537972598 0.01149092839420092806
5	0.00858667233841384908 0.33879203649913064433 0.00978409023481521117 0.00129169809082240535 0.00390449327683894086 0.63705304327464218339 0.00058796628533706982
1	0.16683035549786662255 0.75484631150466341420 0.00024197507699404966 0.00389468852532998469 0.00186957388144263787 0.06896415719114618037 0.00335293832255692016
1	0.01238430875569398147 0.97653750230447877723 0.00281224125087891578 0.00519410333154713116 0.00083543289763683042 0.00208719136404652943 0.00014922009571798466
1	0.04503487615167599961 0.91740451873021888751 0.01444718896891636177 0.01448539174139327340 0.00551209710887228151 0.00182890952156189836 0.00128701777736118812
1	0.00499613909209028779 0.95788180785525711691 0.00010513387683604851 0.03664577008523920570 0.00005385402184636269 0.00030042824335518815 0.00001686682537481833
4	0.00063531739483085512 0.00616269826635982166 0.00534406073740181266 0.00117388912923416049 0.98238232857631690997 0.00072837709705228786 0.00357332879880382925
4	0.00173294581742887378 0.00128926349983777525 0.00068861207787609870 0.00049807413877515471 0.82353533222344410536 0.00010659729804329134 0.17214917494459411329
2	0.00008971617604198360 0.00026610378281478371 0.99919444173452720559 0.00003606429736301852 0.00006024162918202657 0.00034991954462449494 0.00000351283544831939
0	0.96978734409170996855 0.00708568807260294854 0.00120187773478216682 0.00762670835614263562 0.00407464478330438282 0.00403093210575370103 0.00619280485570429182
2	0.00041917925132968275 0.01665565067508634547 0.93761250462172118780 0.00869586419768394493 0.01087119020964692241 0.01526054925944866740 0.01048506178508301807
3	0.16075469167709166562 0.06033310285954560093 0.01935077921270287465 0.67677335215010658853 0.00578202037125163850 0.00476100469889041266 0.07224504903041147064
2	0.00152676953523024910 0.00022854016084372487 0.99236114142542408700 0.00001761721886770441 0.00038326974265015236 0.00513309125148556523 0.00034957066549834442
4	0.00004106722883379757 0.00014097264174580049 0.00059717964408572289 0.00001309447981921797 0.99763102309966167347 0.00030132515572907305 0.00127533775012534452
3	0.00015401279389441101 0.08739384595036278625 0.00042955019947816300 0.88919392664154262018 0.02237909163724061123 0.00038689197654499151 0.00006268080093597058
1	0.00728161444996641444 0.96706536775516849236 0.00574685539100557984 0.00284384222676542595 0.00659524717404245606 0.00955839537831464775 0.00090867762473752136
5	0.01298874899670314671 0.04344870123708153425 0.00056284866327672414 0.00010729398279697682 0.00647330354899805331 0.93638175459476413742 0.00003734897637961932
1	0.00586292485759927224 0.90440434445909401173 0.01024521769087737878 0.06981797667342143354 0.00216500248735521181 0.00644601320516135709 0.00105852062649196407
3	0.00072383544975558015 0.00103820449144055929 0.00017309723677128309 0.99783443555664541602 0.00001821356882213679 0.00012153425158804316 0.00009067944497694215
3	0.00511032361542102919 0.04295733532735884069 0.00607117457577443544 0.94448070316045085182 0.00019838854953255154 0.00018255646925593625 0.00099951830220757539
4	0.03263600507948179186 0.08069551406864233778 0.03084391754839179919 0.04364674220539393329 0.67671916569776635608 0.07388496056798504741 0.06157369483233850888
4	0.00288193961403688907 0.00009752408908335426 0.24541918616316840684 0.00005256273364748773 0.74314619845860541147 0.00188642615653946094 0.00651616278491972019
5	0.03195300433977033006 0.02787974866124892301 0.00422305249813091210 0.00552239145698136917 0.15002223760574318057 0.71721568897506016160 0.06318387646306516947
6	0.00009881050408357386 0.00040870749717762477 0.00016385117903938405 0.00017460473449814787 0.00097524586890280487 0.00008249794137494881 0.99809628227492375174
1	0.00022854314506547168 0.99918729323865662639 0.00010061548570669173 0.00011485755122694210 0.00015820980320524922 0.00005079382920835007 0.00015968694693183216
2	0.00022748882168178698 0.00191623047260679885 0.99396631419661307660 0.00018188627962628594 0.00082649268918276269 0.00231314119300576101 0.00056844634728273437
1	0.01331824859692706982 0.94230921801174682972 0.00515308026200277276 0.01415823765848985699 0.00190955325703695143 0.02135570347079595796 0.00179595874300109474
2	0.00020214762128156495 0.00065869510845004587 0.99147963178382070293 0.00021265860855222937 0.00349237500374716126 0.00313037728537167350 0.00082411458877554560
6	0.00383978084059156564 0.06217572913423232567 0.01314749134589625335 0.01395574400179996032 0.07034451955593321038 0.00376262551193358311 0.83277410960961317787
3	0.02529108895847762689 0.05097235826061442127 0.00041827544575321208 0.92183141733666407180 0.00037105176444815323 0.00075891107196398493 0.00035689716207850362
3	0.00195981767134711807 0.00115328749182244108 0.00014206539639919122 0.99671985108426808253 0.00000233673016985061 0.00000608866105458137 0.00001655296493900424
0	0.91212002373808132027 0.01179618082226458614 0.00173936600588777790 0.01403864898377444985 0.01104131934081614350 0.00758430132478719529 0.04168015978438852770
2	0.00013684776793522572 0.00036087173210118531 0.99348553979503972933 0.00003959116602361928 0.00080354223379838514 0.00495622523195029304 0.00021738207315142227
4	0.00039508967379038178 0.06553003722274577947 0.00199769841511345273 0.01503107780987063789 0.91510905295927058578 0.00111242579356345020 0.00082461812564631686
3	0.00463458053133795379 0.01380924961018667810 0.00017928940344975417 0.98113236878196707913 0.00018185713379931966 0.00004108390465277671 0.00002157063460669118
1	0.00212734823098732588 0.99497108466546513306 0.00053441680986703348 0.00156159886996769227 0.00013383889007273332 0.00064813671461139925 0.00002357581902943165
5	0.00164152484518171183 0.00059979063971636441 0.00119687239693268060 0.00126139515386485316 0.00118581964729336221 0.99085313820407050489 0.00326145911294040136
0	0.59692053263472721891 0.36008554502644429807 0.00018222095952083301 0.00406076738832350428 0.02298959623051664153 0.00208589091887389664 0.01367544684159317618
0	0.51901829863011261779 0.45398056797212921198 0.00207087232619891344 0.01636652099365619450 0.00169445680855640326 0.00590755563416390378 0.00096172763518294184
1	0.00344961413712577400 0.97909604123380600260 0.00071931182711460233 0.00861289267309610709 0.00691403262738695974 0.00084167574781009288 0.00036643175366096519
3	0.00004425162678256934 0.00054412231860488072 0.00090039059024699293 0.99813769129533924662 0.00000750315986244161 0.00031662812043854478 0.00004941288872597237
1	0.00029375681290747451 0.99809159589413076752 0.00058803595013427973 0.00048440271970866657 0.00027304603384334711 0.00019217912819842671 0.00007698346107549619
0	0.99662275593650362371 0.00038060809740287548 0.00004699737150675891 0.00046146361525131697 0.00063336987026903257 0.00010386693093306449 0.00175093817813337985
0	0.99158021340734647797 0.00124889786298864117 0.00059905558870883724 0.00411457489139033326 0.00089997805348021825 0.00019800036201981608 0.00135927983406566237
3	0.00066596791164354229 0.00700816467528557734 0.00008554707373290726 0.99201178635951869911 0.00003774715770680603 0.00002985820154296554 0.00016092862056886571
2	0.00039747023082053855 0.00028658891188506827 0.99842172279804353163 0.00020883589281764931 0.00020964146326197736 0.00042929804047625087 0.00004644266269527653
1	0.00572770921706895406 0.98808045266592070544 0.00156514220654902858 0.00301212319811506278 0.00104666790084912797 0.00021823485230030733 0.00034966995919649349
0	0.98929771435875935026 0.00371370513212313132 0.00007154206053435783 0.00043639642747683548 0.00168763226862586602 0.00083002192253669982 0.00396298782994398968
3	0.00544554420360689271 0.02681673480410835114 0.00010645552675274311 0.96337178746689755560 0.00362361296059337959 0.00035573663187934144 0.00028012840616189046
1	0.00797351701881226713 0.98015921400472483249 0.00041955629910860536 0.00176883672015081352 0.00250455528612553114 0.00035338204785326693 0.00682093862322378976
5	0.00008723577562190019 0.00156571601420059858 0.00046556579452671366 0.00041139962868896721 0.00020357786038837164 0.99709877336425956074 0.00016773156231457539
1	0.00232532446107903924 0.99283328224320677169 0.00099085027426472697 0.00255746400632032118 0.00036056396821734728 0.00054363914096537973 0.00038887590594524288
1	0.14611999495415056716 0.65449157875880881186 0.06668766449637061888 0.08794685956648498615 0.00867497897985289833 0.03081224553907905422 0.00526667770525298187
1	0.00377998526365720807 0.98650682861974503535 0.00000554126775751001 0.00957556832593903402 0.00005106488435577646 0.00005756572847177547 0.00002344591007455855
2	0.00078424106166211018 0.16184711848309837889 0.81708802719796069791 0.00200887871453937251 0.00106079771084030593 0.00827610264345236650 0.00893483418844621957
4	0.00009305913356615445 0.00037040584023738691 0.00088655757441895755 0.01457185861601737083 0.97925366170225980333 0.00087701345492909488 0.00394744367857118722
2	0.00248441132326927654 0.00007961950455932546 0.95739884421174836771 0.00002476242472260431 0.00038307601432338817 0.03952555534701465700 0.00010373117436170086
0	0.99547687766552850341 0.00016803185060713124 0.00000847484554526742 0.00325303366455910545 0.00011600447549470007 0.00008416815842701695 0.00089340933983830600
1	0.00101737667459659577 0.99785608794543734223 0.00008009272290590580 0.00001707111061626599 0.00016284308324439846 0.00071078127217211358 0.00015574719102675257
5	0.00847908577161790578 0.08414561649659323128 0.01018944502355094602 0.01249485048968703924 0.03735620764770836155 0.83051013145921814829 0.01682466311162389774
3	0.00102654290163153167 0.01023585735841176826 0.00053308381039531753 0.98794939991243546640 0.00007473552187270005 0.00011051144091018676 0.00006986905434354463
2	0.00000807919834252047 0.00008411706125167571 0.99881062257808217453 0.00002825454856098879 0.00072990115448564740 0.00020453137755221121 0.00013449408172372859
3	0.00163606030172176492 0.07038693422527393662 0.00003922637003999280 0.92790003121228037397 0.00001161467921877323 0.00000998475631732500 0.00001614845514904939
2	0.00159069442812765044 0.00009458395161103029 0.99652892504696999332 0.00012726413532908602 0.00085258724522067507 0.00077216129416699648 0.00003378389857535346
1	0.00049720701383253944 0.97979133475131285902 0.00060213691651148722 0.01487850246757016666 0.00040974020856680713 0.00344300225382921602 0.00037807638837600706
1	0.00032795980122157835 0.99844259078042474354 0.00021231755424283699 0.00032707376199773541 0.00014943773128668020 0.00045174832439575340 0.00008887204642906727
1	0.11606660511849820061 0.87416385929109885478 0.00050950900954617050 0.00572751445572264317 0.00225304529797027081 0.00023426922887137121 0.00104519759829299532
2	0.00007487642561797535 0.00007317389080094112 0.99917690660273239533 0.00002293199410192498 0.00015071404363227328 0.00031926059087329677 0.00018213645224206498
2	0.00060965458555012092 0.00057656675460956985 0.95813836655894168981 0.00014431060185986878 0.00485987061375988978 0.03540887168318074263 0.00026235920209843547
4	0.00064855066033058591 0.00121039851187312321 0.00112128529209864374 0.00025012083191129923 0.99272660352253927485 0.00003658899033854078 0.00400645219090769913
4	0.00007969187899598520 0.00135718621151299725 0.00079346224389238316 0.00003570607048449977 0.99576236772615989157 0.00021896366496257336 0.00175262220398991211
4	0.04810233170256244389 0.00159342372526499027 0.00169563444097744175 0.00042812638214113815 0.69374934308415636686 0.00271663453475499972 0.25171450613014290099
0	0.99554738315068536103 0.00216764829141440074 0.00003970742062574308 0.00054563072685344025 0.00058313574489312356 0.00047473327368812145 0.00064176139184004383
0	0.98817949875755939360 0.00100040799888750595 0.00015755941811615762 0.00076939845136292406 0.00184628315611916317 0.00016259894764016818 0.00788425327031482860
3	0.00001954340790279280 0.00003756313132868484 0.00001002051222761325 0.99992932023369884842 0.00000028496514669689 0.00000262948568273078 0.00000063826401232799
0	0.98584139354315680759 0.00060728718326883216 0.00013539822813465972 0.00893518115406923691 0.00063887375055423810 0.00020604085031552285 0.00363582529050077456
1	0.00565338524675759388 0.98737041252865942464 0.00074481342764030033 0.00155030374833200167 0.00010579222648315376 0.00427980982503402101 0.00029548299709314889
5	0.15070310102233117067 0.00725586104557350477 0.00512213463464894925 0.03795017190107956989 0.00184786001226545514 0.79217043446821044927 0.00495043691589109724
1	0.01523890098755164429 0.94806244686905738472 0.00311225993889040122 0.02209570884322821852 0.00784339609177139331 0.00328483054303857014 0.00036245672646214883
1	0.05471036862179937121 0.83150879106496333737 0.01916223204675141303 0.07894167920026962104 0.00312442494471038912 0.00619924259427427540 0.00635326152723170428
1	0.00076708727135845042 0.99847644176003225169 0.00004107688510549117 0.00013495802783935104 0.00007726884700631077 0.00049105028009324638 0.00001211692856599875
0	0.99453110199767758015 0.00090279030168103572 0.00018710482315188319 0.00117538098521594524 0.00183388043232643526 0.00006933304362301810 0.00130040841632383551
3	0.06791856798061465805 0.10319223362764740060 0.01493976424760505052 0.71183136318896844674 0.01097330981030684473 0.08515282854624024733 0.00599193259861747086
6	0.00030721732973466506 0.00003483521967773162 0.00004248707388637041 0.00000095852266677408 0.13179583329886171428 0.00001091874316771192 0.86780774981200414775
1	0.00027449150466455540 0.99757348207021623310 0.00006311788658795590 0.00002373687748476429 0.00001019241695166071 0.00193094950189148058 0.00012402974220351954
3	0.00030134634532389212 0.00041149061386768176 0.00001631088646998691 0.99906825196492332619 0.00011237212676579192 0.00001279353788379112 0.00007743452476552549
1	0.07142080637339404126 0.82593054794219167292 0.00332078222779659234 0.07747185713609335000 0.01254227323818160426 0.00796871768614859123 0.00134501539619435464
3	0.00469636227418424035 0.06299481347222447847 0.00397964350996458764 0.92385169789518417627 0.00164807787317216778 0.00227630534038371964 0.00055309963488706776
3	0.00212072538869102854 0.00187960263812283622 0.00433633534664077964 0.95488151676975374649 0.02634270139567545729 0.00454942339272539770 0.00588969506838969530
5	0.00096348403020263414 0.03345967204049687255 0.00276758571143357040 0.00408237993349806760 0.02158309137275749717 0.92744001673546383469 0.00970377017614771839
1	0.00777571655752334803 0.96067633946767538866 0.00746570384297815231 0.01261470799570131238 0.00552048625754074894 0.00167361703917730037 0.00427342883940354766
0	0.97549591862592877067 0.00161624655327808329 0.00034804272581053186 0.01756465619016186336 0.00078184593587372290 0.00010144774461634065 0.00409184222433057847
1	0.00002592507489456636 0.99825583161200448501 0.00014689146026174605 0.00072885002434784434 0.00009571090969157957 0.00054985133838876933 0.00019693958041072857
1	0.01326127883202847871 0.95314542082302877724 0.01803526290448868516 0.00408582989593225896 0.00604681594790497118 0.00512445913143592079 0.00030093246517936731
3	0.00547870271508108225 0.00352728581959009090 0.00953055074793215419 0.69669256093201059610 0.00418501985310898352 0.28043578920833500678 0.00015009072394235116
0	0.60825591300287917829 0.02327912005193326014 0.34781173831010031572 0.00044205933336157464 0.01072454361180717741 0.00930675973702256576 0.00017986595289574270
6	0.12892353515393117913 0.00010293239351955494 0.00006754672183583644 0.00111267564256651739 0.00801999719024820180 0.00105536937262386862 0.86071794352527475347
0	0.89720109657996549579 0.00874122888454613792 0.00048736448625500079 0.04459522460534724037 0.02004040759825620813 0.00542774459931174690 0.02350693324631828590
5	0.01311292607372246434 0.00006587453757514488 0.00001538292526100603 0.00015786806067988630 0.00063937204830841676 0.98568212650020903265 0.00032644985424382951
5	0.00010013731069713244 0.00147548348115697156 0.00058698189912592799 0.00069093014972021526 0.00018434951238428213 0.99694257625432070036 0.00001954139259526373
1	0.00041750758424723437 0.99758265795735467929 0.00005107962236206539 0.00069509947116616893 0.00079139745032889603 0.00022366139510051429 0.00023859651944085732
5	0.00647755923356127094 0.00372217956199928602 0.00013387856134375287 0.00108591037238602917 0.00043155202465749412 0.98810542123951794480 0.00004349900653383391
2	0.03946289600035619849 0.20383208434558316990 0.56504829305103576598 0.08110026840294966288 0.04575347492283987627 0.04577210980138510243 0.01903087347585055017
6	0.01802188874299008245 0.03394064331736373202 0.04329960291140157874 0.00471264555225067109 0.02402775440005619836 0.01658850330739708792 0.85940896176854086885
1	0.00706649503622338269 0.97526818700530537587 0.00056515560968793080 0.00587104929815551995 0.01071558334274554276 0.00043886693717120994 0.00007466277071134823
2	0.00799837320911492115 0.00220687167246026586 0.97933122960266605350 0.00001297853378727054 0.00216492033829990185 0.00738067018505407686 0.00090495645861702646
1	0.09891802498082018225 0.84290849579974236327 0.01036581955419310294 0.03357376691953358611 0.00895476285958634460 0.00306444413612877746 0.00221468574999571406
3	0.00061282280659781508 0.01297989473135032282 0.00233045422771209400 0.98207593449378371986 0.00023959160807651299 0.00049293628940923098 0.00126836584307031281
1	0.04388408970675857640 0.92163233605102845569 0.00707558803151296569 0.01951910987907481618 0.00386156326494464797 0.00319176178386089112 0.00083555128281914475
4	0.00001517961925220813 0.00004431485080926783 0.00002159310139379372 0.00000634029907601780 0.96177588433335903240 0.00002037858296859626 0.03811630921314223402
1	0.00034382622966766096 0.99609195275011830351 0.00008542830041854320 0.00330917665952930274 0.00009182145278342305 0.00005821110681155349 0.00001958350067135151
3	0.00064039383375292982 0.00730123060655109984 0.00168718622688259802 0.98659705096336536290 0.00237807820341847005 0.00057198301153143366 0.00082407715449799512
5	0.00252083511341371800 0.00033643622366486892 0.00302992949135825595 0.00173076889715816648 0.00215528017874854448 0.98998433735113333665 0.00024241274452342919
0	0.84091838219635650642 0.13334555423945340658 0.00000601111673275762 0.02566105031300977904 0.00004756713856724974 0.00000049269371039712 0.00002094230217003975
1	0.00929847268880884884 0.95300333284252225496 0.00636656561398938736 0.01509923757910230056 0.01373857303742884867 0.00116986926493690881 0.00132394897321149048
6	0.03225788100669382819 0.00300629224981218378 0.00131841460397105347 0.00065378769612562814 0.04043753319400635732 0.00473076615764351366 0.91759532509174757120
3	0.00087089243049421944 0.11431005718994699527 0.00359948810950948793 0.87447229860427033721 0.00419188977515541107 0.00082135956435515779 0.00173401432626838197
2	0.00274620473739160126 0.03190847551821392875 0.92348421478659092898 0.00010493585478482456 0.00901477266027634304 0.03258452942062686764 0.00015686702211526726
2	0.00016553891033330484 0.00417081477819296245 0.99492439123432319104 0.00004665644698608299 0.00005365162622242911 0.00062489246841337086 0.00001405453553012372
4	0.00021134847374074415 0.01052598676438431385 0.00132946901614052122 0.00271727446321735162 0.97709826453685599823 0.00087511439933747842 0.00724254234632247789
5	0.01874653418914237063 0.15336285043805325534 0.00042421723640840772 0.00014206447620656877 0.00557974230481844604 0.82170210758941719664 0.00004248376595361024
0	0.51403186900935327053 0.02679563465300472888 0.00024176461492118949 0.00022347329034009145 0.45203222074238430528 0.00023334290203164945 0.00644169478796464794
1	0.07353892377709213279 0.60820020509639105555 0.00449435537527807360 0.16708836108922986430 0.08172262286398623843 0.03381376653399777860 0.03114176526402478301
4	0.00004265412153596672 0.04010935260240799244 0.00761847662093176423 0.00327515893760605770 0.94387325679820599511 0.00147727413268123470 0.00360382678663033300
1	0.01171706140553294140 0.86010814218906961326 0.06108646141091161191 0.01176895288639378222 0.04293791441342211662 0.00839152454868411987 0.00398994314598583553
2	0.00000654649267477898 0.00000645876829491173 0.91445645712129530747 0.00000068597442406144 0.08391571522848535747 0.00028775153074300493 0.00132638488408226606
4	0.04786147442104764227 0.00614337717833999403 0.00009888340717439375 0.00627438982402209449 0.93903274328213703903 0.00003539280013699323 0.00055373908714192197
1	0.00364298117160708965 0.82093530796999925059 0.00717099457661817766 0.07899589911919899232 0.03874447133660379600 0.02312129133764267291 0.02738905448832962275
3	0.00064335309238102540 0.00073881185351027409 0.00014356003438950081 0.99843029647741909915 0.00001137428878122924 0.00000474283076745204 0.00002786142275094053
4	0.02190400307965754620 0.08379532759885365001 0.02652859254296421540 0.01759235402944695978 0.81175374392530419421 0.03188118300385104492 0.00654479581992222729
3	0.00230484777884188601 0.04310340711247813428 0.00139398782618186507 0.95122000156900465839 0.00028058424280850096 0.00099833676570249344 0.00069883470498139082
3	0.06326636341810064346 0.00214465281748754200 0.00297385529464120604 0.88606794321520976343 0.03666261850692344865 0.00469277036058253841 0.00419179638705490486
2	0.00008258341691583055 0.00005738561028795913 0.99957411561176778836 0.00001878250087710199 0.00010438851760180891 0.00014692787717338079 0.00001581646537557201
1	0.02757491610793120010 0.95600010560453030362 0.00207558900395909919 0.00753753592386736428 0.00592463993778747939 0.00067191383761820993 0.00021529958430613927
0	0.99833753145659986927 0.00023064258862259314 0.00001434004076532579 0.00016628250602483533 0.00064357177484073000 0.00005326564958410950 0.00055436598356241079
1	0.28982416195417887161 0.70578467489351881525 0.00003669136337316402 0.00031845791312309939 0.00217220092321331265 0.00078042343725213330 0.00108338951534062361
2	0.00004686796499287406 0.00002598982554504504 0.99942723253153664675 0.00001031043415661334 0.00010745942412412088 0.00036706829525462605 0.00001507152438755636
0	0.99556932742962622740 0.00034062526486915899 0.00004871834068261462 0.00248359219055794113 0.00012988870844466633 0.00022174664197815311 0.00120610142384134224
2	0.00000514544224533925 0.00001880960452296415 0.99586518186398431673 0.00000098022296647072 0.00081518176296335916 0.00319175956592204465 0.00010294153739567541
3	0.16065480988543948127 0.01673849870741832627 0.00089711688358259012 0.79240833657230980158 0.01077929673936969118 0.00034863157765771107 0.01817330963422228787
3	0.00325714588064683229 0.05160318492628657855 0.00391682284378353472 0.93108118025320207867 0.00378127488028203070 0.00491653776344491613 0.00144385345235502273
5	0.00001976727302500282 0.00027230940830611790 0.00144729884640934633 0.00004036392330541835 0.00002001361680624187 0.99818776469953884867 0.00001248223260998504
1	0.00335069830543171382 0.99004644208224434898 0.00092120130752066818 0.00426134620735943697 0.00036759917576379781 0.00090966818649243627 0.00014304473518670014
3	0.03177986845105872787 0.07544767657903431179 0.00236034213376664628 0.88636824141997583304 0.00110636517587547260 0.00169784991627436625 0.00123965632401467859
3	0.00052186686544646304 0.00887633312295864167 0.00001606693715927248 0.99054654152255039445 0.00001417292667395376 0.00001956569691432633 0.00000545292829738863
2	0.00000166302011225958 0.00001508560237088505 0.99994924228753900852 0.00000139613129955996 0.00001758080754670129 0.00001328860596790614 0.00000174354516292776
5	0.00176235462339569536 0.00019629166127624017 0.00013277860243499358 0.00018940665318055758 0.00025100893553350699 0.99741286996327871428 0.00005528956089980123
6	0.00166371839601520046 0.00273197773142265727 0.00038362023092269784 0.00038203846367779805 0.01768364189364929687 0.00051991820030949096 0.97663508508400309616
1	0.00337453052176746532 0.74893894265177318736 0.00179342321121751173 0.17770797914863042943 0.01849081737938442285 0.00107766095572736230 0.04861664613149960235
1	0.00162651482940582605 0.99165109428154352145 0.00197738660891482723 0.00238337655872515857 0.00025082687313338493 0.00192764378691898997 0.00018315706135773140
4	0.00401303360453124282 0.14624831528218770749 0.03999054116132286923 0.00002488032758292674 0.80512679928037034216 0.00341721659300239355 0.00117921375100283341
6	0.00041476779125200209 0.00479853553525848991 0.00070359846233523113 0.00046208190364165709 0.00281044710893373420 0.00006016088650270613 0.99075040831207628056
2	0.00048722883733947524 0.00344128298299028286 0.99401102872328161997 0.00014160898138497368 0.00070934470375962706 0.00112045253644590015 0.00008905323479888233
1	0.00354331327048077946 0.99598622935584613103 0.00016014392845399084 0.00014029491575841258 0.00003173949009873865 0.00012789276817526193 0.00001038627118671361
1	0.00218484053000263289 0.97310582489562014175 0.00199748371040724343 0.01683240811058613409 0.00403525795595901116 0.00148893388203817818 0.00035525091538644616
2	0.00004242902781147584 0.00006282746176164193 0.99882644209373128152 0.00003863962568541713 0.00023100995506707882 0.00069801673727156409 0.00010063509867161882
1	0.03002671676016259450 0.71440753834066161865 0.10639772552868426159 0.06053751131291688209 0.02393910699967786299 0.04815212207931589966 0.01653927897858059257
5	0.00000177273610061799 0.00000176239275161652 0.00256836008093969982 0.00000038916567277794 0.00035637494708390220 0.99705956258255457048 0.00001177809489596211
3	0.00292231833461636253 0.01678260022475148300 0.00119567469608605759 0.97771861058823306134 0.00040743938081750318 0.00046451901722734427 0.00050883775826803261
3	0.00056912425290537715 0.00403966076972925043 0.00008394921310543325 0.99511139703515361088 0.00001657088580698778 0.00014619288610788402 0.00003310495719102249
4	0.00019608344030002441 0.00049526847523194808 0.00060153848738423311 0.00062656051835436395 0.99663060188884267099 0.00092037150845149002 0.00052957568143451126
6	0.00051794175384584583 0.00000842408633309031 0.00001650481706805333 0.00000168005044981151 0.00092157264302361044 0.00000288194984761475 0.99853099469943207289
3	0.00542656682697489987 0.02092887615168076421 0.00130459137470407432 0.97074177729780719570 0.00051505489409214551 0.00051282848187824380 0.00057030497286239307
1	0.26252075780658268300 0.73601039848987204195 0.00011608088411541158 0.00033848107730147275 0.00005668308252592312 0.00068720503270103901 0.00027039362690166140
2	0.00006328993587751615 0.00009854597523862258 0.99925303276645693895 0.00009299135592948381 0.00020818519227162148 0.00010691776496954796 0.00017703700925601496
2	0.00006953428659867722 0.00002592495987292206 0.99963291344392635196 0.00000897313347335262 0.00003305027414389527 0.00020218390139474635 0.00002742000058895482
2	0.01073015007509857920 0.00896126574405949061 0.93832083318516656956 0.00434260513597399013 0.00308078002884270685 0.03266605139802668950 0.00189831443283234387
4	0.00422789737755029701 0.00294969697567837611 0.01243296105991244065 0.00147910303911010302 0.96005777183937301977 0.00018781021908629783 0.01866475948928967427
0	0.95069752857876910213 0.00453632093287525962 0.00045127323809730839 0.00809637166136020422 0.00419758253343313886 0.00440463021506732385 0.02761629284039746057
5	0.00002203917898784341 0.00018057153162865099 0.00013907848198469735 0.00006323699249314380 0.00047087716605626398 0.99911212635228729972 0.00001207029656151362
5	0.04651339416011496253 0.02675294235359125875 0.00463604261098738736 0.03970899786470288850 0.00625521734863855421 0.87547322016574768977 0.00066018549621740797
2	0.00241173652220113719 0.00074519007992282797 0.99337248236345232488 0.00077750753450312273 0.00064155468072584463 0.00200798606595656596 0.00004354275323844098
2	0.00047186086675106523 0.00020695021007559111 0.99823318101516755885 0.00009633959327352768 0.00028397164654663854 0.00065235878453146607 0.00005533788365454738
1	0.00033243910507893678 0.97634593634735988843 0.00576845210784971731 0.00638075405641222448 0.00102218789434031332 0.00928279908317977860 0.00086743140577953627
3	0.00936197402226848080 0.09748616832081331840 0.03469834612029551457 0.80125298573077119446 0.02972588476236417976 0.00978220064474157394 0.01769244039874506846
0	0.99335821447842020948 0.00224181603374186368 0.00017841111726996596 0.00152093820328008601 0.00161571587748267722 0.00027481860448217235 0.00081008568532304787
0	0.99735689360346380106 0.00193047059208795169 0.00002104583074484120 0.00009477593320565338 0.00016707074319379861 0.00007962022753072754 0.00035012306977308589
0	0.81280369609747615822 0.09339084960855920103 0.00406482446485645355 0.01382032163262454996 0.02375048042891476918 0.02909949535816086161 0.02307033240940803767
1	0.00841669551734856337 0.98247449224612426466 0.00130404189562524815 0.00494361351038647562 0.00222684185617144648 0.00046074489971608643 0.00017357007462814471
1	0.00502618733009063592 0.96814328854743381125 0.00420436796257156811 0.00728862723904366485 0.00818992903207862132 0.00396705320734815504 0.00318054668143281883
0	0.98265095907599064873 0.00559926274219227013 0.00389379877343064718 0.00156616790757604018 0.00063976198300669913 0.00115204203453562960 0.00449800748326815471
3	0.00025499156363434323 0.00070079762282139935 0.00005789760307066225 0.99889492528963730322 0.00000496592563569065 0.00004877055686094488 0.00003765143834165670
6	0.02658273618557387835 0.01596150200315252926 0.00684084203392028734 0.01401935793349980142 0.33309422057912907444 0.00818394149210835073 0.59531739977261588503
2	0.00005038697323929953 0.00000931040870846738 0.99958520343512369255 0.00000066829053691396 0.00002989945729657011 0.00030842921669389073 0.00001610221840122948
4	0.00044414775713136839 0.00043274398799369177 0.01415587716277626022 0.00014501640127290836 0.96790605604609747381 0.00148794252271436324 0.01542821612201451115
3	0.00553803895603180094 0.00145144647782823695 0.00005915778403701391 0.99253361506769732792 0.00034109418625352759 0.00004296110257238517 0.00003368642557897481
1	0.00610884861773260211 0.95852593985602552173 0.00113982812975758365 0.00109579093586946474 0.02761124306984768378 0.00108190771048336984 0.00443644168028312427
3	0.00293212674098695643 0.00065734450159823791 0.00226260174358822912 0.99366033234560025011 0.00005687976061542415 0.00009659805202603304 0.00033411685558464580
0	0.88932489321863172904 0.10918192187079851785 0.00003359823620993005 0.00041510539192331241 0.00033932197557458028 0.00035244913853757861 0.00035271016832415556
0	0.98217194271999741506 0.00582569567276541248 0.00184670978460016845 0.00468140536909948408 0.00039814382947138475 0.00363480380673810409 0.00144129881732823757
5	0.00380964358259647164 0.00640179910821609289 0.00011221564503730415 0.00004200591988930857 0.00011387270045201434 0.98950061751064299909 0.00001984553316608066
1	0.00220905148971911516 0.81370482374869568254 0.07191632385229006219 0.00005026699250385879 0.09029868518995153026 0.02111563096080852978 0.00070521776603126246
1	0.02440076908543570983 0.36772251958429691410 0.18129428596810184815 0.12709170953045398345 0.00966437316744897870 0.28445666741868452787 0.00536967524557808561
5	0.00052682306982720320 0.00002216897923004799 0.00006147872979191400 0.00024532287774745953 0.00008932441949910162 0.99899582241739148802 0.00005905950651326550
1	0.00754351470656968066 0.89201811578086886989 0.00360364299578056759 0.00848180833955922836 0.08394915115450284071 0.00342372492291248207 0.00098004209980590376
1	0.00595160820597897319 0.99079977679461439521 0.00016689276974869073 0.00017066000085867662 0.00010699972555799771 0.00276034133089694258 0.00004372117234344596
3	0.00296894705439882875 0.11780624678588547116 0.00045504011690529657 0.87789362250512104069 0.00011481749876713722 0.00046079799384367661 0.00030052804507789936
3	0.01258849433165388707 0.24264917305494068667 0.00887182930220839841 0.72805048234515690186 0.00051962989738650459 0.00588185384350897993 0.00143853722514494168
1	0.01691441391149810930 0.85582779115756202337 0.00312617554053686974 0.00277826329859597043 0.00262622201604721141 0.11863258119035069438 0.00009455288541004148
2	0.01666299212798797238 0.18343929813599513245 0.71166999937212616079 0.02584484735877360870 0.02744415160764582251 0.02613475216892452782 0.00880395922854676320
1	0.00010192387188835530 0.99590142476824816686 0.00028417910851661309 0.00338540046147543100 0.00009458599214098602 0.00020977647029559709 0.00002270932743461505
1	0.00044306478926541307 0.99879770515943566700 0.00004532699652187003 0.00026685283540863104 0.00005042960214898819 0.00039012262332207079 0.00000649799389630231
1	0.00385924905896482383 0.98532698609390156896 0.00081848437477629969 0.00763280197311971224 0.00159602424317798288 0.00063538904771825641 0.00013106520834078083
3	0.00047661799812914204 0.18551103556522721694 0.00014690628388181056 0.81374621225102272692 0.00004976310363811980 0.00004616703997048484 0.00002329775813124126
5	0.00340312142255733661 0.05480956760804395200 0.00538075584958884034 0.00219710591774489308 0.02793586813518963985 0.89969497090709926734 0.00657861015977624121
3	0.00541033564958908180 0.00888842567105592452 0.00014507326106427175 0.98471674189722435688 0.00012068549308363707 0.00063946666387807111 0.00007927136410457293
1	0.00991986205035506018 0.98087787149916938478 0.00052492305057898930 0.00172156316972238259 0.00376417782675624903 0.00243766461668157037 0.00075393778673504396
3	0.00158092831407342796 0.00250699337511209579 0.00119238487912171217 0.98946088677340671147 0.00169011889365018294 0.00124422119718419801 0.00232446656745090774
1	0.00086364136724496497 0.99891648449035130852 0.00002542082855125920 0.00017159719528879070 0.00000891888729302714 0.00000656249903098972 0.00000737473223968056
3	0.02602782903355493199 0.04186959839699227331 0.00104098341584999473 0.92792456666548350785 0.00009663467080300708 0.00301167514975410203 0.00002871266756233826
2	0.00020148095320167211 0.00005733249587095368 0.99966429380935672988 0.00000932619608393600 0.00004016756566319453 0.00002290049716131594 0.00000449848266359097
1	0.00129512589891078245 0.66082095761183168303 0.00020930737678550738 0.33755379851722605578 0.00001734560380904453 0.00007742716797831999 0.00002603782345823075
0	0.93042767044443108748 0.00555433713946076792 0.00056904803897157787 0.05285486272661264057 0.00549885505808997508 0.00098110656314077428 0.00411412002929350054
4	0.00059278073173200214 0.00666365760565386551 0.00622967826196706414 0.00094441889498356256 0.95403457600948349260 0.00050415826186613077 0.03103073023431373798
1	0.00078347426316864534 0.98842384151593065678 0.00431886985961232091 0.00262983388937054925 0.00103975261757293823 0.00270643740473454483 0.00009779044960987396
2	0.00039005625265150888 0.00008146127684345174 0.99903906204267245439 0.00007323563854976268 0.00009002981463833998 0.00030515778957818188 0.00002099718506555041
3	0.01202826366648366424 0.03715134354919182730 0.00133622528131384886 0.94831803281850013398 0.00000569399255324430 0.00100222099381080238 0.00015821969814644709
1	0.13880336011110952499 0.73973578595761368959 0.02048832149440796627 0.05626914715051982430 0.00747846673256223528 0.01381597148071575347 0.02340894707307112146
1	0.08627332279662709713 0.82732545894608999770 0.01301914615040212532 0.02116594363422073105 0.01353394842647943214 0.03291271434280348962 0.00576946570337752516
3	0.01589561575141837033 0.01103481154357835968 0.01214909840312707393 0.93007232984564824907 0.01903461062258230557 0.00227097814594460741 0.00954255568770141609
1	0.02467001226719386930 0.89333249257401747823 0.00025660077382356550 0.08092956690328137470 0.00017092908429307567 0.00033123556668729202 0.00030916283070295042
1	0.02388353915763350571 0.92245643228805040970 0.00703255879113441704 0.02389128240832793029 0.01109292240388735917 0.01050638342954721832 0.00113688152141935925
0	0.69336750902765176274 0.28835476104486457150 0.00301551466908163250 0.00290693705707798086 0.00431550968482372326 0.00734326808679392363 0.00069650042970658885
2	0.00073512460558262688 0.00027115932120046264 0.99676520138985680308 0.00010328778089903049 0.00051955373080533071 0.00153255365505196436 0.00007311951660390126
1	0.00072587395855270881 0.99449760522950381159 0.00050721275414274700 0.00022074630506762409 0.00014857780165055805 0.00381259204828146873 0.00008739190280016074
