0	0.96746213173181228040 0.01092572449834348751 0.00238106649453610503 0.01482392944996213137 0.00125581177718836349 0.00104779744936772147 0.00210353859879013885
2	0.00100830621326234468 0.00086753846671676371 0.98113399809683254915 0.00116854485052871526 0.01202630695271023932 0.00263153291410804643 0.00116377250584187271
0	0.88057266127371724984 0.02968601682714204493 0.02339198097674455301 0.03791093218035842399 0.00998551299302494373 0.01133940993035173830 0.00711348581866121706
3	0.00002975086378122385 0.00008102717664748715 0.00000378588386843740 0.99988083598096200166 0.00000095608423541249 0.00000282328221752091 0.00000082072828822985
1	0.03659213815395651742 0.79340691206912483668 0.01767648526440118370 0.12911212624420054240 0.01120742016059976011 0.00324338928589441551 0.00876152882182261970
1	0.20830553217101974162 0.74144748756065725903 0.00319356990571428162 0.01812887054498550990 0.00206537206191330196 0.00548151094316471146 0.02137765681254526901
4	0.00348459829371757738 0.02015324128096298087 0.01368526850620644351 0.00152021315481770886 0.80953311476934752822 0.14728207726972780689 0.00434148672521932327
4	0.00011907170256949465 0.00127574644970663100 0.00043423527381143792 0.00114822502728968105 0.91513390324823495892 0.00012712309969056747 0.08176169519869681823
1	0.02238579217267694724 0.94769685956720695064 0.00138484460567140657 0.02777238910697112095 0.00006534947046770086 0.00055709824575164908 0.00013766683125410864
1	0.00107516607283370718 0.99726486149151838401 0.00017984231644258811 0.00027665255925960250 0.00017346156772299681 0.00100218961850439994 0.00002782637371816224
5	0.00218500698888248260 0.00740769999796908347 0.26067645129312799757 0.01210387041218639360 0.00009403779162473197 0.71600016736246641091 0.00153276615374278529
1	0.02651257581253566378 0.97035483152878831969 0.00063333384724541134 0.00028809209358141849 0.00029998506871435230 0.00103672344099491011 0.00087445820814000517
2	0.00008420137121423181 0.00002827524897411925 0.99874462713322154084 0.00041821540985840036 0.00020140375643793476 0.00011867571881792158 0.00040460136147347294
3	0.05590755053347807452 0.14902382107892972463 0.03429476812525800861 0.71348716036411086172 0.02402618760319933516 0.00839719001508266137 0.01486332227994093327
3	0.00275372992082580613 0.00112610054458243633 0.00224865041613395156 0.99353474485880144407 0.00007033978616378887 0.00016643334917768566 0.00010000112431516188
3	0.00087857145713616874 0.32524630780482072234 0.00052297419502934028 0.66967083569280339006 0.00280087926423069683 0.00056721132207753291 0.00031322026390133483
1	0.06825432215877885733 0.61474121030957040723 0.03859376616093240092 0.12414615771654823051 0.05400719613501239746 0.08246857290767906079 0.01778877461147874983
3	0.00118930272085214159 0.00391659437091414382 0.00182802667533901449 0.99205918571650575366 0.00019383695843983758 0.00058266835206676447 0.00023038520588243642
2	0.00079984219514802940 0.00029854444198635982 0.99436885904644234380 0.00173717051387879185 0.00223782072881770124 0.00048809974620028009 0.00006966332752572129
3	0.01435979325832158378 0.05358447615785474905 0.03413413491121968651 0.76939207346168192458 0.06690632185864629766 0.00628685008574138889 0.05533635026653457162
0	0.43255023233169143104 0.41937361058429167837 0.04620845628109337272 0.06226306719472893270 0.00953357423509141808 0.01550193403031517071 0.01456912534278805189
5	0.00462011603209870007 0.31701449314737395468 0.00738211629503590389 0.00071236745788074633 0.00259657028910689714 0.66715053430998116912 0.00052380246852182016
1	0.02636247980465438595 0.92622449854322208562 0.00036628598031217393 0.03422446956448867844 0.00011278328004655721 0.01258147620563418966 0.00012800662164133916
1	0.01317755105880227817 0.97245069372868375712 0.00486932480623375723 0.00611999065330716754 0.00085647492025195534 0.00222111961897519632 0.00030484521374494431
1	0.04165959174250727370 0.91950763301955795725 0.01749705299755959995 0.01244815667057894322 0.00377524978990240786 0.00250845746234621856 0.00260385831754749754
1	0.05188069115507730478 0.93882155783663001625 0.00075244295015694062 0.00555953762413063501 0.00055220739903020957 0.00206784118886010632 0.00036572184611495848
4	0.00477725976905217335 0.01111545771355638111 0.01035048433281125953 0.00518195658455627289 0.96164207717320560054 0.00282735009447995919 0.00410541433233776835
4	0.01411635099720337516 0.01202681815222443086 0.00500092900598101547 0.01042072044666193624 0.83528831582598950245 0.00162182252669952490 0.12152504304524001932
2	0.00063867789437172581 0.00108191745345789054 0.99730358004639785285 0.00040943668374804988 0.00009792591959351384 0.00045606717463485968 0.00001239482779650989
0	0.91971598963828271600 0.05213952009923516345 0.00435101832432984587 0.00580721062457647836 0.00619321767974679877 0.00853493017322043586 0.00325811346060842031
2	0.00085084713059770285 0.01464094375407096714 0.94115847864954127466 0.00605288731772660703 0.00703676048219520432 0.02099556239809854952 0.00926452026777012383
3	0.15710589808262137579 0.05137438943103720540 0.04014784694213656413 0.70282505392380278941 0.00566492101393863134 0.00451914019703968453 0.03836275040942381531
2	0.00428147728556531673 0.00052352913072253524 0.98279374729798196775 0.00013508753939100963 0.00042572280264859192 0.01073857845459812686 0.00110185748909163539
4	0.00055532708910873384 0.00029131912352445402 0.00130867875349866621 0.00005910720085644864 0.99474123171920425523 0.00132029075394142015 0.00172404535986594521
3	0.00055658648397195407 0.06893185067240416297 0.00336884929846790245 0.84899675794142814844 0.07580740487909068404 0.00184142884320951891 0.00049712188142801272
1	0.00880284888600207753 0.95763101617503421092 0.00847986569712414449 0.00343666761617602732 0.00765487246913467909 0.01252627105613991591 0.00146845810038922510
5	0.01527810613175041576 0.07780047612688953396 0.00162852940437252579 0.00008388740027785225 0.00692052400685087398 0.89807757203427640569 0.00021090489558296075
1	0.00637926288789586026 0.90106560022642478991 0.01233046064471975296 0.07010902032866291045 0.00288960776412628371 0.00600681969358416411 0.00121922845458703830
3	0.00119868631422146744 0.00123787403627133785 0.00181579134363915617 0.99438128346497967058 0.00015032043980068275 0.00061234876546532174 0.00060369563562163477
3	0.00555181934366523380 0.03268894560857436848 0.01590208377832496092 0.94038139506732443262 0.00099850006797457956 0.00047001343474183083 0.00400724269939546542
4	0.04133069884756998547 0.06266597146024999176 0.03520622227867680615 0.02506321770203728469 0.72836396197246300321 0.04970460928248472687 0.05766531845651830940
4	0.02141626636328860731 0.00036237008395497534 0.37941468684422557933 0.00120393285345635833 0.58269302308210479957 0.00578828813438508460 0.00912143263858481400
5	0.03122175155890697870 0.01788557050625807013 0.00424970643653172029 0.00328149317416831857 0.12685452781792116994 0.76468846422002845209 0.05181848628618519054
6	0.00012587966020598769 0.00156141921556872485 0.00074948052860409394 0.00066723160167269399 0.00088870062914157572 0.00029313336126121398 0.99571415500354620853
1	0.00035163319366083906 0.99897097062165973735 0.00013533574823150414 0.00007511171373024584 0.00013099625614693074 0.00003299674391730830 0.00030295572265412717
2	0.00080595662954710263 0.00670904935660389390 0.98420713207811238998 0.00173933995441966538 0.00136052326241746404 0.00286019240592240822 0.00231780631297660768
1	0.01669345494304459374 0.93525695784732376659 0.00949639530776312697 0.01275021565686138524 0.00145953940977174598 0.02176529032073126063 0.00257814651450343499
2	0.00069672344464806078 0.00210526693319882090 0.98193737399724900783 0.00283157561487023439 0.00533735111031491665 0.00356476254683591853 0.00352694635288365371
6	0.00478276484821434696 0.04027100801901915827 0.00922811450542716620 0.00602582952545946491 0.05715499147898808752 0.00265392359355093657 0.87988336802934108416
3	0.03441493346054605440 0.05504209914467953629 0.00224992683694315819 0.89903421999959509670 0.00249638382059184320 0.00416941496412424895 0.00259302177351933370
3	0.00392534235509215974 0.00185812490091938451 0.00096333522145839107 0.99302378714882078015 0.00001958834035521383 0.00003465862403628305 0.00017516340931763316
0	0.87295763651799007654 0.02264456050154289510 0.00754208665414024450 0.01590184067969945339 0.01737327346533426575 0.01919060714528987577 0.04438999503600312563
2	0.00056832120387474456 0.00162996932953371975 0.98151676206686622184 0.00051492038932060124 0.00168150941488136589 0.01286226937707435694 0.00122624821844915339
4	0.00075329846363799801 0.07183795994463255952 0.00315294446114762266 0.02184502290876721639 0.89903260262297834959 0.00174290115914830612 0.00163527043968806685
3	0.00557904919195264908 0.02183160513331423858 0.00089030363332318432 0.96963024132564079594 0.00170714858884823202 0.00020674799052437933 0.00015490413639629219
1	0.00181131999596439411 0.99462702054686724651 0.00101626003922948007 0.00161394992840729846 0.00011632828417803825 0.00077526279277484109 0.00003985841257939153
5	0.00213662412728680105 0.00026304087237688864 0.00055905877458158190 0.00052307479300262385 0.00044460737483833151 0.99506052408317313684 0.00101306997474017411
1	0.43183169726183523451 0.52828563813404694205 0.00059845718779660015 0.00294095207326843357 0.02061586291746682689 0.00297366755803479734 0.01275372486755121069
0	0.56992911298666681930 0.40598050932656865042 0.00197304403482866141 0.01242194264144477929 0.00157822514452873007 0.00617255522381216035 0.00194461064215037567
1	0.00472044216094742383 0.98013193658475827874 0.00077224295922306071 0.00705389206552562743 0.00578425312570095274 0.00086124639186462568 0.00067598671197976502
3	0.00008647897913238636 0.00061747545783006447 0.00212410802760907604 0.99602848838615909433 0.00002847574490334331 0.00096008366820907718 0.00015488973615820074
1	0.00073341612910537372 0.99671214463952084728 0.00122129915944277508 0.00067042808421131223 0.00027451576911508040 0.00022212698844984764 0.00016606923015368151
0	0.99597896867025770273 0.00070831055265834462 0.00010776027470544630 0.00055661139416276822 0.00064746861645375252 0.00019094878745750518 0.00180993170430451085
0	0.98385079949475950922 0.00363332464744493128 0.00280241962825056572 0.00636011416773503337 0.00134166774906823447 0.00057152129274471385 0.00144015301999708581
3	0.00081635230040802463 0.01264001883369844301 0.00039382903984912628 0.98502181615481099186 0.00018015905470479277 0.00013444653062087795 0.00081337808590661019
2	0.00105636632492095905 0.00074997727253683834 0.99524293956477649647 0.00194325220648728638 0.00030846812043628177 0.00047634147160343266 0.00022265503923880124
1	0.01265827008337044521 0.97820325732570834187 0.00170311592210678812 0.00496653498319329055 0.00119285833315608625 0.00028028302111738799 0.00099568033134644690
0	0.97867857392282331386 0.00788688918683660631 0.00068146158684744874 0.00064326557873039354 0.00259109129912828097 0.00251245186430062344 0.00700626656133331634
3	0.00459205129697819354 0.03059085061416908988 0.00038158246960388355 0.94427229967843850922 0.01743169172409150813 0.00179619236751347414 0.00093533184920488834
1	0.00103629527060808782 0.99476134462968290872 0.00024038032738431952 0.00084048064686018044 0.00065819824828391169 0.00020091323227689359 0.00226238764490336490
5	0.00010286925838476308 0.00257590381384428628 0.00094031274682327228 0.00037057957880048357 0.00040829588439053962 0.99510994840575117681 0.00049209031200568999
1	0.00335168252661826194 0.99200076176381357662 0.00084431583993554527 0.00253418541809705307 0.00033021345285412425 0.00047602684728168307 0.00046281415139864268
1	0.16965009484434562248 0.65891493049907523538 0.05682022352476774618 0.07638718065134790514 0.00690713738553807612 0.02617253019015135587 0.00514790290477379862
1	0.00557446086501778900 0.98849826475402857717 0.00001751313852224950 0.00521460194623706366 0.00019962926783511392 0.00029545714251888883 0.00020007288584046305
2	0.00151037078255847551 0.14771343971796169203 0.83369306718040570026 0.00083260976011750908 0.00094727975909646525 0.00791741408759992320 0.00738581871226013775
4	0.00014758091863156304 0.00022960352888342828 0.00103703238067579754 0.00915299112077961642 0.98505019463499099430 0.00062306304036826633 0.00375953437567109160
2	0.00531882997077376060 0.00029583594430304840 0.97395628725895899702 0.00018591334582267606 0.00033331589861548334 0.01878334512155410696 0.00112647245997219564
0	0.99467189696504332286 0.00021268297047747934 0.00001983163072020959 0.00437514626712346040 0.00011448639893245048 0.00011945921184497781 0.00048649655585793975
1	0.00164124829997462141 0.99655178779402586731 0.00024800737484278573 0.00001608919281589292 0.00019595380450315573 0.00096078295886187443 0.00038613057497568441
5	0.01047042332949310942 0.07211360180617518156 0.00770487187149151813 0.01000432821185376873 0.02501149247576163123 0.86005013357971904497 0.01464514872550586738
3	0.00164775518987419155 0.01391406994026078356 0.00357320643871376475 0.97902407315240314034 0.00064440759292858378 0.00070926444366579348 0.00048722324215367874
2	0.00006407092759081716 0.00024419188979843631 0.99750384552992876763 0.00034058734007419905 0.00100222328460205742 0.00026289765371541372 0.00058218337429057207
3	0.00221136399214819004 0.07661967253119827959 0.00021425943752625024 0.92057827876678233192 0.00008856878584673162 0.00005609197350246158 0.00023176451299579301
2	0.00341033408483101081 0.00017212229280603292 0.99329070393827723073 0.00136837353737571162 0.00088268239352293893 0.00074261441513355498 0.00013316933805369369
1	0.00055345648394992562 0.98091244409661071391 0.00062559810318157927 0.01480959318609215668 0.00025701603407980397 0.00233303064613333069 0.00050886144995321704
1	0.00070495921721759527 0.99683088649317175278 0.00084263911483978325 0.00069276269157714546 0.00014837805599005911 0.00058564698410883229 0.00019472744309440455
1	0.06206413611907472816 0.93211719390226321913 0.00096529652084805764 0.00210153150667881546 0.00180540930736378135 0.00017737171663774208 0.00076906092713300894
2	0.00032118887800706422 0.00108391285581600511 0.99738988799932426499 0.00012811310687013125 0.00020077730513371508 0.00041812238777341038 0.00045799746707608606
2	0.00250944798319966593 0.00188918461398521957 0.95349648747376491986 0.00142502095379265330 0.00745452456236105065 0.03225192809540291389 0.00097340631749316187
4	0.00850847399748583429 0.00234153793486264420 0.00185699148490049031 0.00125787443275977113 0.98161822738703297109 0.00016972890544189988 0.00424716585751648036
4	0.00153914975418214975 0.00313991880148959844 0.00135648043002674183 0.00015088005361801933 0.99044277459653862206 0.00096641555625448647 0.00240438080788960441
4	0.06154740010621153473 0.00756155311822536737 0.00517399068522364069 0.00116288824854926575 0.73880148895929398378 0.00843639015847038633 0.17731628872402571684
0	0.99019232484775165926 0.00509130475307603692 0.00020849541248459311 0.00053443354370184403 0.00105770202402643686 0.00216996610650505711 0.00074577331245434726
0	0.98403151149755274663 0.00234549691000545324 0.00057003038321584243 0.00075701102625280986 0.00414914790114306788 0.00047445500134891977 0.00767234728048091404
3	0.00004902398928860367 0.00004987617880573321 0.00002615480315187357 0.99986583913420390424 0.00000116911210486585 0.00000599970611836473 0.00000193707632637572
0	0.98201383730799562954 0.00149368498212908911 0.00043534534171146551 0.01076544722656939089 0.00141883900991128715 0.00035930793462636128 0.00351353819705691817
1	0.00854722685157794683 0.98151141317918810802 0.00142179527361786318 0.00212291929304678001 0.00012242913191089601 0.00602107852300837534 0.00025313774765015854
5	0.12521111525875039394 0.00592624342350254931 0.00961903900571209509 0.02590113221041547356 0.00118558381417954977 0.83096476585806577919 0.00119212042937439527
1	0.01283651895660702612 0.95929959578354351279 0.00207123844108078386 0.01619604436797707214 0.00654287921156664672 0.00287681086105948808 0.00017691237816513212
1	0.04046692946673533658 0.85582837276899736967 0.02032974138635961631 0.06747588149466844654 0.00390626395386623870 0.00568037971269674119 0.00631243121667623367
1	0.00147730574443247155 0.99730809653810359450 0.00009159676350241354 0.00015702013380710993 0.00006408381101335622 0.00088033414680122274 0.00002156286233955739
0	0.99315642818736427078 0.00153344488880065842 0.00047178792431136230 0.00118567479735785060 0.00217922690200345612 0.00012156584531470416 0.00135187145484776572
3	0.06610459071870057601 0.09920239546970659184 0.01572583812664653594 0.73459898286724367722 0.00978728015831581942 0.06875642141826444897 0.00582449124112239744
6	0.00280558586731783797 0.00035370892524623016 0.00033342651150921547 0.00001383106322197716 0.10198411996765756327 0.00010155563208650695 0.89440777203296062403
1	0.00040404529670472558 0.99622262005370476601 0.00016245440602036224 0.00002036215030845789 0.00001073763805336103 0.00295717000650627193 0.00022261044870265569
3	0.00037269415639895083 0.00074048393668705150 0.00005571436357497912 0.99725154925830472585 0.00084669177289643913 0.00006115346751608080 0.00067171304462215991
1	0.07297419942690171191 0.83304967572678600973 0.00381886438619531655 0.07084509966492580357 0.01054982251829564288 0.00720149008900640257 0.00156084818788948423
3	0.00893862486352069857 0.06091547841829707266 0.02107622923501940165 0.88099423127799436628 0.01147022571941376350 0.01317097425948142442 0.00343423622627397071
3	0.00247928153629389456 0.00123819576318149466 0.00296014943091878462 0.96532776348580506820 0.02028356508343744438 0.00391142277081509612 0.00379962192954728115
5	0.00160386449501715616 0.02201401277435732079 0.00303096879437755743 0.00213153085967255837 0.01803471284192679699 0.94581699304389199590 0.00736791719075647993
1	0.01015883390256815122 0.94845411206576413221 0.01146553348544192101 0.01294786491282452941 0.00688994020338301941 0.00217130583126069624 0.00791240959875694032
0	0.97346831124151211867 0.00265214251974135251 0.00090381151285499992 0.01996245912765545749 0.00081090925000753579 0.00018674718538513698 0.00201561916284348931
1	0.00004229887736781570 0.99763528526682876407 0.00014712570934542930 0.00081365035254970543 0.00009421802109594736 0.00077460086854502081 0.00049282090426688158
1	0.02007433218794880611 0.94595769221504055757 0.01594920494558832794 0.00454959984247421591 0.00660737835985127780 0.00650738420416909630 0.00035440824492804796
3	0.01089365052736453177 0.00706011076638633425 0.01461070340235859355 0.75233395856537288449 0.00784661043188639336 0.20677827091895850664 0.00047669538767223423
0	0.73651264721430564908 0.04542220535675440402 0.19778723321770305676 0.00300067133095185739 0.00822705491973863001 0.00832712116963673157 0.00072306679090987402
6	0.12857173805468549710 0.00116270146937208865 0.00122408399636326267 0.00637176239795360366 0.01465303013139168838 0.00849555368147050446 0.83952113026876340474
0	0.92420101230412199378 0.01027378368461599745 0.00097719821854972983 0.03048508664849092220 0.01304948225106006623 0.00664580965283112675 0.01436762724032997554
5	0.00946226764058898974 0.00022997246500811681 0.00007737734998372710 0.00011567490211834467 0.00066981176909670708 0.98879976665899260713 0.00064512921421199041
5	0.00043187698240063755 0.00670715244120418785 0.00208559648748017894 0.00152823591220835418 0.00036770584976848156 0.98877282035111613290 0.00010661197582209737
1	0.00068783502182998837 0.99773504850600081006 0.00004871192286959736 0.00047569360961879128 0.00057571232804370194 0.00017641283423945167 0.00030058577739693179
5	0.01141803653787874448 0.01319548043235755502 0.00040083055463478008 0.00184554099245325272 0.00091788050529592309 0.97194636249686372498 0.00027586848051662510
2	0.03974589640448715488 0.16804924444944069339 0.63064076749810371592 0.06817633882621382257 0.03800488559185656590 0.04052841345303444948 0.01485445377686362561
6	0.02387580457449835561 0.02864773139167611782 0.03718611531762195527 0.00291769197825085666 0.01639083298954529047 0.01397299729688688576 0.87700882645152056227
1	0.00592952939659455343 0.97916148191780472132 0.00048000677084698867 0.00618383897991780975 0.00786520850284529865 0.00030050118574334535 0.00007943324624762111
2	0.01664963974095350421 0.00371359741462108477 0.96763842737018324058 0.00004909909982862935 0.00186535569042234339 0.00800532924121905715 0.00207855144277175469
1	0.10797225492930881408 0.84117717648781487050 0.00912981957519640695 0.02965313359425462980 0.00811081649949614569 0.00196537996220112147 0.00199141895172852976
3	0.00142137547282457496 0.01921744218843324248 0.00191453655858976439 0.97481502735185576736 0.00021713151164149810 0.00042250316420768230 0.00199198375244763384
1	0.03629765127405658320 0.92995814201219217932 0.00839754573655512697 0.01850461239220943174 0.00309391631365463866 0.00245156125841094986 0.00129657101292094757
4	0.00049933155114576411 0.00176466245249357946 0.00052729602809550814 0.00046755589090302369 0.98589109930447871299 0.00080531842600339528 0.01004473634688028867
1	0.00039217787892854226 0.99529724055835322449 0.00014301239667874642 0.00395561506933595451 0.00006981982110957727 0.00010001310734644845 0.00004212116824764466
3	0.00153603365443403758 0.00507519006663536675 0.00066590678255869511 0.98991120585702707668 0.00181410803676163848 0.00026682296881341372 0.00073073263376974545
5	0.00625417846749383877 0.00128742559082375475 0.01188648881802627753 0.00317544862593418251 0.00614554959780889455 0.96963027196546680564 0.00162063693444689438
0	0.80030416396187786798 0.18463708392398825442 0.00016463036388406719 0.01427703223586524253 0.00039139248014702284 0.00000574895148268593 0.00021994808275481516
1	0.00973386789735579579 0.94443649439306176507 0.00865192814905487058 0.01798351136154224469 0.01538578768142707422 0.00133089013228375832 0.00247752038527419274
6	0.05425442855535451969 0.01153812218924354406 0.00641573465832297879 0.00165237444697221886 0.03384378103687317452 0.01614187822733310559 0.87615368088590039886
3	0.00192032394734708016 0.11228303578072873492 0.00241105504793334485 0.87647610732456637805 0.00484059205454010454 0.00056921965327285827 0.00149966619161184724
2	0.00446860840632954791 0.05600616590060462224 0.90104677006455202726 0.00071395316418183363 0.00724693953174882898 0.02981385076508832541 0.00070371216749532772
2	0.00025380426057727807 0.01504353071429424815 0.98422113676624956025 0.00014394421494100807 0.00002427757313710718 0.00030267742439654943 0.00001062904640442564
4	0.00186261177986538811 0.01048316088117338084 0.00095327678987259645 0.00829372249505925217 0.97121003556093965514 0.00136138977973761883 0.00583580271335236000
5	0.01593610945854751632 0.18113943060697720866 0.00129180761085896179 0.00010430565642438563 0.00644707902808381098 0.79485191258290566196 0.00022935505620282025
0	0.81472703122806477971 0.02951663584856737549 0.00080621910927506529 0.00049639936210590344 0.14891654363583553544 0.00062960575011565350 0.00490756506603572118
1	0.07026082695441245030 0.62748933836227660521 0.00470801516865284372 0.15170735292412548811 0.06274426785924777650 0.03596625052285795654 0.04712394820842678855
4	0.00057274985362904310 0.04513170204407525310 0.00849582939148370644 0.01259405101609422858 0.92677184805028278713 0.00355944276673411273 0.00287437687770149665
1	0.01833141001568728765 0.87833396113048511911 0.04484700585278826590 0.01021135063081075184 0.03836901203870764915 0.00641233225761775934 0.00349492807390318133
2	0.00018247464288237544 0.00002402794404007708 0.93597281275912991294 0.00001434515561793501 0.05741517325288324897 0.00060056463442199719 0.00579060161102599395
4	0.07165694458406950129 0.00401878295978065452 0.00029489314160742193 0.00318389031107686694 0.92026692779385532717 0.00020029266590649894 0.00037826854370374518
1	0.00791481916130417143 0.84599756653841118315 0.00658037112469829315 0.06828104127295457626 0.02626276944309115929 0.02258830010440527128 0.02237513235513458043
3	0.00102145777986199023 0.00097906318748375298 0.00036320868027270905 0.99741188474340969350 0.00006710182532008585 0.00001382778523098920 0.00014345599842070553
4	0.01992292808234223320 0.07235168281724252415 0.02032998284785229176 0.01366493016619993103 0.84463384751100956116 0.02345340917097437847 0.00564321940437892064
3	0.00301638883390880535 0.04287521858831142701 0.00079778798642760854 0.95205095113118898276 0.00011694714653983210 0.00058850019825898382 0.00055420611536490785
3	0.06001018355487293399 0.00143986149105980042 0.00291764145123204642 0.89836256269552339226 0.02971493987917941254 0.00410780543690244301 0.00344700549122944422
2	0.00010582460927592414 0.00009768854266415710 0.99945369616684609504 0.00009073340767981754 0.00007339966251052965 0.00014748826404599550 0.00003116934697728309
1	0.02542259149225846102 0.95739023651388022174 0.00216003268993794455 0.00792003349380219351 0.00586109405886133059 0.00084659540825101850 0.00039941634300901527
0	0.99731999882234834143 0.00049606648968584914 0.00007336023032871036 0.00022348508663258060 0.00121772866835095418 0.00014513200309580876 0.00052422869955779836
1	0.19576338808173129880 0.79963303808712160592 0.00016832149673261948 0.00024406411724324446 0.00210664774844760479 0.00106722683508412089 0.00101731363363934688
2	0.00007797886199872163 0.00004928147391537762 0.99925603556058129051 0.00005307996916496567 0.00008661099939274097 0.00043266490175741573 0.00004434823318822164
0	0.99389933606471680960 0.00108655111687524738 0.00020204311266145829 0.00285637031295077684 0.00026049253517121580 0.00058649769544113182 0.00110870916218323411
2	0.00001927299774574573 0.00004690281382814824 0.99365448491871810610 0.00000618876800631098 0.00100454444460180937 0.00502053487286013931 0.00024807118424221040
3	0.16921046950946225240 0.01778289708786065862 0.00205996962107270806 0.79467497103842010819 0.00810908038671468226 0.00029007474585136735 0.00787253761061796134
3	0.00559498906358156176 0.04140348018693430776 0.00239683295413325916 0.94415718519995495139 0.00257242891928029889 0.00305087502364731434 0.00082420865246914761
5	0.00008637857649940020 0.00106189557019910558 0.00292600697161823301 0.00006843343453415670 0.00004364678583145237 0.99574132153181627025 0.00007231712950128805
1	0.00362441754466809578 0.98684016204949642770 0.00198082836764042203 0.00539469539690277770 0.00037467021170163085 0.00143482095584410510 0.00035040547374688279
3	0.03660934216589789569 0.06628861552598819262 0.01006877420142489495 0.86279998435679716717 0.00794760519974161209 0.00944560882039461973 0.00684006972975572964
3	0.00112449039930071458 0.00739904208548331464 0.00004964900094375730 0.99127312483719987046 0.00005327777027176525 0.00007537032088923895 0.00002504558591074654
2	0.00000528671352607362 0.00002219878543341875 0.99993426506854732327 0.00000878892984941935 0.00001518388129680947 0.00001023953866204007 0.00000403708268583539
5	0.00265844303201489282 0.00024660064172126719 0.00029137457420753369 0.00021224166532063515 0.00030902274396761418 0.99605989621394275257 0.00022242112882574111
6	0.00357095696904038886 0.02036546594421295014 0.00153960217183099469 0.00194955267199225092 0.02032802970024318381 0.00284742480257158068 0.94939896774010890113
1	0.00071576081286401857 0.67633876042475771229 0.00066911114216665834 0.32048240211469547489 0.00091423004882294377 0.00029608018350787361 0.00058365527318569670
1	0.00285536526379748246 0.99074862181275202833 0.00208371925368342316 0.00169511187162606973 0.00013620539339553051 0.00226574993566254317 0.00021522646908205608
1	0.03044033696778684558 0.49774662733484831278 0.04297938133972280944 0.00052144269302781189 0.41390480739895152418 0.00783391013374553150 0.00657349413191709968
6	0.00085635197849370814 0.01887464246823774769 0.00302532993014305827 0.00159105433063644157 0.00305870988958469297 0.00036493121546309038 0.97222898018744119408
2	0.00098053704271669202 0.00993413514971491426 0.98637933464652882698 0.00108046251712877375 0.00056486161409763055 0.00086923375036147105 0.00019143527945220554
1	0.00351822235168751905 0.99572521337341834968 0.00041208674566656369 0.00013155677046185844 0.00003377972230126749 0.00015365117050821967 0.00002548986595749661
1	0.00288574071937472290 0.97286341849439839091 0.00213424748490162724 0.01636201844377684067 0.00334830827980264105 0.00167895340761887611 0.00072731317012692616
2	0.00016335294311543947 0.00027595264093558818 0.99744322262973050819 0.00035542051970325743 0.00034505071587031508 0.00096473326689682111 0.00045226728374904554
1	0.03270705478974049452 0.71465746143840325200 0.10567884882238411104 0.06176597083276970379 0.02527583976503509217 0.04091528241885882683 0.01899954193280836354
5	0.00001030559730956360 0.00001372047101456296 0.00374520749149692559 0.00000451245118932351 0.00043807419991330124 0.99557543750908428226 0.00021274227999068228
3	0.00624276305556354088 0.01986401335437038354 0.00633918233568283619 0.95984285947535097350 0.00162282342009938412 0.00284936079444634595 0.00323899756448655252
3	0.00077703319587674538 0.00616195415728300940 0.00040100503232517293 0.99195613590098219436 0.00010409667169175746 0.00044965490785609582 0.00015012013398550182
4	0.00203150922224834031 0.00117872167582332567 0.00096809540436503135 0.00252035587365717281 0.98832801769392997215 0.00450759806092874710 0.00046570206904659344
6	0.00093756677039204522 0.00004811486631472621 0.00007039663918698070 0.00000794173575509761 0.00103706237136094205 0.00001172857443343176 0.99788718904255713227
3	0.00800939864942601734 0.02139712310604310885 0.00644726511686141354 0.95238838674207226820 0.00417151559208448017 0.00335161331738725648 0.00423469747612611244
1	0.17112568649579526503 0.82562765807835292176 0.00077590484101962894 0.00024071102475263533 0.00007291634308004558 0.00181294180129999553 0.00034418141569922254
2	0.00034565636682283416 0.00057601095764384764 0.99601388453667327738 0.00134976514690816592 0.00051467175071558016 0.00021942244728182384 0.00098058879395353086
2	0.00019510978075956459 0.00006684538563586588 0.99933989737497053163 0.00007341425746619433 0.00004156899980398255 0.00019980433323844475 0.00008335986812609204
2	0.00988961469841545711 0.00617126233605823013 0.94315146473193200993 0.00349311630918579296 0.00251388253905231607 0.03332540887054592088 0.00145525051481113269
4	0.02425984550223623734 0.00440857784549826114 0.01554768444944019425 0.00494420834297624925 0.92788958173816360464 0.00036169058640277878 0.02258841153528244605
0	0.95523430544716103618 0.00567282549653243522 0.00119910687139926906 0.00375225008406227531 0.00445834302890360090 0.00783767923610329507 0.02184548983583809584
5	0.00008265780010552502 0.00088051988396115261 0.00055994652487329519 0.00014493242937019545 0.00138118795694877031 0.99690651586837675246 0.00004423953636465150
5	0.05336514822764137911 0.05887767210257036782 0.01288631762952358213 0.06762564822799044251 0.01168038607877796425 0.79165894990326712843 0.00390587783022921164
2	0.00560524217084749574 0.00200083134585754465 0.98243503449159197416 0.00700982568644887595 0.00073946577493061644 0.00204569702626063426 0.00016390350406277266
2	0.00116945901240570068 0.00054937483213982139 0.99598353762011637702 0.00092873261222603141 0.00039923908275413971 0.00073032025662167987 0.00023933658373633256
1	0.00086157830554343419 0.97577912522606713441 0.00450114054297686642 0.00801247086765618372 0.00090552998134691082 0.00820800424295072516 0.00173215083345900798
3	0.01552914504053046034 0.08116118264293933904 0.03543078459924924734 0.80694571945392190582 0.03034279879599344892 0.01050518521512030026 0.02008518425224486634
0	0.98942732383938269969 0.00452142555006095417 0.00061668218217025199 0.00142550362382680819 0.00279333908852347906 0.00057234160684701467 0.00064338410918872554
0	0.99612863165946663457 0.00262557959528090731 0.00014098341537368379 0.00012191443831147380 0.00035748672809369228 0.00029789807353610163 0.00032750608993746441
0	0.83262289361927233067 0.07970419538811436555 0.00456625507175082140 0.01511610205248107783 0.01867720815446689830 0.02316061722113639185 0.02615272849277798864
1	0.00808209225139470966 0.98352238373258105142 0.00168644475773213165 0.00394400054363436108 0.00194387087780389174 0.00049368366125923093 0.00032752417559429430
1	0.00631515367546071470 0.96435011080874244449 0.00513236694729629628 0.00682148086665837917 0.00696425948124945998 0.00676009223650739233 0.00365653598408538678
0	0.98188683923274011622 0.00676895465742502304 0.00340260350883331416 0.00122241923759051755 0.00068861206769680770 0.00068568674139342031 0.00534488455432057495
3	0.00060151784246067553 0.00074369463982555954 0.00026625145595573542 0.99795796795838165316 0.00002629198007751159 0.00025013761407263312 0.00015413850922646913
6	0.08362203196374691505 0.01688534816049756110 0.00797916940994365317 0.02844914460998673733 0.21731529217877151861 0.01337253578486705986 0.63237647789218642824
2	0.00021063776996099327 0.00001850732687293451 0.99925564856061888097 0.00000239317610417868 0.00003639495182380555 0.00041745376634302347 0.00005896444827643056
4	0.00419139035769922671 0.00136543283523725997 0.01718822473393442213 0.00045312344688623537 0.95685853070647575169 0.00523956202483042907 0.01470373589493650761
3	0.00967967440353198309 0.00220436027919854996 0.00020248865210820499 0.98457915393583816943 0.00289427830806061881 0.00020210014342008696 0.00023794427784313104
1	0.00768163161791934109 0.94968151804978262476 0.00200809603048785314 0.00100303411098889286 0.02550457551156390043 0.00138312750984143432 0.01273801716941589009
3	0.00711792154749833414 0.00095448566395364535 0.01219124860620167915 0.97548135247376110968 0.00047072162556223407 0.00050033792142522714 0.00328393216159824025
0	0.85351073204579619436 0.14440024033542572801 0.00021719223959900671 0.00034657410642051448 0.00032331526568261893 0.00086177110809481923 0.00034017489898101376
0	0.98183675470036146926 0.00618548065893557292 0.00180676315069979517 0.00408164592065217869 0.00043213242876539884 0.00428403447104962285 0.00137318866953574674
5	0.00555503282679605144 0.01162102333789050146 0.00038934037547401013 0.00006507443531819781 0.00017024073539674922 0.98197961701929203926 0.00021967126983267978
1	0.00333435232763235447 0.90718333550222740591 0.03637901902263147164 0.00014568610229570626 0.03880008861355010996 0.01222491158229683204 0.00193260684936648959
5	0.02286703235557539793 0.27038828528584235578 0.18877564135496241460 0.09285939457943859221 0.00733306493178350390 0.41363788744752844062 0.00413869404486961762
5	0.00132383370472891515 0.00011320551503655594 0.00016126538985207931 0.00054541974961097443 0.00021870618523429756 0.99708052450711359693 0.00055704494842346187
1	0.02519038414254723759 0.91320843759175229781 0.00313930264144025558 0.01614845812936862787 0.03694643611700103997 0.00502151044245970242 0.00034547093543038122
1	0.00580923969511199564 0.99106221803542227100 0.00036743449866328062 0.00014087446960957432 0.00012499282598565922 0.00238566115435838097 0.00010957932084889306
3	0.00718492405489405163 0.11052647347927711807 0.00257519863636500833 0.87446096045701215971 0.00074048608855683813 0.00307615792745055032 0.00143579935644415390
3	0.00948986278286727616 0.21181454078828354515 0.00487923569803800760 0.76895440530274838942 0.00028686434214832444 0.00350132037930483411 0.00107377070660956528
1	0.01022639758444914698 0.94290940925322985766 0.00593418249247730858 0.00282214501668470730 0.00197681152957604770 0.03568083508066002135 0.00045021904292348889
2	0.02131317686455881655 0.14896513918948220412 0.75113266096728781296 0.02052658471220228029 0.02683115081474871100 0.02366329999962011460 0.00756798745210022789
1	0.00012918454955657341 0.99613557647466888234 0.00020618398018157049 0.00327039435805254490 0.00005968272531825725 0.00018616791960577125 0.00001280999261584012
1	0.00052477283046410206 0.99835094593143203223 0.00018293990654594879 0.00027995743371974583 0.00005037651463372745 0.00059857526705157915 0.00001243211615268621
1	0.00443311808523744796 0.98339635538370473444 0.00105713313329908382 0.00828766617913173458 0.00172109328975478628 0.00086193392290694569 0.00024270000596536356
3	0.00177657981783960433 0.19130170515746797166 0.00049875151484750867 0.80576704884775374182 0.00031798776013185914 0.00019024628034200775 0.00014768062161818715
5	0.00385668429670725770 0.05404928648195259089 0.00323331961338127428 0.00115293316066681023 0.02540838354221934547 0.90838199208162995202 0.00391740082344343120
3	0.01416123076827374531 0.01163981476790477629 0.00072815776437120435 0.96872018038708695986 0.00089105530350299051 0.00347798761115252712 0.00038157339770724351
1	0.01051767006726670763 0.97942997744359350243 0.00072553884268776534 0.00189445340375184309 0.00270809292862958257 0.00303165738558743318 0.00169260992848326648
3	0.00266208033905646806 0.00236475935701500536 0.00089935435651157763 0.99029453908289832853 0.00112783386435131357 0.00095428035401745820 0.00169715264615035496
1	0.00089561431540750153 0.99888821340328037834 0.00003280059183709977 0.00015318372375083909 0.00000695271540586104 0.00000709991503249187 0.00001613533528533649
3	0.04802056034560158587 0.04352852429658528310 0.00306820707545788808 0.89170713234394505253 0.00052911911932532283 0.01301433949810253295 0.00013211732098236274
2	0.00069905486850924136 0.00029260975915568291 0.99879365766157135464 0.00012993939561008441 0.00004924358312339528 0.00001993718745744568 0.00001555754457227591
1	0.00312843423420594048 0.73079226875962122190 0.00078014385737821233 0.26467390582448713232 0.00007986241130911204 0.00038707793338289473 0.00015830697961646551
0	0.93005292672307970925 0.00588799282254468936 0.00124588616159599882 0.05309050949356814569 0.00492433992464420909 0.00186930586782375961 0.00292903900674355063
4	0.00775217904444187086 0.01440264223404309936 0.00903772158141888902 0.00611945113224115957 0.92350076783198609132 0.00169754902877306815 0.03748968914709564088
1	0.00133970420153527474 0.98915235848499327709 0.00433907982763887846 0.00194720333710541823 0.00114521490726887361 0.00192522312370525632 0.00015121611775342902
2	0.00110168472863527442 0.00023843140088324559 0.99734769764556052696 0.00069632498220972784 0.00013791023790119894 0.00038366581930937343 0.00009428518550140700
3	0.02210010726448207244 0.04606462644954649466 0.00527503311067883691 0.92166490062198025424 0.00002557529951003485 0.00423712866366857902 0.00063262859013378091
1	0.15091244214511714827 0.75092661461608478657 0.01781257399436561931 0.04126595114243382378 0.00761856133258336215 0.00900429741089807563 0.02245955935851697005
1	0.08178512995336546798 0.83737094573744008663 0.01348467839870574024 0.02310017668744301922 0.01120640981217149723 0.02473243842033786416 0.00832022099053636270
3	0.01966992655241383767 0.01210031780504549487 0.01070832839446659787 0.92901280544877218315 0.01643175028643219932 0.00227361850057106619 0.00980325301229846742
1	0.02559149108941766518 0.92118992681189937333 0.00109163724819081437 0.04774350701811883035 0.00064975649619500027 0.00140617738542332020 0.00232750395075469966
1	0.03423646684563150244 0.88457671290760786498 0.01205072469360215712 0.03725718041866495078 0.01264193144863011257 0.01639861551816482188 0.00283836816769830573
0	0.71637051294620424091 0.26002356064889364795 0.00486066009479618321 0.00258393803331614718 0.00379096908783020832 0.01123419958360536396 0.00113615960535424902
2	0.00155071091724804429 0.00066127123843162314 0.99433907425541201430 0.00080669990233225516 0.00068970297678144278 0.00169257148487548777 0.00025996922491939949
1	0.00074376295463588361 0.99402110730195503141 0.00092435588116436920 0.00021802102751225980 0.00013982931157054026 0.00379287561174921012 0.00016004791141193845
