0	0.96193814310608682927 0.01307602265059340345 0.00055817145370878462 0.02085270419425334226 0.00111635858379947124 0.00065192511233511336 0.00180667489922309299
2	0.00053992818220841520 0.00017693958470073733 0.99007809442697303215 0.00019229523909317393 0.00595219764718356650 0.00287982696011137521 0.00018071795972997504
0	0.88963181044763273153 0.03212167561053402148 0.02121164234628398690 0.03446773689931720980 0.00865694931997047779 0.00769629713545026944 0.00621388824081110704
3	0.00000983746396722948 0.00005503649356217058 0.00000066668275366702 0.99993375895790626018 0.00000021120872777331 0.00000039291892374497 0.00000009627415959482
1	0.05068149032298766704 0.77416145433035654655 0.02188958839129229519 0.12713379293032153750 0.00955223986852836784 0.00329434089705121086 0.01328709325946253982
1	0.20488393496062878851 0.75164067809555368260 0.00081948173883514643 0.01886459850066767030 0.00151957222197624496 0.00253977807404986338 0.01973195640828847436
4	0.00489273320710047720 0.02195046395203404180 0.01351543969235509228 0.00210151722003607292 0.81935936741663240035 0.13399041205149250788 0.00419006646034918249
4	0.00322827154088017529 0.04226197492763195812 0.00543924803281101588 0.02203353212781493722 0.84065578855555056492 0.00324671328068683405 0.08313447153462366623
1	0.08509593671620059585 0.87577820860666455438 0.01759548286906346612 0.01316647322909794346 0.00133180033962672058 0.00400862324610646269 0.00302347499323933882
1	0.00053082949427422693 0.99786247794029048208 0.00009763503033060097 0.00024043999172999791 0.00013749944868508669 0.00111253619895692376 0.00001858189573315245
5	0.00277812032352152708 0.00673266375047982743 0.27567911372174891405 0.01162457720121318899 0.00004907583742750476 0.70203016532853568243 0.00110628383707352010
1	0.03660957909337630295 0.96075221168764890489 0.00056039391178612421 0.00018068665163177165 0.00028728576948871176 0.00087963782688952089 0.00073020505917875342
2	0.00002773340029170047 0.00000794788693937218 0.99956519513983899117 0.00008909941525139491 0.00014633349477347266 0.00008878364577131569 0.00007490701713328698
3	0.07439563192023355975 0.16017261390729103931 0.03790218926703392555 0.68234053368144320650 0.02448219018673148881 0.00873234911239919621 0.01197449192486793081
3	0.00090614016228129945 0.00054980399149529610 0.00038460003810254724 0.99810548069311544328 0.00001448830841759047 0.00002442970439158244 0.00001505710219582132
3	0.00038623229090770241 0.33378628806938054341 0.00021089239533810954 0.66326871495909955900 0.00172763123483528846 0.00048502481931096480 0.00013521623112828477
1	0.08512852354802839805 0.63699396824033305275 0.03318016639482421898 0.11095444336327611734 0.05190846215729506830 0.06577300623379356281 0.01606143006244974136
3	0.00033917984203706713 0.00205068091654595419 0.00023599462220868253 0.99724034326376942428 0.00002329150238397757 0.00008384327602783303 0.00002666657702703948
2	0.00044910113003076608 0.00008584817143891300 0.99600770303000552008 0.00046237189586484980 0.00272511854726247265 0.00025604570222227441 0.00001381152317606927
3	0.01880896299900461019 0.03824425114707907108 0.04124025588186801261 0.73279304804648925931 0.09347659152832106522 0.00699142963667922623 0.06844546076055847694
1	0.42377489098211662544 0.44121776969065246154 0.04207953264654846343 0.06333795807231651365 0.00592017210370458097 0.01282731260256921371 0.01084236390209197994
5	0.00220361768693090512 0.33591916719609254960 0.00419202102213467754 0.00064788932078455454 0.00282601916324298633 0.65391320552178378023 0.00029808008903089761
1	0.07134068199344519023 0.90376506182601368256 0.00460618131868810107 0.01211734032950597881 0.00133188818622227852 0.00472480786301077670 0.00211403848311471267
1	0.00448208116734128640 0.98088593535009183100 0.00242259088466253644 0.00846858026189525707 0.00065534517148538513 0.00293317921730211180 0.00015228794722218586
1	0.03410869752608572392 0.91459135293484683515 0.02017449978026675944 0.01710715490095851901 0.00568815258535335447 0.00555560984599414928 0.00277453242649452212
1	0.01028685099373132829 0.94043805521002155068 0.00544079132399470297 0.02845766929634227851 0.00235526177874748792 0.01174025315075615493 0.00128111824640576334
4	0.00093362764400530777 0.00312174144092390278 0.00685112670575480868 0.00085019453131073388 0.98451102110089461217 0.00101526108574047542 0.00271702749136970827
4	0.14648252612625425884 0.24644929223277847741 0.04332648792398601650 0.15092453411850109690 0.36156999124152106040 0.02282919176656762750 0.02841797659039145552
2	0.00025567273061098228 0.00022383340129712354 0.99910425459800356052 0.00006594894199252626 0.00006155399698691011 0.00028772517528013824 0.00000101115582889650
0	0.92922314518986293130 0.01570903737046463328 0.00338467465741834487 0.01728180751555151787 0.00839536976105996133 0.01616943762562213227 0.00983652788002084555
2	0.00081835639170336875 0.01421813800936954329 0.94865667976220824364 0.00590912729662856993 0.00501159117251588106 0.02041065487297431119 0.00497545249459916024
3	0.19402784971354608556 0.05564407740472773756 0.01462854037459998535 0.69571781481425210014 0.00358067174079298436 0.00379810204881838231 0.03260294390326257813
2	0.00212372067384221158 0.00014629679809233045 0.98221746905779039327 0.00003298371308328233 0.00014282082871524326 0.01521816223855365115 0.00011854668992325232
4	0.00007040227586001237 0.00006334729829461671 0.00123946089565652026 0.00000640256463916534 0.99750750958453016093 0.00030589925276078289 0.00080697812825903672
3	0.00141432912651868721 0.02785653609379659321 0.01930126884001231308 0.70642466827426897424 0.22978266734054017539 0.01056569955892323540 0.00465483076594045298
1	0.00402517932147745516 0.96579541654925116223 0.00526431523080593631 0.00491091035363636855 0.00774112020923427378 0.01133625552432288887 0.00092680281127127987
5	0.05144559906571222196 0.11325962020889740467 0.01378740856407909346 0.00073368246192904876 0.04741616060369373969 0.76968267115438737669 0.00367485794130121201
1	0.00585799287024977699 0.92462233225572565409 0.00967998907173070813 0.05217424272707685967 0.00167513693833759559 0.00509179966910426780 0.00089850646777555753
3	0.00034157439565123642 0.00080804090408004379 0.00022831430609577459 0.99843888119457513408 0.00001942750628034610 0.00009089276177454172 0.00007286893154285805
3	0.00294939546135218915 0.04079197049687149912 0.00544272364011319249 0.94902540275187796670 0.00029168029947691327 0.00019709274272341551 0.00130173460758565966
4	0.04298568468916841995 0.06301943419533030666 0.03129559530646892906 0.02212683213141130104 0.73323011425623230153 0.05723568227359578792 0.05010665714779304752
4	0.02713769956833141789 0.02659161283614374510 0.22399267373714806806 0.02989011553101152824 0.55775337985430117893 0.06307008735983569980 0.07156443111322850770
5	0.02645763614394573346 0.02431565777515038579 0.00357301966561090947 0.00305946596874641244 0.12431108951752146974 0.74657809252717632909 0.07170503840184887234
6	0.00015278576448183949 0.00026158497706648000 0.00019220703491827027 0.00015069817660294567 0.00091292314795612289 0.00006807731341006439 0.99826172358556508613
1	0.00020375655056031327 0.99939010704938158192 0.00004810836953917158 0.00007102799554097553 0.00008301277399508930 0.00002414091123657987 0.00017984634974672260
2	0.00035915505254558079 0.00151171039905243507 0.99286417233807822136 0.00049887166174204431 0.00128186856931680727 0.00307426201799391704 0.00040995996127109186
1	0.01153801887309257104 0.93443516195618891995 0.00327405665479513913 0.01764617107324560272 0.00087395210998027163 0.03063286486718013249 0.00159977446551727944
2	0.00056561374887046430 0.00111986609686293864 0.98956924049890826467 0.00098529416734101545 0.00413127991000148808 0.00272595362440164338 0.00090275195361478417
6	0.00361440898160661755 0.05086519524408286697 0.00649636530876451009 0.00502083483473133012 0.06376738720163258045 0.00278763909567886648 0.86744816933350332722
3	0.01404673369775861179 0.02982387469128416208 0.00027671855460280977 0.95444607766803812865 0.00035181506821593903 0.00063724244430631992 0.00041753787579358820
3	0.00118262603674321220 0.00163692785345975907 0.00018642402272658011 0.99696275837716208379 0.00000431385151997515 0.00000474880583866382 0.00002220105254998393
0	0.88391121143694106888 0.02758357289426884712 0.00205967483486888241 0.01628662692044328258 0.01415137909056586943 0.01384328560124374781 0.04216424922166813610
2	0.00018781681431905567 0.00052249783706656745 0.98935277574792024335 0.00012254634836660844 0.00105235287840337532 0.00855974104978912513 0.00020226932413302216
4	0.00052274075473326259 0.05900114833993462538 0.00151455820981521755 0.02497565052706532049 0.90926940851593085480 0.00263237139572380799 0.00208412225679643600
3	0.00137047635107872515 0.01471398182315274486 0.00009122166755036699 0.98350791383471392049 0.00027101783379336754 0.00002901808888976429 0.00001637040082157549
1	0.00091989566160855245 0.99613926201142477534 0.00041678535275727606 0.00187325857075773864 0.00006711472812779584 0.00056609151696375014 0.00001759215835969416
5	0.00135710958025159461 0.00015698214711038619 0.00029022040653594477 0.00022754246453424057 0.00017027185797651784 0.99736366708844925721 0.00043420645514186015
1	0.08209328339365877525 0.76296632581944190399 0.00370764735330214460 0.01807664655171622656 0.07034157899727547236 0.01558881047231629527 0.04722570741228898639
0	0.55868698701340802071 0.41410055294037723117 0.00124180695861988728 0.01736287474311500045 0.00149533068360023415 0.00625405156872905609 0.00085839609215061427
1	0.00296793189931162608 0.98131694740866981519 0.00035536429820984299 0.00836021891203547578 0.00553116841092425766 0.00094342739204742181 0.00052494167880117858
3	0.00003492477118169621 0.00060025251453954239 0.00037184717310659153 0.99869116259783818901 0.00000447025287862658 0.00027090608691085412 0.00002643660354459632
1	0.00030298454366301013 0.99838332745918312305 0.00053128504305717452 0.00039889590481426168 0.00014641250265431182 0.00019052285514619899 0.00004657169148200494
0	0.99650970878908951001 0.00075375915368288587 0.00003117411645310853 0.00050785218348340787 0.00040869701000516658 0.00018193912079530550 0.00160686962649057093
0	0.98785150691838219394 0.00407925195403509126 0.00075751064509852351 0.00501420591295041740 0.00087262415944531937 0.00051708580012751733 0.00090781460996081824
3	0.00023560222545059587 0.00681310564173140832 0.00004438670535745866 0.99263285963484304553 0.00004113810848640992 0.00002262547814738717 0.00021028220598325696
2	0.00058799790123659418 0.00029507965860847398 0.99794637499083005405 0.00054206978418292482 0.00027782124297463378 0.00031639167608034813 0.00003426474608738481
1	0.00709090664564682172 0.98439780171905277850 0.00136579563870829063 0.00504491218633154170 0.00138228108101361396 0.00025085396922668566 0.00046744876001905661
0	0.81316959851052961206 0.01749629423828567149 0.01095253536681325447 0.00811575150777731069 0.03256223808119464158 0.03366635201658763066 0.08403723027881193630
3	0.00143269373209199105 0.03299514171770177862 0.00005203078276464266 0.96000382832482378248 0.00498750920141372185 0.00034455038829819194 0.00018424585290574807
1	0.00017732920555074637 0.99794069979525124037 0.00007847028489505151 0.00080777708260980374 0.00021630851031579677 0.00010216344584575798 0.00067725167553047501
5	0.00004530258605290490 0.00033848136912979028 0.00007215417971583867 0.00009746858653208298 0.00006695211881980459 0.99933638242352340608 0.00004325873622610131
1	0.00249340856846311546 0.99357996433156270388 0.00030505148645510724 0.00291918720374442471 0.00012076795593623958 0.00038894129542590408 0.00019267915841222067
1	0.20248714340044784987 0.65840028154756469192 0.04321090143440314835 0.06904999258436582410 0.00426464828479082656 0.01839660934786366969 0.00419042340056377180
1	0.01650170572587827955 0.97082657563118623933 0.00018115904853449263 0.00213320514187129943 0.00260301907770099346 0.00515842697260788813 0.00259590840222174600
2	0.00247853953359118825 0.13528356448396358647 0.84498299723277658924 0.00052822279125577809 0.00059595679173101378 0.00724795537874868383 0.00888276378793277817
4	0.00012736631646542503 0.00013748973736051899 0.00069595387504427112 0.00740961806233112613 0.98632647092296388269 0.00038351806538192780 0.00491958302045345224
2	0.07820448999246272515 0.01156127311133590095 0.85724490916081252934 0.00413475420631973303 0.00410116519455379445 0.01656125991625823080 0.02819214841825749482
0	0.99612096555850659918 0.00019774439319128627 0.00000494837827389256 0.00322956895966176709 0.00005724236773879039 0.00009621573095568899 0.00029331461167204931
1	0.00131605282203886478 0.99736355573354051884 0.00010560481544440013 0.00002081067008848505 0.00014540304518097192 0.00068879708784518620 0.00035977582586087562
5	0.00969413945031274635 0.07397011780698231620 0.00763170369403498756 0.00662454706663519969 0.02339379478231912168 0.86674336649388616927 0.01194233070582941675
3	0.00040717644182125035 0.00925292749912146918 0.00053253104115552001 0.98951174848883571844 0.00009938828241404922 0.00012591799079815153 0.00007031025585434652
2	0.00002760072876867115 0.00006386893021991967 0.99923346450515804218 0.00005062099794765963 0.00034296584488724809 0.00022133632440606604 0.00006014266861110678
3	0.01772373668454723869 0.05271505606647194919 0.00289951369475509443 0.92034913698510678604 0.00165013498965176455 0.00042170788798557689 0.00424071369148148851
2	0.00245283935542786125 0.00006100123233760676 0.99513844957848329731 0.00063739703736751159 0.00092565390210002437 0.00075805978232682740 0.00002659911195742947
1	0.00019162667465481858 0.97910080581460001703 0.00030207859183942459 0.01769635644544085423 0.00018891787672155555 0.00203606833001400379 0.00048414626672843580
1	0.00033733447345183222 0.99761939067954263916 0.00032523937446689760 0.00068138598134281859 0.00011843321641828037 0.00076802816611045127 0.00015018810866704698
1	0.02173426696601628641 0.94116337656777659948 0.01179618228809238209 0.00892579134530874924 0.01088664358821463118 0.00132283089331921384 0.00417090835127196646
2	0.00012691179783152649 0.00003786581386616637 0.99897739188155754153 0.00007531131899237913 0.00017500213203520875 0.00036816361543793495 0.00023935344027972778
2	0.00163118514511185228 0.00050678427550507896 0.96036158583650810261 0.00036429455190050092 0.00332679051314843221 0.03362992595704815402 0.00017943372077930359
4	0.00079362793587914196 0.00042595581466179695 0.00112619260388976397 0.00011391765761629981 0.99574299904499363745 0.00003365210507762712 0.00176365483788153946
4	0.00033094230409377938 0.00073880923541146083 0.00109058406267794369 0.00002532883037328264 0.99584245976447771653 0.00047348334473709089 0.00149839245822882541
4	0.04979994335994265137 0.00095598986679542371 0.00179723386076096605 0.00017059893777111325 0.77308190558976552786 0.00214608990966853050 0.17204823847529568392
0	0.99201657462301162660 0.00470640446971116923 0.00003404924277153002 0.00043837340594275037 0.00052584543288103076 0.00173051605445553934 0.00054823677122660256
0	0.99079804301447138570 0.00147907379406201885 0.00011646439757760494 0.00031471310087157855 0.00241897776452434324 0.00013258345966803733 0.00474014446882520084
3	0.00001705347900859047 0.00004955169017867066 0.00000491109347977250 0.99992739164770627625 0.00000017944366550699 0.00000062224010737420 0.00000029040585456380
0	0.98666157059650960726 0.00129760451210762275 0.00008119474112107642 0.00866408007676198501 0.00084197647220916590 0.00027082238583105194 0.00218275121545921354
1	0.00704693656490842056 0.98848410126900176920 0.00083626556507980282 0.00084796050371265105 0.00009078030282794879 0.00250531789014358250 0.00018863790432601003
5	0.13284428326024902423 0.00452360370418108167 0.00127555778931662213 0.01331009817794901774 0.00020965324555369909 0.84737557906713989464 0.00046122475561057773
1	0.01236282606474059520 0.96321411610293627970 0.00239554649501451259 0.01025586331796725370 0.00942874847996788383 0.00219413440898206429 0.00014876513039176022
1	0.04987381709622801251 0.85411974765929599140 0.01710680790344024441 0.06501494940393710842 0.00326373832728220955 0.00542796003474208064 0.00519297957507423077
1	0.00087695894725499097 0.99807741293076068789 0.00002746730356755150 0.00017126043148817108 0.00002595116439514941 0.00081054778499941801 0.00001040143753413596
0	0.99438619645663239854 0.00193027375639846527 0.00009286472709037887 0.00092258680759901282 0.00151952239639293945 0.00006497466555838194 0.00108358119032850829
3	0.07993102665909766757 0.10611173831077000407 0.01158679737666425125 0.73915065482271358199 0.00907366864781630755 0.04934932062729269903 0.00479679355564569757
6	0.04794713210157836719 0.01439152035639029194 0.00699993221783249374 0.00031538516906275718 0.03758046620873371768 0.00263952700500129844 0.89012603694140124411
1	0.00025779885581791962 0.99608638965568951917 0.00015975552323592879 0.00003418762243505800 0.00000916788560943115 0.00325342405132822334 0.00019927640588314154
3	0.00011537477392329269 0.00053422200299149572 0.00000978112009872309 0.99890972569997493746 0.00025300632855008634 0.00001761974643105485 0.00016027032802972999
1	0.04323688493664330779 0.85969151066870141964 0.00180286597256751769 0.07701279607365808799 0.00842843070133813578 0.00884535332348848277 0.00098215832360303121
3	0.00304502307607945437 0.05789614156608754308 0.00562541499932556460 0.92581083038396916329 0.00334683948301503975 0.00347969876921183164 0.00079605172231107454
3	0.00284657817368349922 0.00146303409701895406 0.00428214914526233673 0.95537362383298451984 0.02829412317746776359 0.00383864326862945037 0.00390184830495288442
5	0.00068415435921776011 0.01304003720783679030 0.00120548226996787804 0.00103675975292178259 0.01061014139377201675 0.96951735402782535100 0.00390607098845876730
1	0.00748429567640186352 0.95949869249205632649 0.00598335337437551958 0.01562461485147126870 0.00369226629920545472 0.00312469580736090017 0.00459208149912921932
0	0.98331161617758033877 0.00142664335603705510 0.00016272101730817820 0.01385626910006711350 0.00023897207852620033 0.00007781905978323535 0.00092595921069777158
1	0.00001258434511177680 0.99853599142630466989 0.00006060954858028300 0.00053896352234192508 0.00008187113061946624 0.00057130383239991202 0.00019867619464210826
1	0.03125978471686539917 0.94220302047551851565 0.01302845103386789626 0.00279020214563911002 0.00245533310515126018 0.00809479546904822919 0.00016841305391003243
3	0.01310521355322460425 0.00233022907348000166 0.00669878284578108007 0.74989327800643967858 0.00418382856808361715 0.22362447884256533848 0.00016418911042537492
0	0.91888712489364432479 0.02573905916686726122 0.01475837084238350305 0.01114686261863745073 0.00994299549712173228 0.01378901616057223896 0.00573657082077354101
6	0.06099352966331285375 0.04246550265934210394 0.02410792259564993947 0.07848944631559015561 0.11680022091317697475 0.13557652571743220027 0.54156685213549604629
0	0.92634626906703598781 0.01530528657932003420 0.00026503739985539405 0.02904320934772185517 0.00873537421578425566 0.00443016442976889181 0.01587465896051347761
5	0.00312650858365372871 0.00467387996802858755 0.00142343072916995190 0.00085128559455923552 0.01268776343181797321 0.97166594278846374344 0.00557118890430696907
5	0.00042768619285241268 0.00209440461702368628 0.00053735958380050604 0.00089844991738761320 0.00010142479380073674 0.99591903144051452390 0.00002164345462082537
1	0.00048756748535561025 0.99799233529376973895 0.00003223369829682110 0.00043600828028614850 0.00069599213833973690 0.00016115117593783361 0.00019471192801402243
5	0.01102586566543789851 0.00460193583955976343 0.00006165322034649978 0.00123522828210072613 0.00036928273321906171 0.98263738309804693483 0.00006865116128918568
2	0.04791660127578675765 0.19442819968967883781 0.60148917685740255212 0.06832612507795354784 0.03546822356710657709 0.03762555345840521565 0.01474612007366664715
6	0.03034921993472368060 0.02944565275685734687 0.04044353927570563251 0.00215771118168155314 0.01293979797579035765 0.01143110368134924414 0.87323297519389220245
1	0.00459181290182878506 0.98078807753776753309 0.00015750664321189853 0.00661917031951436870 0.00757238380208537665 0.00022794898097201142 0.00004309981461986618
2	0.01115703346304722579 0.00113301812555697753 0.97870793055698457330 0.00001054434670645868 0.00147792234513799523 0.00712171695372005188 0.00039183420884735556
1	0.11532287255215807609 0.85277594136837386873 0.00532417552863571984 0.01926715561560343737 0.00487698890952218984 0.00106920233762313474 0.00136366368808418488
3	0.00164015547160583156 0.01657195754416187355 0.00181745447382753930 0.97801767798435745860 0.00021430039054592655 0.00037767044209282137 0.00136078369340846103
1	0.02283380899578473303 0.94272649035589028976 0.00519767197758460014 0.02289156209221261673 0.00315948297116902272 0.00223595483789959439 0.00095502876945947304
4	0.00012155885935988718 0.00059112774817911447 0.00058983820619550639 0.00009198453337456086 0.98816044369393318814 0.00042271514051481386 0.01002233181844265110
1	0.00034854725297431190 0.99505351004102005064 0.00005611928207121715 0.00436272676406757216 0.00005658810656734523 0.00009647990016143292 0.00002602865313975014
3	0.00392067560456092756 0.00688350788100142684 0.00051837055170193033 0.98565743654112636385 0.00199990346715076504 0.00021193144735432589 0.00080817450710453701
5	0.00399183232230180228 0.00023358846990257577 0.00156642125241124959 0.00131454439205078350 0.00122474661513259555 0.99120640604761234282 0.00046246090058926998
0	0.68853000580909151651 0.28326244549058743338 0.00410498741678591832 0.01090596425263747060 0.00970434047173660344 0.00026538675004732069 0.00322686980911337032
1	0.00448073237861231714 0.95380138716334839089 0.00520452534879258921 0.01916472496329101396 0.01483642761347650149 0.00135512375743983434 0.00115707877503887983
6	0.04446297570710821406 0.00162770606264362231 0.00092759786134997664 0.00019451872807684558 0.03376126344574624516 0.00326863724139354493 0.91575730095368135242
3	0.00332164913505982691 0.11948355568991131381 0.00229229912303591417 0.86916402759311739423 0.00361656995814727293 0.00056285380488528308 0.00155904469584302327
2	0.04052328300261189703 0.24985757261353000458 0.39255755125117114401 0.02408454555283828444 0.06897725131670466581 0.20161563071033969385 0.02238416555280460518
2	0.00019055676916445948 0.00111977798214046961 0.99820734322648507764 0.00011417799222910868 0.00001924831237361759 0.00034509013693836515 0.00000380558067003541
4	0.00064632023685016961 0.00560510114209379802 0.00178022984639149479 0.00374355112002165789 0.97905544606111971628 0.00102536162336610399 0.00814398997015706484
5	0.04700183890009728555 0.10808737028436689320 0.01073495097966969437 0.00083159514460603848 0.03153505452504912904 0.79943462759010464058 0.00237456257610660793
0	0.80145956328092937682 0.06659894646212667635 0.01084964094318529790 0.00847926385921115265 0.07496440735318954385 0.00874394257290826010 0.02890423552844979468
1	0.04453569112191513302 0.60149943041668374466 0.00527946294215439395 0.17740795970424574901 0.07560326152901797325 0.05465112469906474590 0.04102306958691840505
4	0.00030556276582706447 0.02750574868198144701 0.00820233948191244865 0.00377978214266377422 0.95468914557521045161 0.00256579701893015375 0.00295162433347422558
1	0.02231029569324845946 0.84919881990040257946 0.05882703531522116142 0.00666493220931800058 0.05278849604364342640 0.00604855472767269406 0.00416186611049342101
2	0.00669722043802778791 0.00094027841185127684 0.88798601486434924901 0.00048187626979291203 0.03039497351495311361 0.00618144602095986248 0.06731819048006540407
4	0.05146602649880403779 0.04760413543328066016 0.00603740841414061261 0.00184814359206526987 0.88761556771463301363 0.00441361041699625534 0.00101510793008039108
1	0.00990667527353744810 0.86372932164057314441 0.00464718988175366870 0.05983309638853348544 0.02270995825457435002 0.02183330706827116274 0.01734045149275689063
3	0.00039557078810479685 0.00105952691271829600 0.00007682709179660347 0.99842337445290429976 0.00001315090007669555 0.00000405713033714934 0.00002749272406273363
4	0.02594667790285625289 0.08162277382442997831 0.02333202677561925162 0.01766373015236328767 0.81121377312122655567 0.03412957051226756661 0.00609144771123720785
3	0.00539719301371076841 0.04169656638964013007 0.00081279460258934586 0.95072391583072746180 0.00010279427988302379 0.00062689953854181519 0.00063983634490761849
3	0.06809268518949754267 0.00125486575081440498 0.00231457061972644785 0.89831890777230594125 0.02515536869882482526 0.00240415138609414384 0.00245945058273689928
2	0.00003617801477861413 0.00002789061441172549 0.99977611781443787020 0.00002940847938748653 0.00002914585422370532 0.00009756638553715044 0.00000369283722307752
1	0.01525238755828963247 0.96623823476908865526 0.00126939054484861481 0.00965431701232212849 0.00661142676512768007 0.00071838563804339610 0.00025585771227885082
0	0.99837402500045091536 0.00034207852889865203 0.00001317293956848325 0.00008041468477800664 0.00069614147098947643 0.00007622509853374523 0.00041794227678052187
1	0.03428629628788192746 0.93696178974031263387 0.00095453550908584570 0.00101607268985398624 0.01034085058411929499 0.00934876892764910893 0.00709168626109743256
2	0.00001664594590715481 0.00001290102606968189 0.99966971335714227553 0.00000891169084066164 0.00005829437557596773 0.00022970757780766139 0.00000382602665531659
0	0.99597735914961160741 0.00069970768579004881 0.00004299816268841777 0.00203731762205683255 0.00017891318193606997 0.00025205347991861442 0.00081165071799825105
2	0.00000382832610100135 0.00001158864553605126 0.99698520532452783449 0.00000097128383272461 0.00051282895433999440 0.00246655502339617611 0.00001902244226684021
3	0.20420601134182067571 0.01399013151673634062 0.00056665315868092622 0.76690848457697857743 0.00535417900474017324 0.00020990324251909565 0.00876463715852430526
3	0.00804526038934621872 0.04778603063895044828 0.00228550178142776853 0.93600968494399361397 0.00279722759843039053 0.00217558389611285713 0.00090071075173916071
5	0.00004115360702273417 0.00018238514994479177 0.00057617484701526006 0.00002854359294562943 0.00000772237418001298 0.99915002010740772143 0.00001400032148404314
1	0.00194165243318583148 0.98925334473751669329 0.00094831260459372869 0.00632664560101129855 0.00023236867720739381 0.00113124005172640608 0.00016643589475838608
3	0.01242376020560312898 0.07405048665013209963 0.00156094721207377871 0.90674061302693653719 0.00149309125284192469 0.00199959157823375580 0.00173151007417841896
3	0.00042306081545338559 0.00475048105251025220 0.00000525051665628789 0.99480336598603424925 0.00000687668179555840 0.00000748904662040535 0.00000347590093011760
2	0.00000501605110485989 0.00001162964048118633 0.99995086288249679374 0.00000373597894643556 0.00001889912046885186 0.00000906015034397176 0.00000079617615855212
5	0.00122126606076553099 0.00004779495121452937 0.00003842203716073326 0.00010433530503308528 0.00010024135991126367 0.99843613619875781762 0.00005180408715749863
6	0.00407554551304699191 0.00434982216503989293 0.00048674251713838400 0.00047645514917633050 0.02814466089609602567 0.00103398965937409625 0.96143278410012844581
1	0.00050183734100401158 0.62511489161313715801 0.00027052446061002090 0.37334697167060554301 0.00029169926471766177 0.00009861235072451791 0.00037546329920214649
1	0.00284014191623878538 0.98944630227317187376 0.00214191751142538698 0.00273069892544963852 0.00013919987613042307 0.00254772450182440269 0.00015401499575974368
1	0.15888123623326469436 0.70660596054093194329 0.00379771122606052062 0.00444226284627379387 0.06599034405186145202 0.02453033541969893566 0.03575214968190869314
6	0.00076666852252106296 0.00298525033669135541 0.00083769073714166854 0.00025656024389985048 0.00269904992132428230 0.00007866528709566263 0.99237611495132627137
2	0.00038850385359255255 0.00324973073293021667 0.99527605105650451822 0.00018122687885979970 0.00020956291865435655 0.00065617849163954742 0.00003874606781938723
1	0.00343379394024684922 0.99593872304887598457 0.00023015366542087072 0.00020869935979597943 0.00002645570747696447 0.00013472679824062805 0.00002744747994261884
1	0.00115338864770878915 0.98057320465133013254 0.00094095321465677566 0.01339731494853285687 0.00223672250687183488 0.00137206994813706827 0.00032634608276335632
2	0.00005267290765320567 0.00005407650871092557 0.99909222266417974101 0.00006603913646277844 0.00024440692244756459 0.00044540663807846655 0.00004517522246576481
1	0.04198744472993184984 0.73693525203031640114 0.09523160609047631731 0.05459922144399039640 0.01873208097321715782 0.03607396850323574961 0.01644042622883229790
5	0.00022789136411340382 0.00087250717428481088 0.00204826169664387931 0.00016122407431202635 0.00590736029267448313 0.98646023420126649484 0.00432252119670524255
3	0.00258521726647568386 0.01479370588001216805 0.00122271478408934832 0.98000824768370708995 0.00024188359381771446 0.00074935660130959225 0.00039887419058818094
3	0.00017705716026914740 0.00245753767680350135 0.00004340198164969883 0.99722894763499903004 0.00001035223904345109 0.00006688980885079791 0.00001581349838368455
4	0.00051654074517898461 0.00041037692015797608 0.00073197861229221540 0.00043385704204391073 0.99597147886081061063 0.00166498079539161015 0.00027078702412470319
6	0.00024584743539259897 0.00000283908843167399 0.00001025458235345696 0.00000055832634775071 0.00045067738257303480 0.00000098657931693577 0.99928883660558431856
3	0.00264645967770614759 0.01821925213586690975 0.00114754678414059181 0.97553223376786135645 0.00087600733363308160 0.00072401596755118647 0.00085448433324106200
1	0.02610722416819781164 0.95005711623012945033 0.00765258107409535170 0.00130826937030265782 0.00050655124433926523 0.01298638936330675717 0.00138186854962905003
2	0.00007167857970345507 0.00012043240137830185 0.99901205135115034306 0.00026521409094686430 0.00035603776031060920 0.00010630323490823643 0.00006828258160123135
2	0.00006372974138249926 0.00001144903316967946 0.99983056353822108431 0.00000915589401176630 0.00001416645778278807 0.00005571200277251296 0.00001522333266092886
2	0.00743315916803236575 0.00650326455389140749 0.94067313032527610783 0.00241965679693591836 0.00226411912104670151 0.03940996705967050873 0.00129670297514688755
4	0.00557210969257340098 0.00120322248055670261 0.01851056049760270092 0.00078565404703851696 0.94688680134151970158 0.00019314820767971335 0.02684850373302956686
0	0.95600404045228259964 0.00729953206752237752 0.00041014609545285662 0.00375210589044243413 0.00300299524210984525 0.00644306247498261601 0.02308811777720734884
5	0.00004977696695114915 0.00022527526650437712 0.00009423946634621516 0.00008545901694262886 0.00036333218413306867 0.99916680694822368469 0.00001511015089905711
5	0.06028212917405468413 0.02592518909802171354 0.00265852783453026167 0.05780859851068015365 0.00432092185836446992 0.84790137273442878207 0.00110326078991977846
2	0.00314794202284405687 0.00069919660730801206 0.99238471710748932253 0.00178369291249448852 0.00066941267518094683 0.00128984393928238857 0.00002519473540184260
2	0.00043848025172635936 0.00016632560659417535 0.99845677445412461815 0.00019622652193220752 0.00028983289026793247 0.00042146607954442422 0.00003089419580999105
1	0.00085505794516639556 0.97639305502366058320 0.00412020755665811183 0.00810307393261255546 0.00062200903062052681 0.00875060482805753784 0.00115599168322411670
3	0.01869730157310221103 0.08374575254524774248 0.03060140151972600558 0.81037431190244924029 0.02166622681900102695 0.01325536326378768878 0.02165964237668615427
0	0.99334258314449186411 0.00334217092915394410 0.00007605695350455848 0.00090183062913032255 0.00168970825840106947 0.00024647595702285432 0.00040117412829555866
0	0.99853774093821823232 0.00100691165871724230 0.00001918229781600348 0.00005056265510099241 0.00011857730462271303 0.00010246471936346575 0.00016456042616150445
0	0.84799818247451153042 0.05940961621944591126 0.00423607479557550071 0.01439529263402550101 0.01724367489903234560 0.03325882616787702306 0.02345833280953227296
1	0.00365322315146248636 0.98862065697187584412 0.00080775889971288720 0.00475399708686982322 0.00149156251990130917 0.00052003559502330576 0.00015276577515431792
1	0.00229516377775092857 0.97470460322637242356 0.00235469953347777067 0.00684968967957073037 0.00530191315652916995 0.00681289168696942206 0.00168103893933002667
0	0.98989295407176691732 0.00255508374756697977 0.00251484993193924018 0.00065142517487024368 0.00055474231500996635 0.00033457771291836737 0.00349636704592823670
3	0.00022416027273625458 0.00045142266023165872 0.00002641431707451733 0.99923827435179846113 0.00000308162422310137 0.00003308091895246821 0.00002356585498246265
6	0.06628298543280354560 0.00725413458942707114 0.00892624145811975883 0.01045098429750761920 0.27321675028275199670 0.00815154379429702640 0.62571736014509282686
2	0.00005405563324177642 0.00000364432206265544 0.99964454848839467971 0.00000035022570257833 0.00001418069360048209 0.00027812973177066143 0.00000509090522829526
4	0.00086125038304093625 0.00024122982827655634 0.01499046876198328188 0.00005393678329669515 0.97536706894953772995 0.00121074946489725275 0.00727529582896814780
3	0.00435073814773528390 0.00112926814891558700 0.00003670293562498825 0.99406064796558002428 0.00035727767736102792 0.00003219484260866462 0.00003317028217538716
1	0.00421013908475993855 0.96220130505898027184 0.00133913191227180923 0.00079833323740458669 0.02335527050902404950 0.00083752280044891065 0.00725829739711080120
3	0.00118020824491307319 0.00049012264643634700 0.00244868504153078611 0.99544977717845672949 0.00005817210831362734 0.00003984586271941982 0.00033318891763044911
0	0.71311107621765823517 0.26342916886004319466 0.00224615354884979100 0.00524399239045166086 0.00235270773278895050 0.01171182611835568793 0.00190507513185264577
0	0.99106975286969423156 0.00217642250538685250 0.00089329319451735077 0.00184062238103907495 0.00030586514311763634 0.00289341063850258925 0.00082063326774236135
5	0.02081873090081291441 0.01015105880497191478 0.00418278556747739283 0.00085630643632023042 0.00158728325837476829 0.95897111975726634370 0.00343271527477663528
1	0.00706943778657696895 0.89901984392786715716 0.00168229376491896353 0.00082221276027906779 0.04312241270536373156 0.03484442252498664433 0.01343937653000668725
5	0.02399798062212793459 0.27064135831353197670 0.18300588502328046792 0.08568314806094790015 0.00559481830747963430 0.42786412339930013360 0.00321268627333204338
5	0.00068736046164257273 0.00002885439633806834 0.00003290988720259092 0.00026288019661000264 0.00005954994738741041 0.99881293635711965173 0.00011550875370008787
1	0.02496045233406376032 0.87795746284607401044 0.00619864161458294483 0.00874945617523637496 0.07590651377834342628 0.00563208621686886197 0.00059538703483026580
1	0.00313730870203732986 0.99360870708225368375 0.00021004666064357796 0.00026526201100678245 0.00006520461473689025 0.00264260490317117652 0.00007086602615173629
3	0.00289189456759559194 0.10230903774207826540 0.00042395730572759312 0.89312469442189734714 0.00015211423545806796 0.00081791011412529215 0.00028039161311748463
3	0.00853776996576096833 0.22601070480531645912 0.00475635371139965322 0.75556482823031456686 0.00018442303349600723 0.00424739192100223595 0.00069852833270987714
1	0.03267699139096703204 0.88842423636795830877 0.03443837727177730124 0.01836754844919734342 0.01059044024085892266 0.01064535114114056706 0.00485705513809999313
2	0.02340262550496559693 0.18083946566425690428 0.72142371752142853136 0.01659531594675459076 0.02100405985234338191 0.02923818121001052484 0.00749663430024057314
1	0.00017030538307729969 0.99703956430046203341 0.00017523004049408374 0.00241573039191886633 0.00004055687732585974 0.00015084174122825223 0.00000777126549173712
1	0.00030953882188975557 0.99859879815860530528 0.00007658931858439109 0.00037692698102213823 0.00003541591000671602 0.00059667485476768355 0.00000605595512394509
1	0.00223655328092726893 0.98626164754376421939 0.00070541354191850031 0.00803674859854279326 0.00166248158970179840 0.00097159279170421712 0.00012556265344225345
3	0.00075831928160161152 0.16882246664235298073 0.00008456974185898148 0.83021200535153349964 0.00006169973426041062 0.00002996022409577323 0.00003097902429678252
5	0.00326249389726836116 0.06187430357414135801 0.00355630155839925218 0.00070079364618302312 0.03353008661521944545 0.89323083861446250786 0.00384518209432628284
3	0.00676618608375346379 0.00577595201197873397 0.00009283673756882111 0.98607653645592208136 0.00014753777419503026 0.00107607497680248633 0.00006487595977907134
1	0.00769013041714658799 0.98199973673146545572 0.00060508399287658625 0.00291725812464446819 0.00334722089678559124 0.00232546731425285931 0.00111510252282769756
3	0.00251149851333984635 0.00190987973404503327 0.00117526840229115496 0.99013344314084805742 0.00146788865079329912 0.00096437490366025355 0.00183764665502313780
1	0.00059406501933827627 0.99927710858651497272 0.00001311248408484785 0.00009869485631627544 0.00000513516922031978 0.00000436042411976157 0.00000752346040431136
3	0.03028281639182040658 0.04119974872361432255 0.00082405791397879347 0.92509409563345657013 0.00011684376007837529 0.00246611530017537724 0.00001632227687588515
2	0.00017550019593895347 0.00007185661790015877 0.99969319816555624048 0.00002005921241690335 0.00002252277239266550 0.00001481548464213048 0.00000204755115324227
1	0.00095372024092518629 0.68832381193833414024 0.00008099464038860027 0.31052199862046209189 0.00001240598857254516 0.00007979591276350510 0.00002727265855409679
0	0.94097541105669868511 0.00653318122688130876 0.00023862919402689809 0.04621207351210975672 0.00192950020455076783 0.00136668483419769590 0.00274451997153518168
4	0.00199432322205385414 0.00366168091084422172 0.00817980600617185770 0.00111023175500093605 0.95923236146961532445 0.00054012703210077825 0.02528146960421293402
1	0.00057670860729669025 0.99265606684413565386 0.00211711368695739451 0.00197779533205257041 0.00070935488895032723 0.00188496282017627608 0.00007799782043147229
2	0.00045154064907127432 0.00007831656765636701 0.99899276355363020308 0.00016045986011253770 0.00009747653445743810 0.00020791514602179178 0.00001152768904967548
3	0.00704594365951974073 0.03827981001727216726 0.00108403055236986267 0.95277555440569983158 0.00000282213798152532 0.00068169812431874270 0.00013014110283752310
1	0.16670589684634354311 0.74290362009417798550 0.01200321495188000007 0.03986491502633487255 0.00543222913517670426 0.00694592838956385652 0.02614419555652303453
1	0.05551908085648441654 0.87257791483713831315 0.00881070259757291835 0.02285022021503102865 0.01217533252663626636 0.02190449631342858763 0.00616225265370885528
3	0.02133091903893130636 0.01279807070465703751 0.00924662008244762912 0.93289336142726275725 0.01564810079885664215 0.00173364865535654265 0.00634927929248809125
1	0.06519597958086985334 0.86717506818656442391 0.00633326386482157676 0.01907226969199500577 0.00697134475569829212 0.01074431817102003070 0.02450775574903053811
1	0.01902896939204084745 0.90536692734719115272 0.00724339818315340549 0.04123403766050941222 0.01201135638475552686 0.01323296491632935772 0.00188234611602054801
0	0.71783659593866955273 0.25097455813711438966 0.00312997276664823054 0.00465087618399378719 0.00449576601371547667 0.01796230397655456529 0.00094992698330398264
2	0.00077669541673873455 0.00021632855856607605 0.99700511112646628131 0.00020942693504726604 0.00054978652414365049 0.00120602182648510609 0.00003662961255342057
1	0.00037319511741909094 0.99399723014713370350 0.00049832509540513798 0.00031208045071820419 0.00009703940653144991 0.00461564734240563039 0.00010648244038694031
