0	0.96116175163769845824 0.01330857378402934207 0.00157315312103447486 0.02023326922889182380 0.00120849380977491568 0.00086849355181646017 0.00164626486675464173
2	0.00079756712519861515 0.00038256592325494360 0.98731303390893343508 0.00057394244522019949 0.00703258414346756480 0.00332169047987066314 0.00057861597405378293
0	0.89227136616396240942 0.02826705102213212736 0.02217654323575832254 0.03243746094643416150 0.00977294070821612890 0.00829564623992299494 0.00677899168357369315
3	0.00001442194348224339 0.00006458364072289224 0.00000173694545707482 0.99991685243530359362 0.00000073026358992934 0.00000132838598141015 0.00000034638546284080
1	0.05290333671778989916 0.77537377368406124045 0.02189956425305801188 0.12503760617693487900 0.00915840038678863294 0.00318530548259478947 0.01244201329877277044
1	0.20066236912270907222 0.75510546320905813644 0.00215250445464398171 0.01830523776180863899 0.00205563881358836707 0.00368223251167445380 0.01803655412651722356
4	0.00453823946599079490 0.01978750312953507159 0.01541643305377365589 0.00203495531371021467 0.81501328673035211558 0.13900374756742142623 0.00420583473921605239
4	0.00300815384605767266 0.04780017576871708335 0.00814853263565186274 0.02627805652257730884 0.83441626735530716186 0.00455120430655491653 0.07579760956513481585
1	0.08482081366949098533 0.87570089437396214649 0.01551505816646852123 0.01554094094964251181 0.00129039748346435686 0.00431838564544911874 0.00281350971152182806
1	0.00050302601802909347 0.99774245592329069421 0.00011043487693645370 0.00026017038768457872 0.00014815418329860799 0.00121466178735932435 0.00002109682340196885
5	0.00204608919622348978 0.00583889755645687018 0.28923657842335043222 0.01016347857156328464 0.00004964996438812978 0.69168547941466707041 0.00097982687335081099
1	0.03295358846359514038 0.96411627427770796306 0.00064666259878273769 0.00020794316230319818 0.00035381696919861737 0.00099930812178754464 0.00072240640662507810
2	0.00003668573764469242 0.00001452312630197523 0.99921894208069539367 0.00022127969799795070 0.00016078055173082700 0.00010515078164667490 0.00024263802398244677
3	0.07263018412085524289 0.15771989115270745874 0.03730976026953179703 0.68574758626453247157 0.02534097726964265607 0.00873330236484073062 0.01251829855788965697
3	0.00126877888572442601 0.00061485629144138545 0.00117602248734281246 0.99676574110780702398 0.00004407554351565813 0.00008420967694701837 0.00004631600722189705
3	0.00036249695816716949 0.32508097386866019463 0.00020878122411719340 0.67201004310380296758 0.00172692005214393246 0.00043414364664254318 0.00017664114646661296
1	0.08075893468640686634 0.63339054441366460235 0.03331190621875226160 0.11442581982582072930 0.05505740270035940076 0.06751455949968349080 0.01554083265531249099
3	0.00048567332778495358 0.00220416767294689172 0.00067343392016081904 0.99622234973601098140 0.00007793755241915013 0.00024956937197967606 0.00008686841869769449
2	0.00073705112411777234 0.00019472501526061263 0.99422663783416409533 0.00141924293726346327 0.00307683458836109170 0.00029999005365085365 0.00004551844718250000
3	0.01787622770820650533 0.03637531501351840696 0.03800897499603661522 0.74308881684970629067 0.08943639522568011535 0.00631449762090490613 0.06889977258594766341
0	0.44430056222859620751 0.42105126884557658729 0.04269013765865001947 0.06181026734966610370 0.00622689755677104280 0.01305105418929189236 0.01086981217144811739
5	0.00212768092357434836 0.33296182126324269657 0.00466889109472245090 0.00070655903814315893 0.00289919714464211865 0.65619812936049237706 0.00043772117518271330
1	0.07698832800621936701 0.89644821938599306144 0.00517450171457303244 0.01243533445802933075 0.00146315951277874797 0.00524894314269445245 0.00224151377971190929
1	0.00570679418126781614 0.97873838871841478682 0.00276741862317079384 0.00894209131711968391 0.00068263275692758861 0.00293231923718388415 0.00023035516591517113
1	0.03238825035198049374 0.91609207612291687628 0.01996046931522127421 0.01694627750041407394 0.00512707551036168784 0.00561287497389588268 0.00387297622520994811
1	0.00988684945727632061 0.93890547345346597741 0.00545566539958163618 0.02986782435039682729 0.00268062125094768603 0.01176982834473185718 0.00143373774359888324
4	0.00417169033106364745 0.00730769993776708444 0.01034531762430530161 0.00341367985865492383 0.96884133830732932502 0.00239077987175090063 0.00352949406912867001
4	0.14062976995239090394 0.24472039634156886323 0.04354069043468557221 0.14835230382697481288 0.37072109837844557934 0.02340799985371593353 0.02862774121221850140
2	0.00046662371182030858 0.00055516029263690762 0.99836256039553694652 0.00021532645823601232 0.00007951458841354963 0.00031680353097210179 0.00000401102238453940
0	0.80816432450802755394 0.03902346462502807173 0.02367211433222163666 0.03470439646201300965 0.02534263498627982794 0.05145079565491599699 0.01764226943151399329
2	0.00077499795287726096 0.01337097824151153164 0.94793242583043990646 0.00548222648367202147 0.00474969743171524839 0.02217473282494252657 0.00551494123484114630
3	0.17813413744829495466 0.05667605384240485128 0.03340183027841811536 0.69321627952054432065 0.00503089806433666600 0.00435110439121556922 0.02918969645478540487
2	0.00295804116180350615 0.00028287747759353369 0.98025186045171297522 0.00009302396285867043 0.00017774797202707603 0.01583834779403094431 0.00039810117997215967
4	0.00040499867256605336 0.00018565742124585126 0.00205060577506075868 0.00003229889358019825 0.99522843571712549249 0.00093071919208100333 0.00116728432834101452
3	0.00142431276841718368 0.02666417611487903461 0.02233399492407028147 0.70238877286147805012 0.23105359062439007056 0.01177809168108640524 0.00435706102567874273
1	0.00460868703660308361 0.96226754498986211139 0.00591368417268821681 0.00501104684905108195 0.00819101239081671505 0.01273353767865210463 0.00127448688232665555
5	0.05353043816979814740 0.11084006550092312393 0.01458414963451056846 0.00074143701618541971 0.04683647377965134001 0.76982683968175691369 0.00364059621717460931
1	0.00562591749919113485 0.92472322140052642947 0.00940068577913757975 0.05255857086431041381 0.00186723557817747060 0.00486214638962487178 0.00096222248903270560
3	0.00049029044423666243 0.00097600080742292505 0.00104787105265207771 0.99682783455641477133 0.00008088978844996594 0.00032869187643973181 0.00024842147438319828
3	0.00378435660182053872 0.03893635120656847859 0.01276399375990869105 0.93967057710036205886 0.00091081600600939833 0.00047610184174112113 0.00345780348358894641
4	0.04044948892634023935 0.06016511404370584321 0.03928604885810347419 0.02077543531154267542 0.73237466469548306858 0.05271242989034576054 0.05423681827447894566
4	0.02815526023255256541 0.02601279827458203783 0.22428921749106028871 0.03066602525477845134 0.55545803770196799931 0.06755650087843684259 0.06786216016662184602
5	0.02482821750317297169 0.02191772477584454093 0.00421062838225242774 0.00283073821369324557 0.12670786480555348841 0.75112202373542547029 0.06838280258405783629
6	0.00014669451981042623 0.00104850461115747404 0.00062129596662014158 0.00047386899922429414 0.00101448440167346333 0.00022569741458464948 0.99646945408692899626
1	0.00022538236144189791 0.99921393760536336703 0.00006650822526949257 0.00007414033695364250 0.00009749025858647538 0.00002582660376492988 0.00029671460862030596
2	0.00059248230480468146 0.00332921666835458985 0.98820656390872907426 0.00149858120182116646 0.00161447124716246402 0.00327500899389064886 0.00148367567523691830
1	0.01229912640089707472 0.93161459378105782037 0.00499547429921849435 0.01712273558990481254 0.00104021956381090508 0.03068035206207447851 0.00224749830303591983
2	0.00080329164555888849 0.00202932507379987486 0.98413248052937341015 0.00274327401333551452 0.00473840073946068911 0.00283626514639755047 0.00271696285207543046
6	0.00343210072987911114 0.03914073663567502886 0.00609363157279638017 0.00410698387039481159 0.06338712243101489452 0.00246704003736737459 0.88137238472287193769
3	0.02095282215646682156 0.03365138471272945825 0.00102699377061586379 0.93912210949311158981 0.00143869723351045063 0.00221211214448489976 0.00159588048908095243
3	0.00185961917481828600 0.00193019342841103578 0.00063702276410358824 0.99544338047803604397 0.00001604019178967290 0.00001763350465831623 0.00009611045818356551
0	0.86104047679719664110 0.03236086435574975217 0.00627440688703876509 0.01708777491566366297 0.01851966820139661421 0.02090321242642892430 0.04381359641652576159
2	0.00035057092964102852 0.00119577508164463164 0.98401324638256582045 0.00040781089454764303 0.00141283776523034666 0.01180123514979286754 0.00081852379657812978
4	0.00055533255707239718 0.06238905908842587444 0.00191089741205256931 0.02783133742638834243 0.90162389629524608559 0.00297853250115907809 0.00271094471965575325
3	0.00221684701271850039 0.01726029577125346576 0.00033328665885356640 0.97897500233775980316 0.00104937692745501738 0.00010248009940983565 0.00006271119255013703
1	0.00091511848078467924 0.99590102897962040629 0.00053786784932827766 0.00190710251762543919 0.00007955448300314984 0.00063194282905478254 0.00002738486058320627
5	0.00113314518324029176 0.00012853758482285152 0.00025929312229551748 0.00018077828699051545 0.00014912971247640040 0.99780481771844564687 0.00034429839172951329
1	0.08024313659816671718 0.75754766816009067032 0.00383732365209198166 0.01707391933567265277 0.07773181464561960963 0.01625720840412329254 0.04730892920423523246
0	0.56109411905170236690 0.41270055496990548649 0.00132228281223816099 0.01545697496399203556 0.00173981093538058598 0.00620672975628107360 0.00147952751050058496
1	0.00305511295247832843 0.98152049912285110889 0.00041492808598362556 0.00791524974909507337 0.00544703642018022714 0.00095409322944998065 0.00069308043996273822
3	0.00004746044750892671 0.00064631317957442958 0.00106502141550447347 0.99741358441925498379 0.00001616724888659891 0.00072498552631906985 0.00008646776295066387
1	0.00032699240879110997 0.99801216660780656120 0.00072668910292491998 0.00046660752184960705 0.00017216550299886741 0.00021263784936438056 0.00008274100626517779
0	0.99608381296344128408 0.00098041541559534232 0.00008000602759700069 0.00054664759477524483 0.00047982525777085281 0.00024076211748079015 0.00158853062333943638
0	0.98455058781233195653 0.00478155911892830764 0.00222295964216846428 0.00561653149510454603 0.00112647163781265771 0.00072461917987943299 0.00097727111377466269
3	0.00032098544595553523 0.00814549915600903604 0.00014847126295968480 0.99053444758467579234 0.00012454258034165605 0.00007812400708820849 0.00064792996297126002
2	0.00096465979092306606 0.00061415513448072334 0.99604740221891341356 0.00155244453899531436 0.00033268297860317663 0.00035330575025831564 0.00013534958782542605
1	0.00847833118516199899 0.98227880673127221378 0.00127450103201324290 0.00550301290949027459 0.00148549387864512828 0.00025558969987002459 0.00072426456354727933
0	0.80307907049339910532 0.01812516510205432890 0.01170219159242492230 0.00883600162377999945 0.03494521756864348710 0.03697082758641367234 0.08634152603328437703
3	0.00161549316655436857 0.03249550281823512798 0.00015478774894614911 0.94991879049488592290 0.01431699378889504139 0.00103049634491343082 0.00046793563756933250
1	0.00021760278623230293 0.99725385498360363812 0.00009726462235981818 0.00088699365778418182 0.00025089721319654769 0.00012137209592414783 0.00117201464089952234
5	0.00004555181887673476 0.00065559090957016837 0.00023950728205026457 0.00012525271348620961 0.00015188531458892421 0.99866032921222813723 0.00012188274919911008
1	0.00258934549601510557 0.99320010493389376816 0.00035710092977121765 0.00302808851974353463 0.00015493065382632572 0.00039188143295190605 0.00027854803379755112
1	0.20327257823112121482 0.65087197837994004157 0.04757318958660984587 0.06892969345292990213 0.00505163244913888528 0.01952499422030924345 0.00477593367995084259
1	0.01707438813370043898 0.97024319682702531153 0.00015973301460869908 0.00240136047142650889 0.00226647016070096298 0.00507214537922897560 0.00278270601330943322
2	0.00216861355296373796 0.13891285774791337082 0.84193972601837496761 0.00053553752933069233 0.00068593408289238070 0.00795069285413740369 0.00780663821438756442
4	0.00010973750391345749 0.00010486518570900635 0.00079368861223324736 0.00650471594046795904 0.98747273627794174278 0.00040616831776554136 0.00460808816196936390
2	0.07663682978392163947 0.01250679178417227026 0.85682435450106109176 0.00419338353008083357 0.00400344394567913285 0.01793369867504907705 0.02790149778003615105
0	0.99534775210958503777 0.00025271436157155435 0.00001487372532123246 0.00386831651173893997 0.00008306898931470435 0.00013064303961725279 0.00030263126285135254
1	0.00139364956375670327 0.99701201633515457168 0.00014642108238122599 0.00002291165951525025 0.00016083368582542473 0.00079693094265432575 0.00046723673071399387
5	0.01006878409830764230 0.07278881222745169077 0.00772877586253192458 0.00685231195604222350 0.02341178706652581251 0.86635333508675682612 0.01279619370238378046
3	0.00060796629446290148 0.01073707579758941856 0.00186237908285058051 0.98576780460670843098 0.00036240819760939731 0.00042287850358288276 0.00023948751719705944
2	0.00003913000184993318 0.00011890121932209459 0.99889667001804227642 0.00014466712378973537 0.00036751846763273072 0.00022457998895403361 0.00020853318040861733
3	0.01781801227312314675 0.05174459888785398753 0.00255685438501679135 0.92121582744181029767 0.00169856591199781079 0.00047685032054674276 0.00448929077965053245
2	0.00345528623621829678 0.00011486650804476151 0.99311690022462151273 0.00153273921578260812 0.00093443163335927778 0.00075542708027214476 0.00009034910170081285
1	0.00021166350476989747 0.97867475719846275251 0.00035126697370196740 0.01801036402708929701 0.00018424791986662719 0.00192661027860843389 0.00064109009750203247
1	0.00033889561866387759 0.99730154477425858595 0.00050672513978608936 0.00079649209473216123 0.00012165195113294957 0.00072952648649892001 0.00020516393492784596
1	0.01960636655288108474 0.94453048425010022182 0.01059525000796271953 0.00861960194724305413 0.01167615394833941209 0.00112864093747864851 0.00384350235599523627
2	0.00065880904424376024 0.00041520999706659095 0.99327895474407590370 0.00079533273541159473 0.00059420127982730817 0.00132435728216841815 0.00293313491720633736
2	0.00250808615093535327 0.00105425028120482230 0.95955641929862534045 0.00096875385325557355 0.00385355296095433574 0.03148790502424383270 0.00057103243078025681
4	0.00477221268557536868 0.00125814563460397572 0.00171174620047291246 0.00056910790430311287 0.98906247579193040664 0.00010830151947237690 0.00251801026364157536
4	0.00161880129192185323 0.00185740184903568188 0.00148132926615046189 0.00011128516260262055 0.99182613329947533209 0.00101633612865991005 0.00208871300215453855
4	0.05091939286221722899 0.00421061032251329043 0.00484349871406215913 0.00060645749156050283 0.76949370496943692022 0.00651269531722216237 0.16341364032298791309
0	0.98980538285829011702 0.00548224631799525651 0.00011539647227537780 0.00045622704844192096 0.00071412131553474662 0.00286479793002758368 0.00056182805743502126
0	0.98795503821065855377 0.00195110971499159905 0.00035991016149828221 0.00037414124474665131 0.00393879620211691744 0.00026005228377978129 0.00516095218220843921
3	0.00002736029187624733 0.00005464018674103447 0.00001399026245159164 0.99990058499756717669 0.00000063460673469922 0.00000185516399797614 0.00000093449063056604
0	0.98301138794020637146 0.00188382864736536481 0.00026691438052226250 0.01008328616235000530 0.00156754248384523612 0.00041584078036466628 0.00277119960534619094
1	0.00666074568388381593 0.98824937884561514512 0.00102426956157737918 0.00102443032397113529 0.00010482062309560536 0.00276500662749110939 0.00017134833436596866
5	0.11400407911260425353 0.00472639692420491996 0.00414298979753257180 0.01342649940845439156 0.00032623792326606939 0.86298044464453438351 0.00039335218940330892
1	0.01105554438705876226 0.96611297867347789570 0.00191921418834287150 0.01082124484338406814 0.00780189618697511682 0.00216658438476489187 0.00012253733599636968
1	0.04698058620471497193 0.85207738812385958038 0.01961842175031624363 0.06605208147576388522 0.00395331766231765257 0.00588766667332232558 0.00543053810970476735
1	0.00088897798096093466 0.99786399273796766440 0.00003686906043782775 0.00017452564659041310 0.00003116039304233294 0.00098994825877362995 0.00001452592222727442
0	0.99343445615774961244 0.00230146532495641718 0.00026671221030663957 0.00095005476234232803 0.00183998896859170562 0.00009852539590198221 0.00110879718015135143
3	0.07594662527743947789 0.10740491583411836130 0.01286569328920863023 0.73730759532940037815 0.00992975671991782639 0.05128634508062044489 0.00525906846929456717
6	0.04585596733385968043 0.01296806550265321677 0.00683997089658725747 0.00029962233978930058 0.04048229826126799324 0.00225337835043204569 0.89130069731541028411
1	0.00025642630764265406 0.99559433238030403679 0.00019111838416484568 0.00003517599752326707 0.00001032585172005248 0.00364976221485561808 0.00026285886378992358
3	0.00015905427331599085 0.00062895758802941073 0.00002832930589151284 0.99776176173278519066 0.00085380104292841414 0.00005018708566035831 0.00051790897139001549
1	0.04770654252151387137 0.85283294278866783600 0.00221346105354801358 0.07639393914889511250 0.00964250708230284491 0.00970649282676232412 0.00150411457830990081
3	0.00443783576513268226 0.05658041861284312385 0.01644025913107904566 0.89872568173421440996 0.01051510667100259526 0.01075700039641587502 0.00254369768931183822
3	0.00271809002613992469 0.00145964752459495266 0.00379292086394233128 0.95820003796177355415 0.02683467848718337767 0.00370687276530870221 0.00328775237105686244
5	0.00074923362177986661 0.01285977113680728326 0.00148241638685092810 0.00103153231096633595 0.01128002280995946648 0.96849112332827802518 0.00410590040535766757
1	0.00758569390140834219 0.95437267856742491468 0.00802670609788432195 0.01476865072069780474 0.00492441536158492836 0.00340584530685632877 0.00691601004414246334
0	0.97874636706108553152 0.00207135147797814136 0.00054433807113471303 0.01713974621146961350 0.00038701339702152174 0.00013605957163222290 0.00097512420967840274
1	0.00001372131494529781 0.99823122903473382461 0.00006482632431201361 0.00057566523580193109 0.00009777987942856877 0.00069880431469246222 0.00031797389608554630
1	0.03073531425002390752 0.94106374951704541143 0.01277751257812777957 0.00333451978214947776 0.00327204139719807982 0.00862351118703045053 0.00019335128842503825
3	0.01221623650637341379 0.00399753040637660945 0.01352383705616885638 0.75014876167921662464 0.00766490866482662323 0.21202858136515589926 0.00042014432188271678
0	0.91713027368124322436 0.02516671339107018693 0.01508583192891721145 0.01164155559634802613 0.01154090318525868852 0.01398743040941673003 0.00544729180774605488
6	0.05780257547982863009 0.04293086371794126166 0.02484972292242173045 0.07358969588566013909 0.12334427583735860234 0.13151409533722799305 0.54596877081956174393
0	0.92010985232897668507 0.01692934078330720488 0.00073620529311702845 0.02991326546778489207 0.00991563677631444873 0.00634130429616077025 0.01605439505433912256
5	0.00267748336602908381 0.00428404643419554899 0.00123456663775895793 0.00074569284988581673 0.01092375122892689197 0.97535077741907849624 0.00478368206412555473
5	0.00044647709246688953 0.00487873577472365798 0.00148841834038639770 0.00121178210879150879 0.00021015356825749873 0.99169905465971108782 0.00006537845566242833
1	0.00049756985414831166 0.99794269509537658625 0.00003513158514439500 0.00049197045983776584 0.00065317535024367866 0.00014998731715110627 0.00022947033809830140
5	0.01281449986167668836 0.01058184881007078609 0.00021462143537125439 0.00162105178357001322 0.00083262944156482701 0.97369012494441598005 0.00024522372333080002
2	0.04621894901914024023 0.18949693654983743030 0.60904253783887685181 0.06911156651183576749 0.03476949274079082358 0.03703308974541148074 0.01432742759410664778
6	0.03075154354499742837 0.02838965549127936416 0.03829803886983561279 0.00227776375779386100 0.01298940410972787042 0.01273259345459559592 0.87456100077177001406
1	0.00475094626313549411 0.98079114241377940431 0.00017896273723257421 0.00705565161058147820 0.00694772282547904355 0.00022004624608338877 0.00005552790370801195
2	0.01454973012069407483 0.00207540330544037479 0.97370772204549604911 0.00002757287533361018 0.00145863170017199238 0.00700760104941712276 0.00117333890344740142
1	0.11021290884710606417 0.85702579564501235598 0.00548355687992904076 0.02001928443105414554 0.00490892933900018581 0.00098735116209178663 0.00136217369580672230
3	0.00162680024955660723 0.01709173717280679239 0.00162559265078642554 0.97757252356918922231 0.00021069332217035639 0.00036017993852692720 0.00151247309696410761
1	0.02287827943917492002 0.94192627608795742589 0.00551543005391520041 0.02302188459973125711 0.00308077025408147291 0.00229492245729421337 0.00128243710784525203
4	0.00059969747553662901 0.00146057541564751010 0.00089935404824991773 0.00039705905641751493 0.98224155557285530715 0.00097023629239900895 0.01343152213889455861
1	0.00034060739381647004 0.99428200092412988287 0.00007219980762665833 0.00509492339980615466 0.00005816931318313971 0.00011597599542458147 0.00003612316601317483
3	0.00358045407430253792 0.00643824937574271304 0.00045425494884538401 0.98648257739674982680 0.00200020715694836180 0.00019337525432721963 0.00085088179308343969
5	0.00491516167356840367 0.00056684288094175901 0.00588633488196599851 0.00174838846755008223 0.00270088180067453972 0.98272834887358395672 0.00145404142171556296
0	0.68630202394946171474 0.28358051019041824459 0.00447039315336221748 0.01160432231386027656 0.00991074321284325828 0.00025091625619944540 0.00388109092385491815
1	0.00507120170071128328 0.94948362580835621305 0.00608574842876839599 0.01994554393672411108 0.01616002422101893432 0.00143730708034982670 0.00181654882407227079
6	0.04801167215642997838 0.00779075928922419014 0.00383423273802439455 0.00069801978179946959 0.03611552845324287470 0.01146591130454300417 0.89208387627673602083
3	0.00349457691803911402 0.11900959433222305095 0.00219785108862752005 0.86897115651419332139 0.00419187683210453695 0.00053255682061192921 0.00160238749420132487
2	0.04023107793236842950 0.23437398163332234802 0.40676651882692610451 0.02314846392679232104 0.06700427099228344063 0.20721347272068590950 0.02126221396762135660
2	0.00075962947478053146 0.00872269476202204574 0.98817797028241016744 0.00111808591186558066 0.00005913045281775557 0.00111879020188106778 0.00004369891422130717
4	0.00194858209625277303 0.00784210671757100235 0.00144068053957796777 0.00891051181692098342 0.97100836628080766655 0.00131084848983076046 0.00753890405903865496
5	0.04473931123459001097 0.10569801275374000882 0.01189857294203206656 0.00080372041629711457 0.03245154563282373616 0.80204659898125574280 0.00236223803926122146
0	0.79735913084508136528 0.06345180502243912002 0.01091349155427475022 0.00855515236908283364 0.07706875491689414714 0.00897929424262903716 0.03367237104959866500
1	0.04201177727000778017 0.59834750184023610675 0.00524338656818176298 0.18364377686538482792 0.07187763471632722945 0.05138439482964804461 0.04749152791021381270
4	0.00089263704550779398 0.03771066993499588849 0.00841841741248501932 0.01016996077126124456 0.93619825463771932927 0.00382224867138729026 0.00278781152664377271
1	0.02268168044987780088 0.85622168008934107508 0.05448067151972554867 0.00823869953811766711 0.04840085517908094409 0.00616747775572921726 0.00380893546812812117
2	0.00663574352928398246 0.00093044853342457595 0.88689633415596835775 0.00044890404794884192 0.03269105455949059685 0.00555565956049939528 0.06684185561338563952
4	0.05406367020520738698 0.04631578641206010594 0.00521564131939563323 0.00184416357983064423 0.88702194479607032740 0.00441427259032253425 0.00112452109711338967
1	0.00965936133492471642 0.86277448420977820298 0.00483744603246169351 0.06003670397467324865 0.02225151512935467576 0.02235613770262075140 0.01808435161618739129
3	0.00060697595752835190 0.00113120759440163052 0.00019716010421124398 0.99791718593021949690 0.00004701220165722110 0.00001064176516327387 0.00008981644681848535
4	0.02603898316806399493 0.07224138438983204735 0.02235492711542502037 0.01636671682547058762 0.82518216405689814863 0.03153470710203110094 0.00628111734227954598
3	0.00472864388104589969 0.03889599879945315752 0.00069403565206345007 0.95450673846805023093 0.00008522886303440554 0.00054600709570334059 0.00054334724064915231
3	0.06334841886046747861 0.00125773601477727898 0.00244891854436793963 0.89903292076159679880 0.02830908160074461360 0.00283387349224362281 0.00276905072580192237
2	0.00004350302811810512 0.00005232819281130480 0.99966898178094920624 0.00007815675959291658 0.00003105828914848687 0.00011379867169743247 0.00001217327768176569
1	0.01552066591209477764 0.96574379108012053941 0.00134145699940872959 0.00966953074684558794 0.00656414437868239279 0.00079518921827337536 0.00036522166457542300
0	0.99757741247405173901 0.00051219182514763788 0.00004970603168093000 0.00012283953756989197 0.00115386304874693073 0.00013610165992004828 0.00044788542288289089
1	0.03394033351906471790 0.93557685842581350677 0.00124661094479851502 0.00114092667446665376 0.01087883019913966909 0.00995024667303282158 0.00726619356368411132
2	0.00002641574563818345 0.00002557860989826457 0.99955522692220810654 0.00002517810320604612 0.00007015881466859318 0.00028348594036751350 0.00001395586401338452
0	0.99451353873685111040 0.00109078995345725997 0.00014538418626453375 0.00255295770734399394 0.00029587049879301053 0.00047823283464851739 0.00092322608264167202
2	0.00000608961726272019 0.00002366000887316896 0.99583703021974978586 0.00000274122825169554 0.00063160156198480187 0.00343009433671598698 0.00006878302716297143
3	0.18528646576033733218 0.01546322183488319651 0.00162215835907432871 0.78330155925895328384 0.00645381407316690959 0.00026626499239841957 0.00760651572118663938
3	0.00831236089268993193 0.04782311574879020977 0.00211768116597540763 0.93596951946819140211 0.00269683197149660735 0.00226083147693174197 0.00081965927592374753
5	0.00005704324072374170 0.00048531330373760497 0.00174376091205485787 0.00004451028682836665 0.00002022908469168359 0.99759757802845783203 0.00005156514350576276
1	0.00211687163869899017 0.98841469331206288640 0.00112428148893585185 0.00658850829258345733 0.00024778545622897017 0.00126266828576445875 0.00024519152572562229
3	0.01700698703837009301 0.07234732794082911200 0.00501478608598354952 0.88725263640567175738 0.00608430449218471617 0.00658557681977825580 0.00570838121718181268
3	0.00059855741083882411 0.00490402790394754620 0.00001827087419439552 0.99441209016744736005 0.00002626425542004600 0.00002805507204825357 0.00001273431610481481
2	0.00000664705384098025 0.00002101805497004948 0.99992985748215268416 0.00001041454127198937 0.00001913156751406218 0.00001050320475026077 0.00000242809549912317
5	0.00134077381925320170 0.00009048118885072056 0.00012657460305241753 0.00012928014066995540 0.00017414306434636109 0.99798937951239752309 0.00014936767142929494
6	0.00429501826107875871 0.01711482095052319075 0.00139384970877858136 0.00156871250495220125 0.02790501062580610231 0.00355377317581476952 0.94416881477304648307
1	0.00062979111684424282 0.63717397754890270356 0.00076270180687213536 0.35894908056960106446 0.00094700500682320010 0.00029185979634522712 0.00124558415461104108
1	0.00259143510763103170 0.98973969299704889213 0.00203422645762294917 0.00272477553515588838 0.00014223493731658273 0.00257820173558686054 0.00018943322963887121
1	0.15919521288797480740 0.70043522050154016778 0.00443482550040771601 0.00445238374881222303 0.06833224544364364939 0.02501984379249644341 0.03813026812512491925
6	0.00086220082177667690 0.01160024428839249826 0.00261407820043843206 0.00087983335028527215 0.00301640617539316062 0.00033027483264265353 0.98069696233107184202
2	0.00055088798536955257 0.00617885711463100028 0.99175297747725288389 0.00050875399327374345 0.00022195896318693539 0.00067300661751728229 0.00011355784876900949
1	0.00330722776228535879 0.99595887783344816402 0.00029300373165651176 0.00022166948566995553 0.00003159774913467833 0.00014785734336286656 0.00003976609444264200
1	0.00134430198188004927 0.97856024713754141686 0.00108112043218782533 0.01464036105586929114 0.00241058323706205054 0.00143215283945151450 0.00053123331600745598
2	0.00010187920795674716 0.00015110676555832461 0.99833256741655840294 0.00023545032838235723 0.00034739393309384556 0.00062035650883030338 0.00021124583962023633
1	0.04063703237471751051 0.73058703644871691996 0.10010774172398725912 0.05724601221469538537 0.01978659689701607605 0.03429294318812506348 0.01734263715274178552
5	0.00020376101403157389 0.00076382378667695715 0.00192409826232975835 0.00013125811592318022 0.00539467156057843629 0.98766414840631466809 0.00391823885414614281
3	0.00353224098106465515 0.01622608091153947621 0.00444257661062230375 0.97094560082784664434 0.00092184488172516110 0.00236686195921040603 0.00156479382799099617
3	0.00021077922942134222 0.00261475911542205638 0.00013532594435085158 0.99676862595636472886 0.00003937396474142870 0.00018437165464665512 0.00004676413505332739
4	0.00199772447173236561 0.00087987702263804307 0.00090788265754600142 0.00162321878228310554 0.99047325697931654087 0.00379346094528936958 0.00032457914119410857
6	0.00032677608241555949 0.00001574760424266521 0.00003446977858569757 0.00000242437118965890 0.00056632820382450659 0.00000424972449602563 0.99905000423524625841
3	0.00382346225071996879 0.01909546093817454659 0.00377923885281759592 0.96485412347382304432 0.00313372732554476627 0.00243067655043089541 0.00288331060848921088
1	0.02514585208329040561 0.95010106554473949814 0.00776166557505817735 0.00147190936797054616 0.00058940265764576168 0.01354710950020757490 0.00138299527108815923
2	0.00015153548462978984 0.00031973953632569900 0.99764914684853667204 0.00087672381161626371 0.00053967588976797001 0.00016458240854710408 0.00029859602057743606
2	0.00010649867778329616 0.00002527721543210593 0.99969944855042269793 0.00002684109112970031 0.00001758662110392009 0.00007430231419828032 0.00005004552992941721
2	0.00660425951035416119 0.00594580972308509943 0.94211266025046014327 0.00244904180259488020 0.00229092124990639551 0.03939207808996881416 0.00120522937363070552
4	0.02025611823207138645 0.00228799937769820711 0.02006957590340453790 0.00281029400348359153 0.92422134796617683161 0.00034391143252163604 0.03001075308464385902
0	0.95029666848800620205 0.00786265654946785748 0.00112762582479569956 0.00381681396004896487 0.00387679223128985966 0.00912215904499405310 0.02389728390139730235
5	0.00004949882331738422 0.00048072339636838588 0.00031081764835696367 0.00010879972194882691 0.00076453728626089945 0.99824883099948091836 0.00003679212426711310
5	0.05956883070045494027 0.04849539331752401178 0.00815347359752689391 0.06686888319366539324 0.00885920327730721664 0.80449716387120895345 0.00355705204231239989
2	0.00459947513348142080 0.00144291086640063087 0.98679319119359787393 0.00491979386746065322 0.00075112476258401930 0.00139625410951564805 0.00009725006696031633
2	0.00076309547686945786 0.00038035023528461872 0.99728721162401379186 0.00060945031292574997 0.00034801732861332139 0.00049219620941678619 0.00011967881287709929
1	0.00087501749784664560 0.97489485036033385335 0.00382569322129429909 0.00956724190473090368 0.00068034584624652430 0.00846366439201648273 0.00169318677753101500
3	0.01887052878247526266 0.08319924947366498513 0.03145772280029524720 0.80657949492648139955 0.02400491427742339201 0.01298385522436495965 0.02290423451529456644
0	0.99150633132459031760 0.00395376266644028966 0.00026620896402767055 0.00101331271649459818 0.00242574177117924235 0.00039986746014593566 0.00043477509712187747
0	0.99800748630450519805 0.00132262766619491590 0.00007021893721463955 0.00006229901923773586 0.00019001294135281561 0.00017909799511175366 0.00016825713638289947
0	0.84981827949946475709 0.06275058050863596693 0.00422948096822830123 0.01375392026232984642 0.01652523481820393492 0.02962036480720518436 0.02330213913593218861
1	0.00392847419270145239 0.98822496732442599576 0.00091401230712517888 0.00467389452022847103 0.00150730733559648663 0.00051595427613456324 0.00023539004378768182
1	0.00259115379601696730 0.97068065536483016942 0.00283865154869612996 0.00723377530644903413 0.00584031957630673677 0.00841012806823560402 0.00240531633946547158
0	0.98886951317756943691 0.00297769019642477083 0.00255679101785584234 0.00068799575304940100 0.00062456658520881479 0.00039303349113148139 0.00389040977876026466
3	0.00031833256175786565 0.00052373951139891481 0.00009202092287005181 0.99885782661342192856 0.00001207419981799718 0.00012064741028474704 0.00007535878044916739
6	0.11386285239080656817 0.01094413995774970970 0.00955255893067121636 0.02179194242309503635 0.22984787384987781511 0.01132816898388581441 0.60267246346391367684
2	0.00008576422962876576 0.00000768200970634536 0.99954994520192586016 0.00000097004132935326 0.00001864664989106238 0.00031668576640413339 0.00002030610111560218
4	0.00334446229378375240 0.00059392390501712439 0.01803710030159830571 0.00021508332716203740 0.96621083104557170529 0.00279492544586321633 0.00880367368100425096
3	0.00575878956878099393 0.00146243105256256057 0.00012255350583142283 0.99087929093292115290 0.00155176140558635793 0.00010044640469377400 0.00012472712962388198
1	0.00429978000982052938 0.95828782822437708067 0.00149541496113360177 0.00084034261925248165 0.02396076265747764181 0.00092942089769416892 0.01018645063024541976
3	0.00182657223781925305 0.00058139296007134167 0.00670933758463664303 0.98926419483602712202 0.00018928473632286128 0.00014590847108351485 0.00128330917403908463
0	0.70752652011765759799 0.26654906854415244544 0.00294488801571769938 0.00530826470684556562 0.00280674704189462195 0.01284909922694249529 0.00201541234678936617
0	0.99071675881753129556 0.00243749510853581838 0.00087002075138326788 0.00203249631471409762 0.00031852154095519003 0.00280338831612521235 0.00082131915075515179
5	0.02183506175517751016 0.00995459343454711820 0.00435249930266715275 0.00085646999178561707 0.00178626012340551694 0.95719207859812260875 0.00402303679429458997
1	0.00701253119059990545 0.89774937349901495764 0.00218453758729866268 0.00083458315224665394 0.04375223826175091840 0.03543841358956168613 0.01302832271952699544
5	0.02267086724840636919 0.25968253536588264963 0.18808860837703880731 0.08199075121675648836 0.00528850233585522432 0.43929709663329302716 0.00298163882276760708
5	0.00082569042848739586 0.00006315144582672835 0.00009525659136021179 0.00032409685737830589 0.00012193249075804671 0.99816397493784470019 0.00040589724834472755
1	0.04078554907249329342 0.88907777521920983155 0.00416987604104430802 0.01530818345496978185 0.04439027003626418860 0.00593248177240021310 0.00033586440361803153
1	0.00355772864874933769 0.99284995453623958728 0.00027048918954653510 0.00027094671943802553 0.00008548190997434580 0.00285423044770139779 0.00011116854835050261
3	0.00466552830737106648 0.10429244939999751662 0.00177532440470859411 0.88515190651901165531 0.00060061912484181499 0.00262141366455992050 0.00089275857950926046
3	0.00823285311629498931 0.21949531339814723485 0.00390116344437992221 0.76350873811597497198 0.00020687833682169133 0.00379168801044392489 0.00086336557793688905
1	0.03298631234063217205 0.88523214363506719238 0.03591204750645661525 0.01950826901632076588 0.01092149080283413322 0.01030570664267416343 0.00513403005601493177
2	0.02268407746987004606 0.17108295638702011865 0.73138908286610215814 0.01622731685767223389 0.02365604542683058184 0.02737509266083979279 0.00758542833166462628
1	0.00014273561081341778 0.99707645442032299954 0.00016413145458864394 0.00242564547374130675 0.00003950602671082872 0.00014470437332721748 0.00000682264049542734
1	0.00036094773545304495 0.99839596504378547159 0.00012064200221702183 0.00039802544051010055 0.00004057205056957425 0.00067475121538207168 0.00000909651208216861
1	0.00240009232383872400 0.98588457098792559030 0.00076921356644438904 0.00802276982510547257 0.00175995298000574448 0.00098281950294268642 0.00018058081373752101
3	0.00119953918570682113 0.18033478767157337663 0.00027022494049732564 0.81775230159929201967 0.00024081885285125274 0.00009903017993442472 0.00010329757014538091
5	0.00297475046244443167 0.05870423731880503038 0.00311250923079237898 0.00065962066990924394 0.03309586937673329732 0.89802735009837120206 0.00342566284294411588
3	0.00940404004284029794 0.00647576693125804896 0.00032896791942474413 0.98010361465146456084 0.00051583045363002384 0.00296330145299877586 0.00020847854838412495
1	0.00848034305025876026 0.98037706752191622339 0.00067906105266347006 0.00310272868327388530 0.00320639688836202178 0.00257631347288729247 0.00157808933063915274
3	0.00238523207457671995 0.00197292467871785842 0.00107905552982247278 0.99071336056157488503 0.00132163147368601379 0.00084691812478817339 0.00168087755683376909
1	0.00063388538332995864 0.99921295640135077143 0.00001545252488845045 0.00011535497067589933 0.00000560762200258517 0.00000521311637599662 0.00001152998137613502
3	0.03804584321537624048 0.04093168611399882612 0.00229384383503555443 0.91073249528072408587 0.00048584172660586015 0.00745016689573456490 0.00006012293252446068
2	0.00031510075798949605 0.00017721289237117215 0.99938520991445312092 0.00007006901894795648 0.00002720354060654953 0.00001749853367862839 0.00000770534195360763
1	0.00140571339083204582 0.69948263520586451136 0.00028279943738448863 0.29844171716161610464 0.00004391072210208967 0.00024847327547216079 0.00009475080672870073
0	0.93356910754549937703 0.00782350138989799070 0.00073229138211443985 0.05012241238475222127 0.00284549073024161631 0.00205075893312111311 0.00285643763437355355
4	0.00841851071856777877 0.00861001864846099724 0.00987405820872479245 0.00440931952309100983 0.93972970459567306545 0.00116466622715715742 0.02779372207832558547
1	0.00058019904902900036 0.99302162397356452672 0.00196102283689129735 0.00192707459130014793 0.00077756221631287970 0.00162263329091764811 0.00010988404198437172
2	0.00085647477645605643 0.00018120924167161788 0.99803183328076905401 0.00050391625272499521 0.00012433437607980134 0.00025493958682161374 0.00004729248547677135
3	0.01131359896638362179 0.04260504786390165166 0.00360290464755120329 0.93980429999429482280 0.00001132306879406651 0.00223549405643468134 0.00042733140264005290
1	0.16541195476224226923 0.74606807117218842951 0.01178506844830659595 0.03836427614533242242 0.00605087432344105728 0.00634676271415924014 0.02597299243432973220
1	0.05400068828385051062 0.86822733283023745265 0.00988235356114623015 0.02464319869751065845 0.01336957560834964136 0.02121528153826258284 0.00866156948064297771
3	0.02096041854810340097 0.01252938638289046586 0.00893214005074826137 0.93460115891234762930 0.01459537267785569747 0.00181744034241651292 0.00656408308563749196
1	0.06030438751538035741 0.87295656614429884002 0.00646933851717559905 0.02005308308860543828 0.00676545243917995275 0.01017214824069863528 0.02327902405466059088
1	0.02044357043838103405 0.89201103646225232691 0.00896921828918220351 0.04609910790125879010 0.01396969573921201524 0.01540267572506794427 0.00310469544464620764
0	0.71406056704117415457 0.25407840971443179656 0.00358251177424804374 0.00439691674780110647 0.00433777404661102664 0.01831277752336889220 0.00123104315236515502
2	0.00125477195838667320 0.00045401518399328816 0.99556492915574690272 0.00061709905667188503 0.00064148376955895138 0.00133135584409684862 0.00013634503154387554
1	0.00039172763255206333 0.99377022057818342748 0.00057684542187447869 0.00031070234994435685 0.00009620781899569797 0.00472546446460595133 0.00012883173384385755
