0	0.97694879573552884100 0.00762463765472603215 0.00093717166416865203 0.01055412356790592920 0.00100261944293005174 0.00060801062464387534 0.00232464131009645645
2	0.00053767744772429955 0.00031936407350343661 0.98897348942282581330 0.00031621531070607904 0.00785797414231651468 0.00155950685105927145 0.00043577275186467307
0	0.87243734898121794163 0.03886418806693608952 0.02146935188373454151 0.04081523912333440834 0.00873018172164021812 0.01123505530735069251 0.00644863491578629745
3	0.00002281400783552675 0.00006034260165187930 0.00000216315787752319 0.99991349010502705852 0.00000022322360690373 0.00000073780342878532 0.00000022910057180830
1	0.03072065567890302704 0.80424678683801409385 0.01606569146786746352 0.12444497044209751335 0.01151269157294552981 0.00340046383220456421 0.00960874016796813175
1	0.22318174138084878599 0.72586100005150211434 0.00171255754552610343 0.01911687746080249425 0.00141993673030351309 0.00313292054154022366 0.02557496628947682552
4	0.00307942471389965975 0.02623623609868746751 0.01049743908037032575 0.00154062758410285520 0.81358637395832100747 0.14132894602430148834 0.00373095254031694662
4	0.00007682106869556007 0.00054473567262006194 0.00012688576035608585 0.00035308858876899151 0.89907653041995050369 0.00002801059124114265 0.09979392789836735722
1	0.02159738595204902661 0.94939354791251262533 0.00050269300809764042 0.02831793981792009307 0.00001510699474942620 0.00014400535252327855 0.00002932096214786605
1	0.00104896698981674021 0.99774961357237812454 0.00011736885598450946 0.00022360610133260103 0.00014391353972175418 0.00069159482550356385 0.00002493611526162540
5	0.00330050686478275748 0.01084487744884913597 0.22911999761746529303 0.01414015422183451456 0.00010952863470643384 0.74057937495244574588 0.00190556025991659101
1	0.02652367341660913716 0.97057806500700638530 0.00051939739233281164 0.00028043949881372248 0.00022147146954314552 0.00092622320316208817 0.00095073001253201807
2	0.00006500784112007649 0.00001490817671429912 0.99942950534887864400 0.00012455540887720067 0.00015068675583970728 0.00007878625343784811 0.00013655021513013640
3	0.05420236997198607520 0.14844965084640709962 0.03614284318722957995 0.71632330952805267632 0.02190562339913855114 0.00782445882582804252 0.01515174424135807760
3	0.00242427710840777827 0.00097237772604070701 0.00089282208820956827 0.99561415366469119270 0.00001919618861485434 0.00004313902636210434 0.00003403419767368780
3	0.00114825055635083386 0.33336725334487243844 0.00052688212594661035 0.66063574219858500758 0.00338108685738464651 0.00067834141250945384 0.00026244350435175362
1	0.06525013839065241239 0.62387135013291350472 0.04100461703079991832 0.11825897535464761912 0.05067178109799982261 0.08253733290621274865 0.01840580508677433155
3	0.00098892276687010728 0.00325239075261545864 0.00083709783275037059 0.99460189957549416384 0.00005116773517704520 0.00019556024439622635 0.00007296109269611329
2	0.00043341913085417167 0.00014845443215028806 0.99720498156635528630 0.00037639814212810801 0.00145158343476940559 0.00036119418160825622 0.00002396911213511030
3	0.01397380837539863828 0.05253048721081370748 0.03959700612564205635 0.77021512550570636613 0.06807426078648530499 0.00729257419659901356 0.04831673779935471980
0	0.43225929458249262582 0.42063215054413949368 0.04269396318741824903 0.06362700839633628203 0.01002223700209739499 0.01546466978719360404 0.01530067650032216134
5	0.00530104916703452896 0.31770968231853830011 0.00599078390108542629 0.00055280556947033565 0.00230629347674393432 0.66781585671102117185 0.00032352885610672209
1	0.11210922254277824739 0.84881089010736310296 0.00023046952712456068 0.00449273904728323542 0.00046900212197303876 0.03192010529882344239 0.00196757135465437574
1	0.01022515909582743729 0.97918279942403885219 0.00347757827179610976 0.00427527458977747590 0.00085138036297879253 0.00181413738990422605 0.00017367086567734178
1	0.04365276905103214478 0.92269806570018708669 0.01495837461839060432 0.01160305654784361991 0.00379425839167811963 0.00180310593603566559 0.00149036975483287921
1	0.00688321913342691480 0.96868726063912546920 0.00016703254383318837 0.02365097859330680258 0.00008454958074065348 0.00048995473021935592 0.00003700477934789974
4	0.00120914051263832441 0.00531479656981926132 0.00493210978648248120 0.00158169452725878895 0.98315693122080616284 0.00098130632559611857 0.00282402105739961926
4	0.00373472970376741674 0.00216569513606809433 0.00102617623427955968 0.00103925905621524216 0.83333920098253289055 0.00019724882219337544 0.15849769006494404677
2	0.00030773952209245766 0.00042165254766048679 0.99874955334697490539 0.00009614543514784737 0.00005618482935456757 0.00036422774006535064 0.00000449657870412637
0	0.96153777780752347493 0.00958803217698135299 0.00254323435962565793 0.00891122811352111459 0.00550547982410110309 0.00608820693924268849 0.00582604077900470297
2	0.00095080213638251362 0.01948763201246896462 0.93407633752714769315 0.00780272198362392134 0.00904681072778123173 0.01797613381452253106 0.01065956179807352709
3	0.17223957540013495882 0.05378845881052302103 0.01886808692654137407 0.69990012758150543792 0.00377868146442795734 0.00348000526009789894 0.04794506455676937617
2	0.00252813786893229132 0.00027967499128337802 0.98960928241767287528 0.00003001178480783512 0.00031421021573508799 0.00684137221181364483 0.00039731050975512787
4	0.00010207043157370654 0.00012564281532669071 0.00049763912030230330 0.00001584713524491952 0.99790370273898587605 0.00031686632254610214 0.00103823143602203285
3	0.00060310143346704154 0.08468197397791259184 0.00094917011198574700 0.87827250033180559452 0.03490770166538410130 0.00046349946472811610 0.00012205301471570534
1	0.00752193266834143108 0.96768867258956148270 0.00618771243859927815 0.00258630018982082457 0.00641002854724186458 0.00870383909144459636 0.00090151447498994090
5	0.01221466676173959577 0.04830583155014385455 0.00062278184002732460 0.00005545157639259197 0.00457574768417097662 0.93417902874755698317 0.00004649183996934976
1	0.00574227057531901449 0.90478964098415548545 0.01000983394473166019 0.07020844383558268176 0.00243053978184146332 0.00590210566932000344 0.00091716520905093179
3	0.00093175334870475854 0.00080894497901693070 0.00034853003967799998 0.99761333802178731034 0.00002666719834319828 0.00012546902776481406 0.00014529738470601315
3	0.00543658395629222687 0.03515865766569813838 0.00939345453661041656 0.94779264554423214850 0.00032309021295602060 0.00019515286780734893 0.00170041521640383565
4	0.04372685769729527799 0.06921277581238846621 0.02564016677003433040 0.02812771232887847223 0.72750229707968905313 0.05443736878591712292 0.05135282152579721121
4	0.00813569540990605189 0.00009997969926424922 0.27526735048068318168 0.00016308996607243423 0.70921969937811624174 0.00181429739200265026 0.00529988767395512747
5	0.03369160018236708881 0.02299708522122687407 0.00335842003280666882 0.00389214874277108011 0.12282483759478225738 0.76445068852071651477 0.04878521970532933433
6	0.00011664283456775841 0.00047901949808950417 0.00022803903558838091 0.00018672571417618932 0.00059008116813578926 0.00008597536775008601 0.99831351638169218976
1	0.00029393611248959719 0.99926699380679129270 0.00008532931691374185 0.00006659685903973301 0.00011158093192097976 0.00002717356766415000 0.00014838940517914934
2	0.00041336288578146100 0.00242949209655487662 0.99320053541855513046 0.00041757171163762274 0.00073104739532444903 0.00207124989516081380 0.00073674059698542339
1	0.01344679287729321458 0.94788955455006052020 0.00499825468777676234 0.01128140898476656835 0.00128855977733844849 0.01923724220467860208 0.00185818691808547739
2	0.00040028367829062422 0.00101204210230143761 0.98968984376866131480 0.00068658669505548126 0.00362298261055253633 0.00327667370788752108 0.00131158743725102870
6	0.00539840261814906932 0.05413144476966740698 0.00996082495403058897 0.00892203830749749467 0.05663007017099934426 0.00271920501764361068 0.86223801416201206749
3	0.02770481432432353452 0.04534763038871399837 0.00070000799338720376 0.92385176361490128905 0.00055421139724542285 0.00120463907808441607 0.00063693320334424347
3	0.00304165829207160999 0.00122372977899477342 0.00028350523063870169 0.99540996921596147651 0.00000383640151599387 0.00000728085417264368 0.00003002022664459178
0	0.90625092581650990020 0.01518592353150302610 0.00310447993572138866 0.01397310661310274989 0.01195981333947862546 0.00962580915589474236 0.03989994160778961851
2	0.00024523163681998704 0.00053951091128211942 0.99154149451562811901 0.00009520373778997208 0.00084364714023155922 0.00643809531585480283 0.00029681674239142328
4	0.00066119733413775314 0.07242363176496156851 0.00190241349776015681 0.01605376561632652910 0.90699655233677323185 0.00100109343651519117 0.00096134601352514300
3	0.00488276312932078242 0.01456305208598699351 0.00029301193567765588 0.97980445902008483916 0.00036471629826983527 0.00005411732996592799 0.00003788020069352392
1	0.00196745321473016819 0.99540318228760038544 0.00059244170112068601 0.00131653079821832716 0.00010186056694390234 0.00059648453743623418 0.00002204689395016411
5	0.00295243271386800470 0.00047675352918129336 0.00081508213573083777 0.00086314049943371236 0.00065510645632738985 0.99229343123308766383 0.00194405343237150259
0	0.55521583093484927485 0.41691413553283440674 0.00021531697508553113 0.00279865309898505096 0.01376643613484448622 0.00147809261904261499 0.00961153470435877760
0	0.56906589240062055435 0.40772477918780380968 0.00165876331207266844 0.01347053359309278477 0.00123576351304935991 0.00579741621702967082 0.00104685177633119346
1	0.00459894576979677852 0.98177903904578800454 0.00058588644984750656 0.00622502622013192120 0.00576982350444047842 0.00063038776533776869 0.00041089124465762075
3	0.00007085285330723351 0.00045583174408862217 0.00086835984617832053 0.99822286514385494272 0.00000656860821897103 0.00032808083919734575 0.00004744096515598505
1	0.00064312901884933929 0.99789556148302516192 0.00062961844135669270 0.00036905151639574492 0.00021586819733397791 0.00015562052377793628 0.00009115081926129321
0	0.99604601601755105023 0.00055039767359188756 0.00007475327119805667 0.00047097570929190120 0.00068001041583356093 0.00012485644288001371 0.00205299046965370111
0	0.98939578002688710612 0.00223176356449485960 0.00109694725388654831 0.00472425952272836035 0.00089812095307350865 0.00026770685765328974 0.00138542182127647517
3	0.00068826300335825469 0.00791471758598556382 0.00012503209641158037 0.99094925103203557182 0.00005179065853134257 0.00003536983255762756 0.00023557579112038938
2	0.00059617772283345903 0.00037082861470293864 0.99781600329514463787 0.00053418162573477292 0.00020642077486826972 0.00040704882076840715 0.00006933914594713439
1	0.00950853226089752243 0.98374953430488820683 0.00142832732174985317 0.00355879367874865687 0.00096979633818187983 0.00021344045111081072 0.00057157564442323369
0	0.98690168143015588598 0.00587947106678090702 0.00020076347417660506 0.00041368581754708830 0.00160699687502742017 0.00099661138389379729 0.00400078995241803098
3	0.00600355067666211769 0.02750318858154187501 0.00016204384739537016 0.95942051599402455864 0.00587690957748501341 0.00061270497222645965 0.00042108635066487332
1	0.00316964028646536016 0.99047097106390991073 0.00029060686590709695 0.00127185106770697333 0.00120704748030755950 0.00022090868341775004 0.00336897455228634107
5	0.00010727736330609084 0.00180693071050384781 0.00048412812068800062 0.00032964388942945876 0.00021012728380593679 0.99684540699819701448 0.00021648563406936696
1	0.00305296322668935534 0.99285656594629811966 0.00073142631545437581 0.00226531022422846000 0.00030816433679857507 0.00044828482005099555 0.00033728513047944267
1	0.15096851929442073326 0.68154540505472271938 0.05447477120922412236 0.07758815389278775343 0.00600986257876540142 0.02528786461526113041 0.00412542335481805734
1	0.00585941399335660525 0.98763316246277366162 0.00000840648562459750 0.00628679756716582494 0.00007593704980326030 0.00008614067455618195 0.00005014176672066621
2	0.00171595379710270664 0.14867835579126520429 0.83155890389090858505 0.00117390590697760092 0.00082980459113187626 0.00713102457439054871 0.00891205144822393783
4	0.00018550462199334034 0.00036542231736911744 0.00090914040825619449 0.01352576672681186920 0.98103580467699735834 0.00063026090826527527 0.00334810034030631753
2	0.00368615065097137578 0.00010976762743147827 0.97126825275042349972 0.00005417687410642181 0.00025147265767801934 0.02440950109854292394 0.00022067834084598770
0	0.99590466609775973872 0.00014801402380108762 0.00001051460462046824 0.00314135089127045262 0.00009055874992654446 0.00006996989971348266 0.00063492573290828002
1	0.00134998045334816671 0.99741703479023424705 0.00012270492393032492 0.00001192605708559604 0.00016169547382226707 0.00071063777844414451 0.00022602052313608367
5	0.01125873456808677321 0.07832703567420648549 0.00749496078348813131 0.00960696030259642134 0.02679100561774470923 0.85320761318937643480 0.01331368986450087895
3	0.00138966524178760122 0.01020836278224439460 0.00105763296289053421 0.98687954069591254935 0.00015377009360466949 0.00017920105015219737 0.00013182717340788359
2	0.00004400080009362806 0.00015840251179999738 0.99828551568663770333 0.00009380272604709717 0.00099217835867463884 0.00020105092846670221 0.00022504898828192341
3	0.00221528256222745063 0.07466577604340469965 0.00006350825043259894 0.92297966471270231903 0.00002047764011684335 0.00001177786500788191 0.00004351292610711060
2	0.00215547347349515431 0.00008342705021433962 0.99600698649840635479 0.00037706326666778574 0.00070178795448552832 0.00063261741827399154 0.00004264433845633907
1	0.00053940964156331888 0.98341700661381070692 0.00044599980560020892 0.01265405230365500462 0.00024673401936013852 0.00237033514597195186 0.00032646247003924236
1	0.00062557976814400968 0.99770451568756823857 0.00037049039751973849 0.00046706619772559846 0.00015379266738090996 0.00056072568204934613 0.00011782959961206430
1	0.09627373200983463386 0.89800707441393889940 0.00053046660597456908 0.00280703698832625217 0.00148129921707026882 0.00014928923142739134 0.00075110153342784682
2	0.00018378134040246251 0.00010385388653087422 0.99890685165023296310 0.00005428434515000736 0.00014715426615075319 0.00033607710693440594 0.00026799740459682253
2	0.00134341535124952961 0.00074624513652787471 0.95790365390271137169 0.00043892927724667263 0.00573998112428887163 0.03345196259492332763 0.00037581261305336952
4	0.00140699492544446168 0.00087014262011173222 0.00083994311950760672 0.00028510479775677015 0.99342859636972391524 0.00003739915405902313 0.00313181901339619874
4	0.00031891243126562420 0.00150572056768138052 0.00075670561953725059 0.00004331240802793996 0.99536638009776945424 0.00035122641487857860 0.00165774246084102899
4	0.06493696026428419366 0.00300868467012226993 0.00257425373965995208 0.00043394608959483106 0.72488834396279755445 0.00351461580605976149 0.20064319546748146661
0	0.99307549522608773440 0.00385475481010426162 0.00008670191855177717 0.00055269999626128118 0.00077490281107961986 0.00092904540239384121 0.00072639983552138013
0	0.98718511264788899595 0.00165006919399128733 0.00027926311037171006 0.00076940572206884159 0.00233076500021957332 0.00021685774064785426 0.00756852658481143008
3	0.00004151561486976674 0.00004242061962001573 0.00001268270791224900 0.99989970894678270597 0.00000031940999729675 0.00000263999995313936 0.00000071270086301913
0	0.98633040146309436391 0.00085345633833788489 0.00017014748574819565 0.00928196315050498419 0.00063983918730554533 0.00019017920654329878 0.00253401316846578939
1	0.00674234887245536187 0.98454659263323185403 0.00102305900833050728 0.00171802535676123078 0.00008682786237528577 0.00561955574631283535 0.00026359052053221197
5	0.15193852390917800266 0.00645620858360512750 0.00525219120600615465 0.02993269454448149736 0.00098182514774691147 0.80320118270439355701 0.00223737390458855724
1	0.01452019555578045427 0.95385562810118762478 0.00280248292253226176 0.01810264170160690370 0.00750423084452730895 0.00298998230754420578 0.00022483856682189963
1	0.04164589078135905176 0.85522660388704629941 0.01924839610281613156 0.06850282980988277315 0.00322854175328828692 0.00558491893314116625 0.00656281873246638420
1	0.00121146376719792354 0.99807013608063244181 0.00004980948241643968 0.00011741161421325546 0.00005508379610861343 0.00048490795760380829 0.00001118730182621564
0	0.99434996931040431356 0.00116158891299173003 0.00025616666041655911 0.00097583770066966239 0.00184118584484080643 0.00006833819256393807 0.00134691337811285563
3	0.06514002252081832478 0.09383048947440358889 0.01378167017856809541 0.74701037751502397111 0.00814679125076194985 0.06757280734967943681 0.00451784171074434259
6	0.00076530012571547601 0.00007503876646091314 0.00006489833198087225 0.00000153728652927170 0.10587594227563665306 0.00001716212036735458 0.89320012109330970684
1	0.00037665687536617072 0.99723609736377916146 0.00009453052682571935 0.00001557872745338059 0.00000766438729802697 0.00211487430516138757 0.00015459781411679996
3	0.00029760384401973384 0.00037938867640667040 0.00002155434076073485 0.99895633756276447368 0.00017483345989004727 0.00001741081404116627 0.00015287130211637725
1	0.06850289409914712968 0.84658256707802970187 0.00251788938955254879 0.06820767343101627467 0.00842046278803189850 0.00483478335404583914 0.00093372986017689814
3	0.00722032122441886980 0.05740980737578112864 0.00713763113629591311 0.92029269701441707152 0.00318636708407105682 0.00373562107793858024 0.00101755508707822404
3	0.00293451249342704251 0.00121627582893768104 0.00334143399241858740 0.96100728110356692380 0.02226488077605567190 0.00423467288235495655 0.00500094292323897006
5	0.00164443815117101756 0.02627764031764670549 0.00271099280981979994 0.00271370735148667103 0.01909548996947945526 0.93921762703379541026 0.00834010436660028061
1	0.00956299146768078284 0.95880969482110822710 0.00687730141613322396 0.01301449269182819272 0.00497950093030879656 0.00145429997246846951 0.00530171870047202107
0	0.97743882010973692775 0.00155207765126022870 0.00044398514785958990 0.01701885867670575522 0.00069226527376493147 0.00008976906115516509 0.00276422407951764683
1	0.00004483010081102503 0.99825527454360130086 0.00011687321217784031 0.00073477425679631522 0.00006784125057472405 0.00052576056754822240 0.00025464606849110030
1	0.01701281205772251295 0.95145006143432531154 0.01682680997121676833 0.00379181992768115855 0.00539953835788287671 0.00520346226040450856 0.00031549599076690206
3	0.01037041890689687634 0.00479385073497152949 0.01171178684027738594 0.73976200438050210284 0.00415679614719125564 0.22900818736734382397 0.00019695562281779182
0	0.67161198700563973230 0.03408696138769594375 0.27700401183644290937 0.00097716664213479544 0.00825539932095521560 0.00784556910712782413 0.00021890470000354327
6	0.11498666429489440288 0.00018873818726179744 0.00014982857049080159 0.00153892860102115251 0.00729869117063249463 0.00165726767624827984 0.87417988149945080600
0	0.92941056104006603000 0.00814098379149432762 0.00050284747547999398 0.03105752972586173916 0.01296851819619477056 0.00400541378374084413 0.01391414598716228176
5	0.01948500224110721532 0.00011911345907377420 0.00003200638837598476 0.00013252341200473003 0.00047655992854307429 0.97938767599981157996 0.00036711857108355739
5	0.00031117337046890250 0.00262028902667882542 0.00097384590066926940 0.00081734759458909558 0.00015874997654305824 0.99508517857157263720 0.00003341555947864233
1	0.00055744479186578999 0.99818217613993753812 0.00003277919989821344 0.00038953369391110985 0.00046675685318489467 0.00014685497353906019 0.00022445434766318626
5	0.00744072369945722630 0.00489747711424790792 0.00015535222735763631 0.00105723398207189091 0.00033979913710868769 0.98605192149379217170 0.00005749234596481008
2	0.03827568019525116882 0.16645317943707266251 0.63158206146779283241 0.06688960259041122625 0.03837205050730955330 0.04348257283394885847 0.01494485296821402610
6	0.02031801052584167322 0.03277458965113681094 0.03847648256515960596 0.00281520332010714832 0.01795378217799274700 0.01169144805469170788 0.87597048370507035742
1	0.00562366069611001072 0.98024904191328521286 0.00036114064640366044 0.00459013857700477871 0.00882207419733650570 0.00029466311637580328 0.00005928085348444772
2	0.01201858974790890634 0.00199090303668971206 0.97678534145136020062 0.00001807587173931614 0.00156994165252850740 0.00674793782117637589 0.00086921041859779849
1	0.11161836619876064347 0.83119900186079143101 0.01032719243303033621 0.03184784633304454243 0.01000742892377215129 0.00279938048375614644 0.00220078376684390044
3	0.00110434407971545640 0.01494577449025928650 0.00196896522510044136 0.97980249010453956959 0.00017595353332346573 0.00040615801108688645 0.00159631455597415727
1	0.03983220586725635254 0.92993581635768673976 0.00657833348039964586 0.01701267573853358639 0.00324688662239837247 0.00251367526734633554 0.00088040666637893687
4	0.00005781027693679505 0.00013335608529976890 0.00004654771707138006 0.00002100287450040223 0.96937801466616224655 0.00005454887663093562 0.03030871950339924029
1	0.00040184388865821530 0.99646074257478789438 0.00008997911496438037 0.00290657609292506881 0.00006268086086046870 0.00005545120586897793 0.00002272626193444439
3	0.00161566265791394372 0.00562346691086194721 0.00107388670428868317 0.98854230386951402743 0.00202746946587291669 0.00035852355690721150 0.00075868683464143133
5	0.00478819187336198323 0.00051635958488214335 0.00439096580407005721 0.00204413239838152454 0.00262977708789309973 0.98523024605540499010 0.00040032719600584948
0	0.85260343530392612710 0.13092957427485102384 0.00002265025235818031 0.01631346585444476416 0.00008133154169325859 0.00000085036485355704 0.00004869240787309877
1	0.00859119907440893983 0.95360417267806896202 0.00613856201818077391 0.01466215480115068762 0.01451608736522693073 0.00104432478674118599 0.00144349927622249474
6	0.04730320498312517996 0.00416836542318202875 0.00187459424842220039 0.00056111379039650055 0.02658679326723468322 0.00547872068962727051 0.91402720759801192596
3	0.00173010394381301839 0.11113812785876636680 0.00277419108764979114 0.87855265319853148576 0.00378156140918847793 0.00060622194407890294 0.00141714055797191162
2	0.00293092042569868512 0.03170590268841178699 0.93562504579000316252 0.00017749823368829555 0.00616275910739588848 0.02321673979732066795 0.00018113395748200909
2	0.00025446051271781311 0.00487626758899206616 0.99425142107505071198 0.00008439171254282989 0.00003839444028515009 0.00048231466481821612 0.00001275000559222311
4	0.00069134623662288374 0.00878376203058567166 0.00091876443471646527 0.00400280190308590234 0.97928521773177246157 0.00095979647999599798 0.00535831118322015101
5	0.01742704237013395496 0.14789715845823744877 0.00052817755266404865 0.00008085863392227873 0.00453259839591152285 0.82946755214645351284 0.00006661244267731588
0	0.68608711430448332536 0.02867737901422979727 0.00033741330307183505 0.00025894053664578541 0.27999005373466562263 0.00023910987916868145 0.00440998922773488435
1	0.07613427038936301794 0.64316320911493973789 0.00411323913090076796 0.14200693346251044846 0.06609974549999826643 0.03288756399218444731 0.03559503841010298181
4	0.00018942224162484195 0.03718902982729506423 0.00631118329869137171 0.00561271765199164094 0.94617600616299157856 0.00183175217940719512 0.00268988863799831442
1	0.01544574769334424759 0.87675437607723705202 0.04672439051685455674 0.00910931815024741687 0.04215076712123798364 0.00626987896252501498 0.00354552147855395237
2	0.00004025418268931417 0.00000915738812684941 0.91958710278803224014 0.00000232211372757811 0.07788874152263090822 0.00033872220234394278 0.00213369980244957269
4	0.07572754603514342264 0.00427500544334611168 0.00013276937508383934 0.00370449373039657796 0.91577738131648089848 0.00004101841802345230 0.00034178568152577786
1	0.00688348433698616254 0.84455781370422156051 0.00696099615953547652 0.06864596478376515376 0.02909270720130205726 0.02151675398049893509 0.02234227983369005410
3	0.00081660625612738394 0.00069905793105047294 0.00018398515932692682 0.99823342898247902077 0.00001694236554396681 0.00000489711843223281 0.00004508218703986036
4	0.01773912950297310345 0.08365128006554387041 0.02156813598267847201 0.01549851236117597182 0.83218547665602804475 0.02451087384556236565 0.00484659158603792817
3	0.00335094632997370249 0.04590507192839050205 0.00107075647286712910 0.94809667040041312180 0.00017041430756160666 0.00074087066476579257 0.00066526989602710962
3	0.06286715120778513244 0.00135685179933050463 0.00277718409553537847 0.89952338004663157101 0.02696725569731341782 0.00339992351492329455 0.00310825363848075704
2	0.00007709941779118964 0.00006953133879104060 0.99962256543348282367 0.00003094647802712245 0.00007741878781711476 0.00010909045561807491 0.00001334808847198369
1	0.02720271173854437591 0.95627310937894483001 0.00196504711537576074 0.00769592539066686621 0.00591500403299978494 0.00066875354634606562 0.00027944879712265186
0	0.99790384465332981900 0.00034353981346517420 0.00003597815818465820 0.00018730208079677777 0.00087104412863847202 0.00007647318045888798 0.00058181798512624392
1	0.26802959989752944692 0.72902041285911467483 0.00003994084992992702 0.00019346649956946175 0.00153514234540506759 0.00048286985582407678 0.00069856769262712404
2	0.00006720702422974925 0.00003401415093523638 0.99944560293679263197 0.00002065362007831792 0.00007012736816683956 0.00034456737295646925 0.00001782752684083521
0	0.99609065912760563766 0.00048685412104022575 0.00006894022607603857 0.00211531715827835464 0.00011673136991060223 0.00022453122187421039 0.00089696677521489707
2	0.00001412520609155509 0.00003171419295275395 0.99607631924732409345 0.00000216442797473796 0.00070013367098493962 0.00305366727796968843 0.00012187597670444971
3	0.18160798886430784549 0.01357056675155820201 0.00090761095140322551 0.78776291461715575171 0.00677299669298421243 0.00019092984305755828 0.00918699227953331463
3	0.00546329638495494062 0.04378846021281454504 0.00302246791688202737 0.94049486425081918473 0.00304747713434042056 0.00318004973597059036 0.00100338436421825599
5	0.00004903852759533202 0.00044013707015710642 0.00139339105064398565 0.00003234896440589375 0.00001471811383361996 0.99805351492795313373 0.00001685134541157587
1	0.00293751983908275551 0.99077749392821912178 0.00109131248315736621 0.00372569856435863702 0.00032131816233490964 0.00095779864443672614 0.00018885837840883579
3	0.03645483717371163918 0.06614468440798905446 0.00345497275617271359 0.88774417421910933879 0.00168046910985269484 0.00265836716902930360 0.00186249516413503936
3	0.00103207504452227641 0.00767769981928672230 0.00001972221556604931 0.99122638621145053861 0.00001487022528046655 0.00002176104467697581 0.00000748543921621925
2	0.00000375362158218137 0.00001776032643279468 0.99995016438882111665 0.00000272253098296119 0.00001478150213167504 0.00000870489818166326 0.00000211273186712325
5	0.00226963261477575000 0.00016332479491670230 0.00014366272438033858 0.00014756507912994834 0.00018269567496798569 0.99702042701801396607 0.00007269209381552160
6	0.00256498249918753586 0.00638828507417683617 0.00053841469330741189 0.00058352970059972575 0.01565597754634289948 0.00069409532670083667 0.97357471515968485587
1	0.00344799408418859470 0.76295210641108390792 0.00170756418027113782 0.19604818247412461596 0.00854310004986204991 0.00083213386932653771 0.02646891893114307684
1	0.00281092460786515558 0.99174215806778909243 0.00171361241863052802 0.00140838221974665025 0.00013970396702534419 0.00201300553372412263 0.00017221318521922838
4	0.01038952721079188478 0.24992941664040257965 0.04331374101219796768 0.00008728687446249180 0.69007456645772413673 0.00420254845568583234 0.00200291334873501552
6	0.00060834766541887470 0.00740959824204012046 0.00099840134919217160 0.00050015573553143769 0.00216373929057424785 0.00006900789576478439 0.98825074982147809166
2	0.00061315838995395860 0.00471592124571028858 0.99301804688713035674 0.00031732930112277573 0.00050487654785769109 0.00074085011273313569 0.00008981751549152284
1	0.00284856400139786711 0.99671559800036435561 0.00019765539719590754 0.00009333669499044553 0.00002333630250061969 0.00010965581151237934 0.00001185379203864669
1	0.00218061668113053676 0.97789733474922480028 0.00158775073168840233 0.01346971750551903026 0.00307080075650993959 0.00141311757021539159 0.00038066200571076360
2	0.00007896868200787770 0.00008486877800811048 0.99892840511328562236 0.00007193276493226850 0.00016442726883444651 0.00055272543871762224 0.00011867195421332873
1	0.02949824203114462945 0.71812885028485617944 0.10246926743030575213 0.05967351502441478606 0.02439041670757501057 0.04789055874855072115 0.01794914977315299753
5	0.00000492115940126683 0.00000292359413578808 0.00253566768602553555 0.00000091092384230232 0.00022837892123041839 0.99719966376116842000 0.00002753395419664625
3	0.00588864788068661597 0.01736623049159251309 0.00164197938545302237 0.97319700526984243005 0.00038237967929034090 0.00070400656362968413 0.00081975072950550543
3	0.00071512059526911912 0.00363757433274335606 0.00011871376829983868 0.99530867778764209319 0.00002015741534179041 0.00015236974195118622 0.00004738635875316561
4	0.00059927679622500849 0.00064044166250242819 0.00055114687275967765 0.00081674555598810247 0.99543202537949726505 0.00159556020376043408 0.00036480352926754187
6	0.00060552259208596570 0.00001601981991334790 0.00002347989692883064 0.00000180625099586631 0.00066312117047660486 0.00000276096533277074 0.99868728930426664547
3	0.00708008511184709567 0.01775687092834480826 0.00217222239666391885 0.96993353821372574330 0.00099218315630070393 0.00088015841060538555 0.00118494178251309827
1	0.20632331775643886207 0.79219159893574242481 0.00021417698981335653 0.00020486475228566041 0.00004289309649289208 0.00076472523767236828 0.00025842323155450542
2	0.00014134847869617703 0.00015283521028305950 0.99887332077098056615 0.00025433682730291310 0.00021450805634271592 0.00008828726431070991 0.00027536339208547703
2	0.00011398665102093974 0.00003298492311594142 0.99962443717172067004 0.00002126808582037527 0.00002790947830074128 0.00014614229704153209 0.00003327139298033089
2	0.01332636430389027432 0.00840240337061807369 0.93893012576391043922 0.00355831736711310605 0.00265959882666281459 0.03146808749007015682 0.00165510287773476734
4	0.00880544218705287332 0.00326011118497376027 0.00997980508639471041 0.00212074275236088334 0.95902295958098759954 0.00017252727763746834 0.01663841193059279605
0	0.96168990930869524547 0.00499000342658337172 0.00056836632540923813 0.00423998769529113865 0.00348409247297801769 0.00436096398505103101 0.02066667678599184987
5	0.00006954239698321149 0.00041108324670993625 0.00019155599534387635 0.00008604934884022891 0.00059215500791031099 0.99863312059400022314 0.00001649341021267776
5	0.04623739651833110031 0.02931583441094627249 0.00576325789002724975 0.04511963984389852356 0.00543880653172062155 0.86711491877404134332 0.00101014603103499398
2	0.00376038063983782922 0.00099283550553711940 0.99086229518325630305 0.00205223900053711763 0.00052754220296920859 0.00175676471695196011 0.00004794275090960945
2	0.00065770733783032350 0.00024292766482057789 0.99796582913402154258 0.00022326329432259250 0.00026177563624349686 0.00057396181091112092 0.00007453512184998856
1	0.00077312722368285086 0.97931477483150553009 0.00445050757933147280 0.00614692939608193784 0.00083753314469137011 0.00748803897347006305 0.00098908885123616700
3	0.01348894238133614698 0.08103634448543911573 0.03438248312308084254 0.81597118400950574557 0.02841577668555344757 0.01009041330139907010 0.01661485601368481099
0	0.99223014379130902718 0.00346138244310416994 0.00027823159389646579 0.00129796047330647509 0.00182068551932175514 0.00028344891550772074 0.00062814726355447654
0	0.99669130781280634857 0.00226923824325465625 0.00005848374065916926 0.00012284534762808041 0.00026453947177001991 0.00015849060842522471 0.00043509477545643259
0	0.82411998813337006276 0.07624737963842981303 0.00524404774450266432 0.01819689125185935258 0.02161070600297591154 0.02946007049438667882 0.02512091673447546664
1	0.00818959304983572084 0.98458028710663381133 0.00127354432859058870 0.00346919187844210155 0.00188882244264311884 0.00040382816119018572 0.00019473303266407391
1	0.00601556133117331880 0.97040567504986030567 0.00383328602628633074 0.00603601635615441581 0.00636204956264955004 0.00441581655103103019 0.00293159512284597986
0	0.98276000338633251463 0.00550912093125954534 0.00414113001875027718 0.00131499536802721006 0.00055614906940718728 0.00073954917447138346 0.00497905205175185831
3	0.00041582675524261118 0.00051344865375865291 0.00008354071090909453 0.99887901814189239413 0.00000584204198867830 0.00005661459477312283 0.00004570910143570896
6	0.04385444207216619011 0.01446009247683877237 0.00482001013275477029 0.01732348830288899313 0.25905808935498447765 0.00807966546893775645 0.65240421219142907816
2	0.00012515135097297965 0.00001110039346707928 0.99954195303809800777 0.00000088110020188220 0.00002180056008669004 0.00027982425094389660 0.00001928930622875472
4	0.00141162551585566820 0.00065296079471365476 0.01292869018617861555 0.00019826624858821940 0.96821110437873092458 0.00257661255372668499 0.01402074032220645104
3	0.00662305301061109127 0.00116405309851186052 0.00006675336252640212 0.99141070476416037760 0.00061890019171437249 0.00006469163673913715 0.00005184393573684388
1	0.00809073237358665792 0.95546092329727849712 0.00144376361626190287 0.00102711937135871716 0.02494753055082379531 0.00118766560063066919 0.00784226519005949002
3	0.00605203473786267588 0.00060827118147313835 0.00506470221631092309 0.98727507195775976445 0.00012741169317366321 0.00012090932592210697 0.00075159888749792728
0	0.87479636335190502638 0.12406347620458144099 0.00005277036213855046 0.00024622193402825873 0.00023812288074671773 0.00033380832000019258 0.00026923694659963484
0	0.97875136717479827020 0.00653009563505166195 0.00258483062084675702 0.00485326909115877184 0.00039135540582455693 0.00536813229963531945 0.00152094977268454803
5	0.00422182233986967241 0.00624534119459995395 0.00013740294187794915 0.00003476389972494684 0.00007796787884713082 0.98924445132178451257 0.00003825042329594216
1	0.00370339450182239835 0.86057211511274855908 0.05590381755742381692 0.00006679027238091364 0.06417650086761998718 0.01460327265402398648 0.00097410903398087673
5	0.02403849153792743040 0.30388776661374111709 0.16819693350689571276 0.10161102137341564144 0.00830283213484392206 0.38942240951490830758 0.00454054531826805427
5	0.00091681682429797383 0.00004129662242588867 0.00006574242460698105 0.00034418657650057445 0.00008560536346478093 0.99842926279892574293 0.00011708938977846661
1	0.01336977713400833330 0.90459230008875235463 0.00314191428789017480 0.00995720547008148091 0.06465351596434699977 0.00374925962059726413 0.00053602743432344788
1	0.00494260888674930184 0.99228569421516688021 0.00022452653108647979 0.00013283551974164500 0.00009909992624073629 0.00225512368146475262 0.00006011123954955574
3	0.00641383639382530658 0.10473031565650858798 0.00077710562056795059 0.88646513450802333356 0.00017078049021375301 0.00089800728309271749 0.00054482004776779862
3	0.01049844396991465693 0.22275102906354302124 0.00594022389011326576 0.75503654642751460990 0.00029318519744262091 0.00448616338947974147 0.00099440806199162040
1	0.01549419231210992336 0.89067274763541415261 0.00346495559140303899 0.00245456008761892573 0.00190554260043248225 0.08584331557609331531 0.00016468619692821241
2	0.02052811992370758010 0.15800717144568007799 0.74362018858504852492 0.02291224729591599674 0.02309833901965407596 0.02453565614396790301 0.00729827758602576669
1	0.00013647105668203319 0.99584914839624361083 0.00023598619531202275 0.00350012342562076731 0.00006814079095617071 0.00019318771433917507 0.00001694242084614187
1	0.00044131443302714029 0.99883579964558155684 0.00006633586246197907 0.00022049612724264628 0.00004137052259860255 0.00038763638914086115 0.00000704701994648087
1	0.00419308516100219512 0.98486243138236817529 0.00082407059739516349 0.00771122755054315639 0.00154857330359323901 0.00070157762304605810 0.00015903438205256665
3	0.00127368389840239529 0.16818331068727521149 0.00018351759323297290 0.83019586681300916453 0.00007145510020165822 0.00005381268908280361 0.00003835321879484284
5	0.00428802297146134350 0.05881673160136562800 0.00381185711741954250 0.00152838835181835450 0.02292050440977638770 0.90441842284847151490 0.00421607269968718012
3	0.01086674386631971724 0.00845738046656122414 0.00025498856668720318 0.97886880987682634014 0.00022891299887768272 0.00119618810058004488 0.00012697612414727224
1	0.00892752700436816662 0.98336425598554100258 0.00050036097163664618 0.00136823092802831696 0.00252973067208619529 0.00236801111892046435 0.00094188331941727650
3	0.00278831279701930237 0.00245764373383868407 0.00107395043350096749 0.98904725207828680933 0.00132744660305372038 0.00118710091977487602 0.00211829343452531790
1	0.00076719903100990535 0.99909406067735506696 0.00001921530367082751 0.00010218154708070824 0.00000534871231279340 0.00000426586749779010 0.00000772886107288023
3	0.04256081815485582287 0.03867120765626115564 0.00123962021681295808 0.91353410934424039702 0.00009693287734489788 0.00386527181154479316 0.00003203993894031800
2	0.00038966001739174940 0.00008506986787598772 0.99945476801299426572 0.00002322767508665768 0.00003005518060305629 0.00001250726110968117 0.00000471198493864811
1	0.00318271719422488645 0.71610050459548013624 0.00033670568830205128 0.28017449896036233925 0.00002371559765123255 0.00012998037254013654 0.00005187759143880507
0	0.93465859130846273839 0.00525250037721361474 0.00070091305671999855 0.05047695950861223746 0.00474986759089780601 0.00107233236984963275 0.00308883578824398815
4	0.00168313670098916668 0.00711838489552215053 0.00534687193983115951 0.00172408950289174674 0.95295198435358918765 0.00063672495252459444 0.03053880765465147654
1	0.00119858353534314961 0.99077436841286836700 0.00324774665990908021 0.00186185516482977780 0.00091395541856542585 0.00191669635763653742 0.00008679445084769933
2	0.00056812227052825898 0.00009781878717417437 0.99878287157928780093 0.00016249292037068665 0.00008255526683305802 0.00027835094256883252 0.00002778823323703637
3	0.01920832044370278380 0.04121268073268308935 0.00203229196899367684 0.93599271254465521430 0.00000622137192954422 0.00134802577584311857 0.00019974716219268922
1	0.14146651592751591231 0.75354211975671536727 0.01962092882424428322 0.04546056736237683721 0.00676317323691690443 0.01168888468277367795 0.02145781020945686235
1	0.08730816115754914952 0.84239849175374337253 0.01049313355663911498 0.01797490319703877459 0.01005862965459373461 0.02641068149306727980 0.00535599918736840049
3	0.01793971278205406042 0.01141414750809462315 0.01092952242601690112 0.93020018753006816770 0.01827842692243485459 0.00202061704485730163 0.00921738578647325613
1	0.02960334482514272864 0.91346449042714494837 0.00032576884030365716 0.05538615417014834674 0.00018370488378378403 0.00042980926086565001 0.00060672759261104243
1	0.02995298362928092498 0.91564866518008913854 0.00704504774236898272 0.02501720689902858785 0.00966628511063781157 0.01137240465154906559 0.00129740678704528818
0	0.72134086585982537532 0.25632539013976146647 0.00394858172142755013 0.00282442381761772478 0.00428296414242444919 0.01035742113637206155 0.00092035318257162877
2	0.00093809440366383900 0.00032694267375410610 0.99653072998539704574 0.00021318580928835729 0.00046614719800607999 0.00143634546053070700 0.00008855446936070313
1	0.00069967005729207430 0.99539833471754668448 0.00056994234400965012 0.00015944598442057108 0.00013468621828223364 0.00292832311964089185 0.00010959755880676047
