0	0.96866985334128419272 0.01071149499285818651 0.00071508899558551681 0.01695658037293889392 0.00093852469819632502 0.00058306297613121814 0.00142539462300551108
2	0.00056815179818834910 0.00022815628275375103 0.98957880017150534613 0.00029854699704810473 0.00609794747568846718 0.00294071717031975204 0.00028768010449601455
0	0.89447965570735898932 0.03026933642605558403 0.02061861934245655045 0.03232010789756299685 0.00859581358090069809 0.00760521548881631145 0.00611125155684871715
3	0.00001050962035050556 0.00005848291965570540 0.00000102386981976506 0.99992883645054586594 0.00000035049761669028 0.00000063388777535917 0.00000016275423566230
1	0.05331745001536042361 0.77303163502880012370 0.02177990993324745855 0.12600100291662030827 0.00944393659244839243 0.00322530451661059763 0.01320076099691224261
1	0.20026426262404975476 0.75633263060735667072 0.00123854307373127298 0.01867198713962936463 0.00164690528236974385 0.00282230260263917083 0.01902336867022427422
4	0.00450006630701335099 0.02175029195702085638 0.01386322026229881710 0.00208814544686292776 0.81852988509907897985 0.13506957088770546460 0.00419882004001925074
4	0.00308519971014091293 0.05303137043659804373 0.00711618661417382382 0.02680656134348317898 0.83136550005582388057 0.00410276356717982106 0.07449241827259971138
1	0.08419758648319966565 0.87682214537719282976 0.01706741548250978457 0.01368325092460424136 0.00129823772437544878 0.00400945749217899300 0.00292190651593922206
1	0.00050249389722760104 0.99783069323710371634 0.00010383279687331277 0.00024611772464693205 0.00014228631269172441 0.00115477198887360927 0.00001980404258345325
5	0.00243107750770381976 0.00655311275836555421 0.27845867629555093314 0.01100449324407392487 0.00004957793306713058 0.70043833162263713366 0.00106473063860135935
1	0.03599138112112481441 0.96126586930824164945 0.00058740183673226180 0.00018883904242074611 0.00030909707912819514 0.00091472017075908151 0.00074269144159311306
2	0.00002923987830839514 0.00000951507839709476 0.99947091347555649943 0.00012839022006587363 0.00014942931585960084 0.00009183528681287612 0.00012067674499902941
3	0.07390739450209805883 0.15924401939241750181 0.03738497265658943108 0.68424433544107843286 0.02455765108252169412 0.00859273435013336619 0.01206889257516169031
3	0.00099999709928948991 0.00057744057841080160 0.00060904581330863442 0.99772629242575261443 0.00002323173065970923 0.00004004706438525988 0.00002394528819366619
3	0.00037379070086640949 0.33274014433175669314 0.00021381887349823967 0.66427828137256728080 0.00176523420594064287 0.00047955304480605478 0.00014917747056494461
1	0.08351450756020507848 0.63897286146731446799 0.03275568228586994701 0.11158969808254244616 0.05220663488930973178 0.06527634668658109651 0.01568426902817741594
3	0.00036041583917543059 0.00210596068119081603 0.00036778022000330237 0.99695276301345481240 0.00003817173468836337 0.00013162266272971640 0.00004328584875797437
2	0.00052426479879569461 0.00011165312818581049 0.99561760672715526876 0.00071350603629634357 0.00274896057161740006 0.00026187810389657873 0.00002213063405276151
3	0.01829004374436893343 0.03745433306488626934 0.04005112254446484971 0.73579810967191883186 0.09258903042381055881 0.00677000017812103092 0.06904736037242918678
0	0.47730568227234226875 0.40036699932204639074 0.03823147357328973706 0.05722535667140667831 0.00545746324382607052 0.01154932429567201262 0.00986370062141706319
5	0.00216226040345237009 0.33762280362823243740 0.00428951591731990215 0.00065277778963411287 0.00281455528282441216 0.65212734952780004871 0.00033073745073640708
1	0.07605867477787457698 0.89930840867649741721 0.00470615487630586353 0.01180175200227735061 0.00132930543971127805 0.00473087941107630441 0.00206482481625751583
1	0.00586421371929007288 0.97944417941675521178 0.00254752448332196384 0.00844801050790986406 0.00065533549956761693 0.00286890792885981499 0.00017182844429447356
1	0.03408843726737825069 0.91467612217053095858 0.02022050650615836095 0.01694090519222231361 0.00549085187780623193 0.00553542892323852578 0.00304774806266529339
1	0.01006056019862493732 0.94013042252963940903 0.00546169140785433653 0.02879879040032510412 0.00248725427212024989 0.01172739470111423821 0.00133388649032083564
4	0.00171564757395683458 0.00414765543614508455 0.00752042456100982491 0.00147195815213934061 0.98093488855476806965 0.00133952634603366110 0.00286989937594737477
4	0.14600030568199665049 0.24529430502324867103 0.04302659960794055771 0.15040775474407952483 0.36444415818589537270 0.02259872256993513545 0.02822815418690416411
2	0.00029938677102684427 0.00029618095837828981 0.99894807371732519119 0.00010405807647647409 0.00006437802706661330 0.00028620095031152843 0.00000172149941437714
0	0.90440000005436249619 0.02062900326407296481 0.00695723477120197692 0.02150533230868498583 0.01172253457102284332 0.02312999868781878340 0.01165589634283584891
2	0.00078110189173660857 0.01420667442622165939 0.94833165199574320781 0.00576375998910860343 0.00493199915595591426 0.02088755333345820517 0.00509725920777574521
3	0.19140835865882679934 0.05538335837312399756 0.02099657679697750079 0.69324851558467548429 0.00396944017937152661 0.00398898957773549927 0.03100476082928898744
2	0.00228250425235138185 0.00018056207445787918 0.98205330103583698964 0.00004935496034758004 0.00014859936255642460 0.01509469314895402377 0.00019098516549583813
4	0.00013609075477577579 0.00008974459318536227 0.00141051706459312839 0.00001191049507240199 0.99702641164023553255 0.00043756309315150254 0.00088776235898684183
3	0.00145697571750770180 0.02792787521915595511 0.02018012951378191089 0.70396910714237448392 0.23084320016898329797 0.01103833364214239568 0.00458437859605520786
1	0.00419130596797323042 0.96505044285846663943 0.00544999466248191188 0.00487347858056824419 0.00782871819913472447 0.01159062936201221174 0.00101543036936255996
5	0.05169370098240187034 0.11239934210541378812 0.01399074973612436656 0.00074184027997551230 0.04706070640383669401 0.77046736127674164685 0.00364629921550598153
1	0.00579683731760421289 0.92501267496257821854 0.00955870408817388779 0.05202706045697696319 0.00173446099624134176 0.00496341112971748245 0.00090685104870752247
3	0.00038765678655826270 0.00087945130911039142 0.00041080165107905685 0.99800796510794975713 0.00003494896039086965 0.00015595722807445778 0.00012321895683737290
3	0.00327404761443326033 0.04037810652141416573 0.00808843875901643639 0.94547582282289699407 0.00047683277118311715 0.00029297145570642637 0.00201378005534969418
4	0.04193393562080226233 0.06242446059907470063 0.03273532215027116082 0.02177099716046303896 0.73414525772406336035 0.05585015477371871317 0.05113987197160695108
4	0.02761385807322900426 0.02647559986530469145 0.22320772321983822772 0.03034732177134656650 0.55808102548617544159 0.06423329036635620770 0.07004118121774974282
5	0.02577852843375748326 0.02399760335423267721 0.00369745955338435239 0.00300881321831678560 0.12417438872143930773 0.74876139370973660014 0.07058181300913259071
6	0.00014338770450465782 0.00046668217375261392 0.00030920731394042930 0.00024073286131019709 0.00090688223470106286 0.00010898980805555833 0.99782411790373626292
1	0.00020831786458203757 0.99934303729031792596 0.00005357465858503592 0.00006985042079461961 0.00008848874507540756 0.00002488338005205277 0.00021184764059333370
2	0.00039948031621574713 0.00191749145930599700 0.99182674839085227525 0.00077633445997069982 0.00133898006289072868 0.00306074312188922820 0.00068022218887492326
1	0.01158481071803042599 0.93460186398123912266 0.00366432786207188371 0.01726050138540533366 0.00090199877591582464 0.03021901504596822066 0.00176748223136939621
2	0.00059026997765350203 0.00138779539609172630 0.98813408289198167989 0.00149289983852193137 0.00424071122275301339 0.00273454336444764511 0.00141969730855050170
6	0.00348666221422326951 0.04730226848924617283 0.00635970331242491447 0.00468116621589290214 0.06352553626947943233 0.00264375128220779290 0.87200091221652520357
3	0.01589576071113829939 0.03101774255938845662 0.00046393931103187567 0.95025676737393627302 0.00061090609586031137 0.00104626408339190328 0.00070861986525208749
3	0.00136199994840277235 0.00174456078201671097 0.00031061369783163373 0.99652745925446906128 0.00000749729178207826 0.00000810289343031639 0.00003976613206656735
0	0.87777051076797507623 0.02911474114518192158 0.00325084119212636340 0.01670918898598907146 0.01533323666606843313 0.01567727627653840716 0.04214420496612097250
2	0.00022063564069232407 0.00068454879593960979 0.98821739679554521096 0.00019566964638896889 0.00111839577023484867 0.00921891360424267545 0.00034443974695381617
4	0.00051323558608772557 0.06072815341093200370 0.00160953908827817633 0.02548348379595615290 0.90670257135592735587 0.00270494850356599141 0.00225806825925286333
3	0.00159213975005642952 0.01531611382890192032 0.00015341700434737086 0.98239938498186962779 0.00046312377114212890 0.00004802948085597466 0.00002779118282684798
1	0.00090732411592501963 0.99611245226051026158 0.00045241604270327649 0.00185996834443594486 0.00007066307028945307 0.00057720501396330318 0.00001997115217101476
5	0.00125112461142576673 0.00015077062365589976 0.00028089353072700265 0.00021217825406120593 0.00016366346097405559 0.99753837559849090066 0.00040299392066573038
1	0.08433229960600034658 0.75791985953065577064 0.00379304258556010078 0.01808601144313010112 0.07229025057282727207 0.01600482490956352255 0.04757371135226313302
0	0.56821582571714412957 0.40525740046280700479 0.00126610657553198635 0.01649888382391512601 0.00156247850591312732 0.00619116862137997735 0.00100813629330877741
1	0.00301054613535906880 0.98150528383842461366 0.00036995071287412775 0.00812331119252517053 0.00548768267450628483 0.00093246505864281711 0.00057076038766880463
3	0.00003625106048674100 0.00061815603043541224 0.00058056952417233593 0.99830328784985000734 0.00000751376713592292 0.00041106545168125480 0.00004315631623810570
1	0.00031683049945534100 0.99828640344712560317 0.00058666112298532899 0.00040873369391970554 0.00015232792874865248 0.00019401989426074434 0.00005502341350595146
0	0.99636374552838014029 0.00082546257221082506 0.00004848852485665248 0.00053469714215830563 0.00043742651430159608 0.00020143587227513938 0.00158874384581727873
0	0.98639924281065072265 0.00443312544848569259 0.00123000295361166273 0.00542499890850396856 0.00097166486237149107 0.00058967001106021279 0.00095129500531638514
3	0.00024612881763573302 0.00715191860152129214 0.00007139957689110596 0.99209133393563853076 0.00006525239292299619 0.00003705814650324796 0.00033690852888778174
2	0.00067092971262192058 0.00037713211954014104 0.99745289848374252273 0.00082966395064211496 0.00028913824808427766 0.00032165103100215186 0.00005858645436761643
1	0.00760997819847427422 0.98383807319856775297 0.00134855823940659603 0.00502524367948428523 0.00139119604442027511 0.00024995199765491809 0.00053699864199212560
0	0.80900222989887071723 0.01803856102900780814 0.01135049702259480729 0.00838971597157553949 0.03360878904601126427 0.03480474004840720254 0.08480546698353258472
3	0.00148616782385305787 0.03298803811194703922 0.00008192213452567699 0.95678909349407881280 0.00782445348604036105 0.00054977405425699760 0.00028055089529805625
1	0.00017777266364570721 0.99779705352295422482 0.00008309547160444482 0.00080955120764116787 0.00022463855858135797 0.00010662220811174214 0.00080126636745955413
5	0.00004469580723123196 0.00043057432191396616 0.00011455964497270435 0.00010291856390889738 0.00008700962721160568 0.99915444927390828500 0.00006579276085160628
1	0.00250835862230409674 0.99350725642774762036 0.00032180118107282853 0.00292429438430209972 0.00013044643867775224 0.00038998250560676976 0.00021786044028812549
1	0.19933297139214220528 0.65953585559746930045 0.04439260201748146395 0.06955513762188152149 0.00448141456853730098 0.01842929049060293770 0.00427272831188525021
1	0.01666305218532863897 0.97062791806650394744 0.00017673910819324104 0.00221477607535839867 0.00250820928438188475 0.00515586006538397423 0.00265344521484940339
2	0.00231398646177030437 0.13651733788396833158 0.84410104192908785858 0.00052895644032841644 0.00061425626291361263 0.00738077052771400881 0.00854365049421758165
4	0.00012099441765449061 0.00012997921275387367 0.00073222221262193366 0.00716930578165059663 0.98660978576674074336 0.00039457944033419802 0.00484313316824425393
2	0.07968185907554801994 0.01200304504799788209 0.85509312299714723693 0.00418716991127504948 0.00406847294786751284 0.01690882616061935989 0.02805750385954506460
0	0.99589973543479837215 0.00021284264905339684 0.00000801981165995496 0.00340681593666497225 0.00006462134475873155 0.00010657106553640019 0.00030139375752854456
1	0.00134743443334451457 0.99725937104122597265 0.00011796960048724955 0.00002083723515668768 0.00014847296693870740 0.00071431503182756834 0.00039159969101861512
5	0.01001671375482732218 0.07376805587336530967 0.00761714238179548447 0.00662218369608188681 0.02333818783000485980 0.86661894563320918117 0.01201877083071571130
3	0.00046203743490268629 0.00975151553246470827 0.00087390907492196303 0.98842718703659371293 0.00016689276971556329 0.00020365139000772409 0.00011480676139404510
2	0.00003014028679823860 0.00008034681576782557 0.99914666012580999332 0.00007667317283128774 0.00034875805672622442 0.00021980406064569369 0.00009761748142141028
3	0.01730376465979658468 0.05318809278546223623 0.00282909661088128752 0.92010297409832830784 0.00170537825130529105 0.00043984457464152506 0.00443084901958431480
2	0.00267874343015328661 0.00007300281075435481 0.99465145599160242895 0.00090284348557452738 0.00091499933921466254 0.00073527620137736139 0.00004367874132251904
1	0.00019256833830050705 0.97924103445335131113 0.00031383867468997857 0.01754696819785275808 0.00018575598703444692 0.00199132482165728262 0.00052850952711479163
1	0.00034023561177779106 0.99756742076637261452 0.00036454370072544967 0.00069395433096477045 0.00011770061379151077 0.00075196773082136141 0.00016417724554626011
1	0.02094383716521117447 0.94241349045904043713 0.01145849831924230719 0.00883879253404046272 0.01102068564323370643 0.00125474104333410169 0.00406995483589809182
2	0.00018721211021701349 0.00007244079422148745 0.99831967075075866980 0.00015948857279764203 0.00022781392991113041 0.00049250938122856133 0.00054086446086443554
2	0.00184178841812445283 0.00063573721740666270 0.96049954385280467140 0.00055040309585334727 0.00345800588301099689 0.03272573421660592008 0.00028878731619336011
4	0.00154435916610710672 0.00060859282812979383 0.00125160420252500623 0.00020745747940569584 0.99438959468915344431 0.00004854001691321922 0.00194985161776572470
4	0.00061108894568152384 0.00100003967562878652 0.00119379150879040004 0.00004508071818790436 0.99491428740328935465 0.00060930790525769965 0.00162640384316512366
4	0.04996842095863687772 0.00182998737292613023 0.00286206584591441274 0.00029322680789751039 0.77012763466918743305 0.00346217599682427683 0.17145648834861285104
0	0.99142755239961821712 0.00491724631902345707 0.00005613409576168760 0.00045127989172057316 0.00057328685311476362 0.00202378130918977371 0.00055071913157120919
0	0.98964533109005092815 0.00169631062388101036 0.00019632951686094120 0.00035049268314630357 0.00290723270430991252 0.00017175645646560095 0.00503254692528536975
3	0.00002017004005230284 0.00005220520042850733 0.00000777461388748420 0.99991807330789483910 0.00000030247115454372 0.00000099760447239624 0.00000047676211055812
0	0.98578310914810096666 0.00144302768348668451 0.00013107086329180938 0.00903285937002224620 0.00100604548074896376 0.00030866346867360961 0.00229522398567573145
1	0.00668571750570506450 0.98876618121612258605 0.00087542712264498273 0.00087466844085270449 0.00009316597000770733 0.00252443471152438790 0.00018040503314206807
5	0.12569427947862346628 0.00460050211113818223 0.00204669842668799527 0.01339098239897447418 0.00023678738346431937 0.85359043711277859945 0.00044031308833288513
1	0.01181523720715252010 0.96427040662291929607 0.00225792993347515188 0.01042779604840136758 0.00892992040588982787 0.00215944857148052741 0.00013926121068008656
1	0.04919670988925588240 0.85294402339778752076 0.01766059377298564992 0.06581105493500058468 0.00350406156991704860 0.00557046496070676394 0.00531309147434644215
1	0.00082705649047441342 0.99807234327629057447 0.00003052267095773686 0.00016857338058268674 0.00002770069924150435 0.00086218877553491109 0.00001161470691783668
0	0.99421903338872763545 0.00199497227077380509 0.00014426513112288420 0.00092460531892351325 0.00158334092771086942 0.00007238310277424384 0.00106139985996727315
3	0.07779492360240365667 0.10665519044145711780 0.01196628391298108079 0.73960689050914185660 0.00934291469085398070 0.04975359265052494567 0.00488020419263682746
6	0.04759179321234352500 0.01391608930934635190 0.00694446158333476317 0.00031019401564934214 0.03846388288750402645 0.00249749259656617323 0.89027608639525590561
1	0.00024901783551493906 0.99599271426636559745 0.00016944581393166941 0.00003319444866847003 0.00000930432153810965 0.00333109210308887285 0.00021523121089293284
3	0.00012303469113748982 0.00056339594615381476 0.00001535094737396333 0.99858601174184757898 0.00042065098058547269 0.00002775408652756536 0.00026380160637553066
1	0.04528521193118174165 0.85810068502455383310 0.00193056010015938253 0.07567873061608389185 0.00877640543102610124 0.00910503868539203065 0.00112336821160319462
3	0.00347100983104773470 0.05792052359267846340 0.00873906025862216870 0.91765519911572546174 0.00540867115240911255 0.00552182980357720978 0.00128370624593914201
3	0.00282073147852304707 0.00147412654760926054 0.00410732251938933542 0.95650209898889793081 0.02762843123543863230 0.00376957210726145331 0.00369771712288019831
5	0.00070434871770247583 0.01321379105275673899 0.00126916216247057183 0.00103321670646783280 0.01090001735236261274 0.96887400527779221626 0.00400545873044740736
1	0.00734494942387880958 0.95870062903972963486 0.00647635541774050933 0.01501675513232489899 0.00400554448124387265 0.00317501502269657227 0.00528075148238551714
0	0.98142521401002069670 0.00166302352370931703 0.00027832054307718606 0.01526835990222537992 0.00028795850174218035 0.00009564524197717141 0.00098147827724814028
1	0.00001284147033078474 0.99844825297981620871 0.00006353332467099386 0.00054802920154836752 0.00008768460537222369 0.00060918969091667901 0.00023046872734147663
1	0.03013855709275444633 0.94263597590661729608 0.01319460455781104949 0.00294595378226390758 0.00266438123108592422 0.00824443821889065016 0.00017608921057615161
3	0.01275038546975739914 0.00279896651535918410 0.00958573905310281492 0.74556829884006869946 0.00510201998262252692 0.22394633518735476696 0.00024825495173510029
0	0.92114673728261142749 0.02483936619409102264 0.01431732107398059513 0.01087983633456948360 0.01003435273255760471 0.01328436076162685907 0.00549802562056282782
6	0.06037758264073608827 0.04247630046210409266 0.02399014791570106692 0.07733496362410868796 0.11848812617588762308 0.13428198881611422277 0.54305089036534803792
0	0.92021401325771867707 0.01673938305441859120 0.00043216987407525395 0.03116475717997515063 0.00959880335723014601 0.00523186685393924739 0.01661900642264312750
5	0.00297409446314348021 0.00455906426255510942 0.00137654212485994456 0.00081814081534000457 0.01221023532615311824 0.97271885505953026296 0.00534306794841788064
5	0.00040706698136336013 0.00268774917004968583 0.00082927740163505248 0.00095169616632604054 0.00012666336839930166 0.99496355896217070214 0.00003398795005511216
1	0.00047236788592445675 0.99800725454907623924 0.00003282601691876991 0.00044970333256946787 0.00067665898823881122 0.00015594530956976319 0.00020524391770232025
5	0.01132022336469569804 0.00592490589727733431 0.00010088446009060745 0.00132606974802722505 0.00047425999027889734 0.98074173505561001996 0.00011192148402027861
2	0.04763669691999070782 0.19353760683659221309 0.60336197060769203304 0.06890467708274725100 0.03499842064510045453 0.03712563191144784003 0.01443499599642953171
6	0.03000107203581701965 0.02960310128209106897 0.03976098605737616448 0.00219575355760397639 0.01304924945544620740 0.01166806284437081273 0.87372177476729451229
1	0.00439993486023196670 0.98098118348241347686 0.00016183515484726669 0.00673901818528824682 0.00744522254025340238 0.00022604500923238783 0.00004676076773272180
2	0.01176502516918775595 0.00135727843874460462 0.97784357911954933318 0.00001548274370372805 0.00143357790838161332 0.00696578057574376470 0.00061927604468897007
1	0.11196513273985421455 0.85595421613512034931 0.00536107897451717531 0.01944419807264059080 0.00488933198722771127 0.00103140959863810594 0.00135463249200140569
3	0.00155873131850502644 0.01645991055430154684 0.00177903222355420363 0.97819031857403504482 0.00021478466130108934 0.00037229512259748281 0.00142492754570616633
1	0.02312308738728758098 0.94263095828776544138 0.00524400068917877521 0.02263143541674800599 0.00310919761797337707 0.00222622537328544734 0.00103509522776146722
4	0.00022339148844223124 0.00080417857614048548 0.00065135418716132435 0.00016427791932861348 0.98673857198340930719 0.00056006493848988247 0.01085816090702849783
1	0.00033798299667859113 0.99483507215739985785 0.00006205714028385936 0.00457522606811075049 0.00005750475915991601 0.00010275420222096334 0.00002940267614533745
3	0.00379308539585310623 0.00668646320682392357 0.00051057386515777816 0.98593526836953759851 0.00202947626132730539 0.00020944459750232622 0.00083568830379729560
5	0.00443196512971049533 0.00030840701707965482 0.00256128126069335438 0.00140800417865912246 0.00155643391232630464 0.98901181551817740623 0.00072209298335347365
0	0.69294257460454766751 0.27813067850712830387 0.00423539022267885833 0.01107896866952793116 0.00987970983182029187 0.00026066650433230248 0.00347201165996472274
1	0.00465022528977580840 0.95306392169006715065 0.00540176149837941558 0.01912628570096918529 0.01508569506343805655 0.00136003546289671564 0.00131207529447303320
6	0.04493091565622472222 0.00313629731455811883 0.00163930176929990364 0.00032997212324348653 0.03345599628726271535 0.00549316679924402584 0.91101435005016673241
3	0.00352837823176282202 0.11844469202698199028 0.00227937520702727959 0.86983642834392127519 0.00378188815516716835 0.00055130000339026941 0.00157793803174875150
2	0.04069173820875458814 0.24553602218256412315 0.39778064307156824064 0.02387121174921239680 0.06828608194088008065 0.20186399692473361300 0.02197030592228691945
2	0.00023634484200356313 0.00200375312115584321 0.99704340065987062669 0.00023297286519832373 0.00002467302612990987 0.00045035694046859754 0.00000849854517222740
4	0.00100510597176058916 0.00635466197341109321 0.00165300499464329656 0.00543185245373916260 0.97653386971756406254 0.00113225969604200402 0.00788924519283919212
5	0.04608852741216056675 0.10722303145364285581 0.01118148938613395399 0.00082423375275952491 0.03221886391409754802 0.80004401975621253218 0.00241983432499287814
0	0.80604985109467175430 0.06387237845821436277 0.01060638001919598887 0.00816257585426306657 0.07320862878780118321 0.00862291892953009030 0.02947726685632363897
1	0.04107201499850610810 0.60377067302781928237 0.00530342633173099768 0.17775386095441503276 0.07476773418262513959 0.05393312650581330581 0.04339916399909036354
4	0.00046623680185950065 0.03070941298727716817 0.00803344118137394071 0.00567738366144750900 0.94935081926031772426 0.00292160205421391431 0.00284110405351069946
1	0.02329733038823530306 0.85090785304923277632 0.05749321961475720166 0.00707692910475892639 0.05116335614621783656 0.00602223883841164140 0.00403907285838617149
2	0.00668382916126426634 0.00094967413831502107 0.88717360832492520029 0.00047113573871205943 0.03108610559139691684 0.00596262420685450458 0.06767302283853209033
4	0.05266206081200299621 0.04717176558191110008 0.00582579118019845976 0.00182040836503662607 0.88713311256114701919 0.00434701865453230099 0.00103984284517191837
1	0.00938544143474690992 0.86416228181582932510 0.00472875273215973748 0.05971407062908507674 0.02255404479675001891 0.02192467556108309429 0.01753073303034539260
3	0.00044073109558958950 0.00107677358063576934 0.00011646186591266497 0.99829272211344710630 0.00002220366324937751 0.00000617272385333390 0.00004493495731139387
4	0.02613954923568626715 0.07913745005738878624 0.02296886157932249983 0.01738049779884138016 0.81503410306194123969 0.03324685349918527627 0.00609268476763472934
3	0.00519493676769884269 0.04168248209686045008 0.00079214369298730766 0.95100070103287392964 0.00009928776885681209 0.00061028757911431894 0.00062016106160789071
3	0.06599665597296897057 0.00126586057413440251 0.00238953217629590082 0.89866348230686465826 0.02653506306409422755 0.00254982894363519827 0.00259957696200659909
2	0.00003371834525219877 0.00003420237542708235 0.99975211365153415777 0.00004396167255416975 0.00002945410853464539 0.00010062841808951877 0.00000592142860681527
1	0.01517013686856512160 0.96629143545947182581 0.00129077635813852707 0.00964884709830437365 0.00658144291534151944 0.00073106723046626929 0.00028629406971275367
0	0.99810237542869983951 0.00040120189465994829 0.00002340332795424006 0.00009495290614860026 0.00083761059656628706 0.00009511718569128103 0.00044533866027978114
1	0.03395666794962407670 0.93704920678571101966 0.00101865905423656152 0.00104157617515210181 0.01040382948484266587 0.00939918868336945580 0.00713087186706453952
2	0.00001851076024319005 0.00001632604161486239 0.99964352757029328878 0.00001349332154071548 0.00006043534085852154 0.00024130366229046686 0.00000640330316009607
0	0.99545155111392380487 0.00082406308544860694 0.00007287677248671188 0.00225909540044119889 0.00021369419494240424 0.00031557625235412493 0.00086314318040285989
2	0.00000408577826840134 0.00001473637501235530 0.99674938986839378696 0.00000146825900090230 0.00053215733417180601 0.00266691502628588510 0.00003124735886829978
3	0.19638578046584515002 0.01441515189121842823 0.00087693557000099456 0.77403166187348815264 0.00566783315641578196 0.00022383814681764977 0.00839879889621376885
3	0.00834100606085405941 0.04873801504467480117 0.00231473168760960944 0.93462097272996191855 0.00283497201685627837 0.00224689611088008849 0.00090340634916302568
5	0.00004546018760199977 0.00024727131975693461 0.00090765427322843828 0.00003180347503008822 0.00001020552717561100 0.99873461367267224453 0.00002299154453445542
1	0.00196920914058822767 0.98917798295982040102 0.00099509979389610678 0.00628776130431380181 0.00023521527399505393 0.00114877637937915570 0.00018595514800640896
3	0.01377196840655926270 0.07437374339552568769 0.00252886566103735499 0.90053758560806362876 0.00262273049277156420 0.00330246974165029211 0.00286263669439309164
3	0.00045920527631539734 0.00485340388796917481 0.00000882525004006501 0.99464816468747141442 0.00001180405170487933 0.00001270360248332104 0.00000589324401628898
2	0.00000513230386847814 0.00001434978047419534 0.99994489777654782525 0.00000576775743616480 0.00001910297508617035 0.00000947655307701770 0.00000127285350991108
5	0.00122826467338513906 0.00005898005913571279 0.00006057812554924565 0.00010721873546080176 0.00011778613383402237 0.99834832479637758418 0.00007884747625813140
6	0.00403424263690003310 0.00774985835094261187 0.00075257458929680395 0.00077874105812057942 0.02718348093018603528 0.00168690950300732904 0.95781419293154668182
1	0.00050554285439619300 0.63509556411153533784 0.00041393609019750474 0.36273764776594791259 0.00047673666298309779 0.00015546163450383797 0.00061511088043591892
1	0.00268382781419469621 0.98964687070187906670 0.00214299331799283751 0.00266815222656449072 0.00013915453344512640 0.00255500639474598185 0.00016399501117900285
1	0.16473462996194640495 0.69960132769713478940 0.00396179118970190272 0.00443760623448140670 0.06648244616822980568 0.02457720300065859009 0.03620499574784649677
6	0.00079959992716041443 0.00531110781688202711 0.00134936420247838587 0.00042011930492953593 0.00268065351545399618 0.00013547777771864665 0.98930367745537695079
2	0.00040568429175734307 0.00403265561600805750 0.99438173100724058795 0.00027122708151033632 0.00020610403588555245 0.00064230960675550324 0.00006028836084308916
1	0.00333360739179214792 0.99602745257299918347 0.00024285725942238477 0.00020518769348167604 0.00002691640407193238 0.00013392573070879698 0.00003005294752471549
1	0.00116628001091725300 0.98016110710066506329 0.00097549510054185462 0.01364407026013613432 0.00229241739201248469 0.00138079850624593225 0.00037983162948102722
2	0.00006112547949238289 0.00007385388772989702 0.99894573863140434522 0.00010516008796964532 0.00025968666668383370 0.00047445053736549917 0.00007998470935411413
1	0.04159511363408694568 0.73680311575645807132 0.09544444038702745714 0.05543076252682489075 0.01904582387949870642 0.03502752382166188921 0.01665321999444215398
5	0.00021921068487232097 0.00085282452937192701 0.00199643836685147163 0.00015240264820568354 0.00581513076503717245 0.98671641233096696322 0.00424758067469519808
3	0.00274473747180536227 0.01531449591320279378 0.00201826291562261445 0.97764377354829079536 0.00040754766280532795 0.00119378016211201649 0.00067740232616043657
3	0.00018009710813917279 0.00255229016827584077 0.00007056211857543985 0.99704807781761872754 0.00001802949416984819 0.00010516293067352355 0.00002578036254650837
4	0.00083604989322399223 0.00052620184776713060 0.00076779419518775141 0.00071799660807983425 0.99468909294121377052 0.00218420864716153225 0.00027865586736614071
6	0.00025598568838606546 0.00000566475164973867 0.00001699972033951043 0.00000098857830497972 0.00045969988496962839 0.00000172363012744618 0.99925893774622198684
3	0.00301911481869553697 0.01860533612378704668 0.00184196221739777290 0.97248705987741623780 0.00146956306666576548 0.00117520662160949699 0.00140175727442839906
1	0.02621564681301720087 0.95009553659574230711 0.00756580923015880147 0.00133036556261336260 0.00052278429655535697 0.01289239205832332785 0.00137746544358912943
2	0.00008599285028989185 0.00016446185924529546 0.99871162841145744160 0.00041147961786997282 0.00039260122320828992 0.00011520915610547367 0.00011862688182234972
2	0.00007206579592605882 0.00001458936570349329 0.99980125681985865249 0.00001400417293873440 0.00001454903120340345 0.00005922832304131757 0.00002430649132921050
2	0.00738910548907262439 0.00649384232307648537 0.94082204714657435840 0.00243665978987253054 0.00229343978930414936 0.03929384086402717968 0.00127106459807250160
4	0.00956491487363844012 0.00152746288864539039 0.01871174959618365774 0.00131869377737253777 0.94137355333288230685 0.00023507625684229255 0.02726854927443592147
0	0.95116477626342965657 0.00809247922205729060 0.00067746110997992759 0.00407435871460898151 0.00345521120354323969 0.00762693631113317387 0.02490877717524754564
5	0.00004829351952056955 0.00028567920099408168 0.00015037269994094027 0.00008916075333345578 0.00045346532689192749 0.99895093451259608930 0.00002209398672263821
5	0.06000090598416991938 0.03183537422524536364 0.00417200043121075236 0.06009578347699343764 0.00544991931693403469 0.83669123008621892890 0.00175478647922778434
2	0.00345583479977965013 0.00088356891350823644 0.99096839098490052677 0.00268571600573539425 0.00067868903249592458 0.00128591697254627031 0.00004188329103381919
2	0.00052381369532116602 0.00021844365403713556 0.99816848953192216509 0.00030723980281944049 0.00029926383353132856 0.00043080845244091256 0.00005194102992940586
1	0.00079637449602069097 0.97614546027015414165 0.00411324348147442276 0.00835021669221295941 0.00064246866335579086 0.00864988653139922570 0.00130234986538329493
3	0.01874659332822874516 0.08472392001271540629 0.03093814705467963846 0.80783163857504569627 0.02247131185429505906 0.01317292984000367415 0.02211545933503149611
0	0.99240232272039397010 0.00371370310074187887 0.00013343065504069695 0.00100288487980693336 0.00200906952954784833 0.00030318698536682020 0.00043540212910203819
0	0.99836138299597410040 0.00111937511106512491 0.00003289580621321574 0.00005531954437766553 0.00013903647514647600 0.00012376527715047181 0.00016822479007289038
0	0.85086757570389903726 0.05957452194186883820 0.00417620389849076169 0.01396858180903279116 0.01672757589899644126 0.03183771583446492331 0.02284782491324725134
1	0.00381601662514689235 0.98849712173865889042 0.00083832755627598625 0.00467434728246111323 0.00148831438926810789 0.00051216837585030424 0.00017370403233995447
1	0.00230442891702062379 0.97384723672423401108 0.00247444809247920113 0.00685472176736346729 0.00544189180051708136 0.00718892889278789290 0.00188834380559855792
0	0.98953354942235982605 0.00266765582551410424 0.00256919914441165005 0.00067065935097433769 0.00057579308336274781 0.00035390417069164804 0.00362923900268584702
3	0.00024086631149198922 0.00047762742069084007 0.00004382467198059390 0.99913912360649348443 0.00000529559878196493 0.00005527825380632991 0.00003798413675528430
6	0.08568305469879038128 0.00815676678502707218 0.00858734700458388053 0.01415118105528398278 0.25773571246800736079 0.00887606721237198075 0.61680987077593552037
2	0.00005765846979063700 0.00000455957086582850 0.99962960295985514581 0.00000051533262615997 0.00001485877078140484 0.00028421392306655951 0.00000859097301492909
4	0.00145591320542214075 0.00032051980177595255 0.01597498291397258727 0.00009455042220103491 0.97295396230845998531 0.00161689406693965999 0.00758317728122789685
3	0.00474046133759655972 0.00120635720474586167 0.00006015842543502787 0.99324179925989675155 0.00064212666572528905 0.00005146889835737595 0.00005762820824308691
1	0.00414691427610178187 0.96111723959668016182 0.00138895374581687143 0.00080242216459502165 0.02353982405025351055 0.00086173772153516561 0.00814290844501796424
3	0.00130336397049144728 0.00051543295495834235 0.00382371844469258509 0.99361819966588060815 0.00009626733486672873 0.00006755253205174678 0.00057546509705832648
0	0.70910488746526834092 0.26655353153577959757 0.00245404148452920377 0.00526159597968418966 0.00252148948058801298 0.01210914923197401599 0.00199530482217658445
0	0.99108423623638242095 0.00220654745863524708 0.00089085082959297461 0.00187356073085496208 0.00030186403371657846 0.00283503076903135476 0.00080790994178636666
5	0.02139047913720491453 0.01022992949903044069 0.00428084115553271048 0.00085051649679290483 0.00165652765958014580 0.95796517374840106651 0.00362653230345755988
1	0.00686333309377852845 0.89934797628097917777 0.00178419894466816712 0.00081788907300627217 0.04301867442848866102 0.03483173525028221418 0.01333619292879653466
5	0.02419932471782064443 0.26928985513702718979 0.18265615487372147130 0.08471111525396078645 0.00549721278004044502 0.43052084864973350076 0.00312548858769634607
5	0.00073206921364256036 0.00003696578441662245 0.00005011542989292514 0.00027470252726671731 0.00007384964946165307 0.99864429164694579200 0.00018800574837337365
1	0.03115025664130133265 0.88134776478091647611 0.00535079386612889209 0.01129462137577407280 0.06462520516687264571 0.00574469037555544980 0.00048666779345176174
1	0.00331697134067053534 0.99332773041104283074 0.00023195314369743768 0.00026415874706454452 0.00007206904204267512 0.00270355497123136871 0.00008356234425027402
3	0.00369259371533849946 0.10475153661437000552 0.00073854406746750429 0.88876926213439677582 0.00026069978032077358 0.00132932665474324143 0.00045803703336321882
3	0.00836981985379358674 0.22587386014586496863 0.00464043962463423550 0.75591740117970274149 0.00019521784284751156 0.00423090618465943400 0.00077235516849812882
1	0.03409303580208986745 0.88713555344996919416 0.03434623904148836893 0.01863795837126527508 0.01055393447322580495 0.01034970839203368763 0.00488357046992785992
2	0.02328034187213261219 0.17651487262739307127 0.72653846430170454518 0.01645930282787054499 0.02159669519707585472 0.02816767160693331440 0.00744265156688994362
1	0.00015674172785696926 0.99706139249545699954 0.00017238134747133235 0.00241402245003093574 0.00004013880847829448 0.00014785235888512292 0.00000747081181933810
1	0.00031498201572568025 0.99855035208009901293 0.00008860685279885187 0.00037765575696469347 0.00003724431971066073 0.00062412454663950503 0.00000703442806358368
1	0.00226905711197637316 0.98629751144382915573 0.00072507231022334126 0.00792880749923028684 0.00167399949386026867 0.00096615536234585840 0.00013939677853411453
3	0.00087156079448923293 0.17371543169782471816 0.00013925422724167917 0.82506510882185224443 0.00010747740193115824 0.00004961339743523669 0.00005155365922611728
5	0.00314786139894096409 0.06138914227547961899 0.00341561028143216785 0.00068878872774823566 0.03320495226183274584 0.89446482637334112642 0.00368881868122574201
3	0.00745694858102701613 0.00591428073506276592 0.00015696464005406088 0.98444198293338047723 0.00024688409993811860 0.00167704105717166735 0.00010589795336567587
1	0.00773868302841029289 0.98172066085082465570 0.00062934665704033515 0.00295954462230710357 0.00330890055357914740 0.00238800038208748528 0.00125486390575169928
3	0.00241108844808208102 0.00195139624358519562 0.00115182381762803251 0.99030477201667743703 0.00143423072745304430 0.00093505420990506311 0.00181163453666927749
1	0.00059016102619566582 0.99927619874995554650 0.00001410596470208132 0.00010085308660700925 0.00000532602769715167 0.00000462641454216529 0.00000872873029980199
3	0.03306223920398056876 0.04143818486709056198 0.00131185684064146282 0.92000836962146648190 0.00020594983285555899 0.00394587518307633247 0.00002752445088890215
2	0.00020553750209274820 0.00009353121068111891 0.99962811005079144078 0.00003175693584817878 0.00002267765380890683 0.00001500965433651870 0.00000337699243986913
1	0.00108396112015699290 0.69237946644094361393 0.00013676449694037876 0.30620448233302777208 0.00002092997159683815 0.00012898037635197378 0.00004541526098146307
0	0.93915095434802531305 0.00681197979466363363 0.00037598778106539958 0.04727998589920008599 0.00214325154097051024 0.00152499755101495734 0.00271284308506004272
4	0.00352146575058244699 0.00496132473822179058 0.00852144145309622486 0.00191678209031544123 0.95440633314834910639 0.00069767156559264864 0.02597498125384277087
1	0.00056282730568202094 0.99275294286254034404 0.00211652136839222613 0.00193620204760484318 0.00072999224910884179 0.00181453002837971651 0.00008698413829143724
2	0.00054420191941649868 0.00010284892202855947 0.99876309675832009027 0.00025206705800062451 0.00010244955425352501 0.00021562507498265905 0.00001971071299792454
3	0.00833607108318122104 0.04090839850725305760 0.00183102804603802382 0.94756102297482014407 0.00000498716757774198 0.00113960879566563133 0.00021888342546416397
1	0.16851073618359710404 0.74201594961000338913 0.01191464392726590375 0.03924101501473541836 0.00554230910726564736 0.00676238303310579356 0.02601296312402708380
1	0.05440279217579351012 0.87201325643993066183 0.00917983672574915373 0.02322194890096740405 0.01256802201791407114 0.02174537855767876005 0.00686876518196574606
3	0.02091534228917717175 0.01293197232251573972 0.00910103590239200351 0.93346056423415746384 0.01544255918718013230 0.00174521439500034225 0.00640331166957714987
1	0.06311047665673517881 0.86961158094948864949 0.00625390674438400934 0.01946477207395986425 0.00685282766736128746 0.01050605956172769376 0.02420037634634327264
1	0.01945370419624177852 0.90259923865469637860 0.00767642164347036218 0.04203441220413756813 0.01244195897240192063 0.01363024040967399445 0.00216402391937875124
0	0.71275524137372525679 0.25538494159659663740 0.00332339159520550877 0.00467333138094231867 0.00452470279229083127 0.01828740294350748863 0.00105098831773183421
2	0.00090471148258379713 0.00027625616494024219 0.99665791085405464056 0.00032236868241294496 0.00056333265656157263 0.00121459260583410512 0.00006082755361300942
1	0.00038162340842402164 0.99399508618756704514 0.00051909406583143297 0.00030565661036047501 0.00009643550925211476 0.00458855784809024912 0.00011354637047328990
