3	0.04000549141060321529 0.16887314144881343525 0.01529580376707552307 0.72830876282021628221 0.03000453872532460667 0.00876677686399558904 0.00874548496397120623
2	0.03904493465757352677 0.00399836706953731955 0.88041345353578392974 0.00016951989000435263 0.04573479380316903403 0.01884458308687969944 0.01179434795705205236
2	0.00090574127084170741 0.06241079566471715440 0.88753310608514512925 0.01302978091485215012 0.00636759694809472220 0.00584610178002566150 0.02390687733632401030
4	0.00002272596798373885 0.00000080108192605081 0.00001350914855907631 0.00000543993842813329 0.99978084023731861318 0.00015054310124984388 0.00002614052453491157
4	0.00001180761166797897 0.00003029133405935540 0.00001636808946151940 0.00001032273412149151 0.99985054479319102061 0.00004074605100697892 0.00003991938649138030
2	0.00013423965767572922 0.00049530691020402580 0.99360054877823200670 0.00021327397619379468 0.00312976246696638908 0.00209831916999524831 0.00032854904073350216
1	0.04020998422716200171 0.86349118676973035669 0.01963259473029799543 0.00714842643301910434 0.04834184797651193410 0.00308518471661661754 0.01809077514666188741
1	0.03194308492904891078 0.93715980444394197946 0.00640086509159935434 0.01226364982928688195 0.00342071911274597533 0.00767060441997208676 0.00114127217340475088
2	0.00203023647678319923 0.00493370537299204787 0.98836342174971936192 0.00017630571553129047 0.00276094179386180295 0.00020293808951289181 0.00153245080160048313
0	0.90207506172115348164 0.00862308732184915994 0.00226127198797050795 0.00646329477393219401 0.00928341318154810545 0.00613243817469160454 0.06516143283885481030
1	0.00645717338928360977 0.66453815248457936971 0.00082116556308311584 0.31948041120238873658 0.00411037366356390224 0.00017992968410060538 0.00441279401300077260
5	0.19694581191092455641 0.10598627416803224621 0.04121084387123573334 0.04220324794705910404 0.07443706773560934686 0.47041741014075583172 0.06879934422638293856
1	0.00050482998800885457 0.99584799292237846657 0.00089729353498441686 0.00170194693305154941 0.00006754763407148107 0.00084812693014449576 0.00013226205736084501
1	0.00474432396245663864 0.99458985867418792104 0.00058226282522157928 0.00000161300475100719 0.00006169008239516410 0.00001457481883837256 0.00000567663214856191
1	0.00029655545444284153 0.99839622370130687301 0.00049181606090431898 0.00049116291627510609 0.00018112044782906704 0.00011592192067736234 0.00002719949856370722
5	0.04015544632078387605 0.02769790707414048272 0.00499530786754672461 0.00532884972542384261 0.01009451233504838653 0.90452456064794806156 0.00720341602910881586
2	0.00016842285529450118 0.00011784515549868579 0.99857510747195910028 0.00001062111675481310 0.00063431830372303048 0.00035532356283806961 0.00013836153393167078
2	0.00000136676591976166 0.00001882046316562764 0.98733985372101518152 0.00000030765195471405 0.00001851897568678577 0.01258101155217189807 0.00004012087008529735
3	0.00044661184549433212 0.02104129780081189297 0.00474501912311144601 0.97211484289639793488 0.00047861950093534009 0.00053984775866571595 0.00063376107458263547
1	0.07501267747822364107 0.61722318140266818620 0.04503732380371177485 0.03767022014332520319 0.09483658011114694253 0.08194815841474024920 0.04827185864618366989
2	0.00009725609235412575 0.00186963287316650522 0.99740828697538108649 0.00007715690580259326 0.00002405017749433547 0.00050954792416640037 0.00001406905163501702
1	0.00454853645518494415 0.66505469023825325436 0.00311155513695654789 0.31896543824809353573 0.00097182409583744967 0.00553725734000476248 0.00181069848567054579
2	0.00796427452245952565 0.01484110958521929133 0.81196869846254748904 0.00373105561471560963 0.14941481024692998547 0.00749696199768287112 0.00458308957044529196
1	0.00189257059337110149 0.99190529816631856086 0.00084839451932305096 0.00030199231372801352 0.00130863567197093771 0.00359250470399452180 0.00015060403129413231
3	0.00078511523603612204 0.00163399255252085580 0.00013070954013324199 0.99742192618789771164 0.00000328534640332059 0.00000422224839217604 0.00002074888861580448
2	0.01861734555751961423 0.45492911700942345599 0.49332257193038475673 0.00414871723718107394 0.00819636868810078717 0.01687073790466634901 0.00391514167272419018
1	0.00102519183830630822 0.91549141528631872156 0.00019408923148869580 0.08305696475119288269 0.00005253532797091895 0.00011271026996023644 0.00006709329476219777
0	0.79094773609954382998 0.06658753808357920079 0.04716624951620856238 0.02884791828576197675 0.02705546516122183526 0.01577982530141664591 0.02361526755226813976
1	0.06610189661387080862 0.62603311027005315026 0.06484747593510691022 0.03609133162433513647 0.11959631463749233193 0.06220832023039658126 0.02512155068874493899
2	0.01427676844322997227 0.00494919401925700796 0.93329017887598186842 0.00053181562805355788 0.02967679761149853018 0.01378016788955012568 0.00349507753242926655
2	0.00140571225492904634 0.00026943980131238857 0.99152941171384911812 0.00024639578000126345 0.00557857543472810215 0.00026014391175181939 0.00071032110342768935
1	0.01252733589766669674 0.93504308044663420052 0.00697332132401709895 0.03385214713475221543 0.00270206382147591528 0.00823238622770329324 0.00066966514775032668
1	0.00317136928561479728 0.98382767708898666292 0.00863175067477865363 0.00315784614994557393 0.00050620581087886256 0.00041494173502908919 0.00029020925476545676
1	0.00013163902572737755 0.99805784608711523020 0.00097943502534598059 0.00010927167646131817 0.00013699138111459021 0.00048234447876568942 0.00010247232546806479
0	0.70923900728373290292 0.01113083291706111998 0.05485375614543689521 0.13095918417419563640 0.02815443684513637898 0.03787862046705577079 0.02778416216738137379
4	0.00412773664312531246 0.01216210628951625537 0.00418185343866479906 0.00174414360872563227 0.96632908349714430329 0.00848118280480396336 0.00297389371802009002
0	0.87873530954730627585 0.00615220115623090532 0.00011377704930813644 0.11334625830327077489 0.00124812333952743727 0.00000633455120175621 0.00039799605315489353
3	0.02143949743265030627 0.01664325912315235689 0.00092626749467251512 0.94501835562398950330 0.01271943145131370495 0.00078139667146363064 0.00247179220275804039
1	0.02690362200458282574 0.96285421406073878892 0.00165599643796143781 0.00698885046444548599 0.00027274894347155350 0.00011873395647408042 0.00120583413232624352
2	0.00009985371036959208 0.00065376207110611005 0.99685211476773805117 0.00003231555169035849 0.00017277233974553823 0.00215746788749224868 0.00003171367185748193
3	0.09751910469871273579 0.03397937538007478331 0.01154636482844554994 0.81347954753186757504 0.01563267044886664653 0.00137889535761382613 0.02646404175441837911
1	0.05704156996652047507 0.85853853969910587374 0.00588869315838240828 0.06566161365614481271 0.00172336714154175375 0.00431699768946548334 0.00682921868883906019
5	0.00121826592197895570 0.00552576486826905199 0.00471813799340252329 0.00014665154813271061 0.00650908567530746832 0.98159765217928041103 0.00028444181362853181
2	0.00012722019862219949 0.02205278849936052887 0.94889429706496675188 0.00022491142210225186 0.00097192395939100693 0.02771238145913651127 0.00001647739642037421
2	0.00021056589343263025 0.00030381449859985391 0.99840415206227417499 0.00006623296877486386 0.00038200458125892659 0.00059898946613911837 0.00003424052951896401
1	0.06649911392115949449 0.86929634544489997605 0.00083879285394019101 0.05792840771652793541 0.00302239766036140403 0.00122154423916204279 0.00119339816394904317
1	0.00585506482893299960 0.97638519992563099770 0.00660316186644643085 0.00855468890534073073 0.00078855162827975187 0.00043652264285352167 0.00137681020251604041
1	0.05626505028591251290 0.91811743131124345929 0.00173547316272481492 0.00232155156210390621 0.00122081519556693188 0.01882815251117556446 0.00151152597127280361
1	0.00033319331521711648 0.99575195874905531035 0.00228554917954482259 0.00064874104095029458 0.00078331638961550278 0.00015117652336775250 0.00004606480224916507
1	0.00637238239524075614 0.97751368869049415355 0.00086636144336550182 0.00212433752276400050 0.01210994650411795215 0.00088836302482932716 0.00012492041918835150
1	0.10722036522723242535 0.83647601008557503910 0.00010337085114590958 0.03750267253533553363 0.00977446731417789400 0.00025942466411390543 0.00866368932241886117
5	0.00449376357155821006 0.00493985251305679562 0.01462530794415095418 0.00192621828051115504 0.02166403304834203097 0.94690304109277090294 0.00544778354961020922
0	0.99677561874982678614 0.00070366061822283463 0.00003197199853114646 0.00232083421838715073 0.00003555846212208435 0.00004714152025960020 0.00008521443265045680
5	0.00837558743067866839 0.00032982563570498161 0.00141974742436205099 0.00014729640420498106 0.00405228400537689052 0.98427229915995573251 0.00140295993971705770
5	0.00003074099118088119 0.00187738518546774150 0.00981168407098417968 0.00020831404438593357 0.00156308555355519157 0.98630531848565894393 0.00020347166876774549
0	0.92120770016565678429 0.04585083328650600698 0.00398972889521565909 0.00611604959341679761 0.02183261622077276032 0.00017724725129254347 0.00082582458713957162
6	0.00604615933275156388 0.00075924752660505340 0.00147472972593852862 0.00619327401813321576 0.02453134482283054335 0.00097248500764604518 0.96002275956609484098
0	0.90113941870951352886 0.04440787940317904303 0.00308090482389088496 0.03019830069658767380 0.01268015686145009327 0.00127072091921466633 0.00722261858616410780
2	0.00011841180755419288 0.00043513385212659361 0.99861830147304131433 0.00001626520453556942 0.00008885400508089760 0.00056766177287684717 0.00015537188478560122
4	0.00003204141553590695 0.00003159614825227478 0.00322649869158409073 0.00067397775655123103 0.99583611841245178731 0.00011963950592341240 0.00008012806970168353
6	0.00038170998962870270 0.00406770511542133961 0.00044153719020947679 0.00011990352039600752 0.00097572086528074572 0.00005328974243767212 0.99396013357662649224
1	0.01342175199953585078 0.97945122164543818588 0.00060516739794763989 0.00025934426606315914 0.00020552481900343157 0.00595828377770428116 0.00009870609430799325
3	0.00025961864164849994 0.01006083110333758600 0.00030328520756551266 0.98895093460819438747 0.00009988099754993477 0.00005844020930643442 0.00026700923239868083
1	0.01251384199490056595 0.92342187133216979689 0.00580485623915840895 0.03452146632492302664 0.00590998642850585308 0.00782589710107962043 0.01000208057926254765
1	0.00048678976246416820 0.99490028562779642129 0.00088044691202927297 0.00006287934085201083 0.00018458136430462560 0.00315979133708923577 0.00032522565546527310
3	0.00433519488837362868 0.03977338132084975303 0.00315034047202520425 0.94179282735960700990 0.00352837964037891168 0.00182845217576234689 0.00559142414300326223
6	0.00942592351057955705 0.00366552070316699362 0.00094947660253170854 0.00372262901230320563 0.00343894498747396912 0.00016066644449926797 0.97863683873944562475
3	0.01640753957269347127 0.01148797378763278046 0.02457330609457972562 0.85676587857210051435 0.05124750006247675432 0.02524421366916819107 0.01427358824134915966
5	0.00008626246208327158 0.02876910388562275295 0.00088788712563337563 0.00009866477416132270 0.00122260889100847536 0.96885558773491053941 0.00007988512658017642
4	0.00002329526127449506 0.00000530922788170608 0.00004057935685473114 0.00016701750673902722 0.99940929567047664950 0.00000112675483948279 0.00035337622193348068
3	0.00064071623535623824 0.00753827855251541432 0.00005390445112292195 0.99052832226257014892 0.00058580631967149188 0.00053380886323020507 0.00011916331553375055
1	0.00325462583128092705 0.96868728981996088390 0.00374846933867584121 0.00158459971194128556 0.00046293252848322365 0.00202670274051782243 0.02023538002913981282
1	0.00115045584367024856 0.99317524947694202364 0.00065323592209837471 0.00341553056548635171 0.00006920214219396192 0.00131418909703062735 0.00022213695257916507
3	0.00033503549485487455 0.00705753035524685473 0.00017547128262071523 0.99136633479078384301 0.00046830247188047624 0.00016094852066806992 0.00043637708394715505
0	0.50690401621978320446 0.09965024834535766984 0.05094497941339330011 0.07921818324576811177 0.16995707142206950557 0.01629431343516447861 0.07703118791846362556
4	0.03838878609129448005 0.00151689795290679743 0.00200610173316237298 0.00144350688014049456 0.94761339760530860499 0.00002252666039953298 0.00900878307678810650
0	0.83699667970715496690 0.00690931880444826518 0.00543455530561271025 0.14710606722031563387 0.00182103845028497649 0.00052140630172382591 0.00121093421045932693
1	0.03018440952914583364 0.75292050318440262302 0.05319276019335561489 0.09383722679138208067 0.02975787196524924683 0.01817661635593289041 0.02193061198053227259
4	0.12875316626246210983 0.09423962439009371528 0.00399328209725901672 0.01019386401705793359 0.74148482088147271707 0.00353896944388262975 0.01779627290777170689
0	0.86698201487918546970 0.05680871909712485041 0.00124409193268145758 0.01246629957977812668 0.05741989084896322731 0.00296571933075767897 0.00211326433150928975
0	0.90356604241994908921 0.07800735171878828145 0.00006968854561420242 0.00111622874335335189 0.01258105463207889220 0.00001324928070046713 0.00464638465951549683
2	0.00001000153847754486 0.00036148484980694213 0.99844509464291442136 0.00001403608130499462 0.00005005389726621498 0.00054883204303208676 0.00057049694719635996
2	0.02385490830917344832 0.03318653175745839290 0.91457258787992889992 0.00697037376907248731 0.00808056261751071737 0.00414467659971396417 0.00919035906714232159
3	0.00863417633393936609 0.00672367341897057817 0.00005257932538789046 0.98373710875864872616 0.00018298069348066982 0.00012457880676274436 0.00054490266280958846
6	0.00454316816223758208 0.00018006980339121880 0.00013741219798733232 0.00001593048986947453 0.00255278765626007226 0.00031075131376496996 0.99225988037648915618
0	0.93831050149424288787 0.00304745973744714391 0.00020325628704439454 0.05578841137792491661 0.00115940541578329133 0.00001906089041419142 0.00147190479714337324
5	0.00010467637090472674 0.00000257262138293819 0.00009067549435973657 0.00004771258660987040 0.00001008114591526734 0.99972831929968841713 0.00001596248113850060
4	0.00290836033913140181 0.01563551957138194573 0.00093953385309207560 0.01047120297236306050 0.95573566324983461051 0.01288127170004154699 0.00142844831415494806
1	0.00340893123799348172 0.98613810316324224114 0.00114813666706612425 0.00480939980883096641 0.00056784115089668992 0.00336782081282619447 0.00055976715914508748
1	0.03009432249121456529 0.92293095002507186120 0.01363437329187750305 0.00498110560677746724 0.00380204796791623004 0.02069547623565513861 0.00386172438148706630
1	0.00445460335279793639 0.81655454910469493779 0.05304338416858092597 0.00976012972827795117 0.05359610890567627350 0.04356102917613526027 0.01903019556383682767
2	0.00023319969455110566 0.00069825611597626805 0.99370539722568551610 0.00000996641334200139 0.00027346286499151340 0.00428246900957316746 0.00079724867588170289
1	0.00669622363880111385 0.91850575229164499458 0.01089444532474153141 0.05057540936308971974 0.00190031312900122468 0.00933961567525799785 0.00208824057746315704
1	0.06596685395539179930 0.80531149415735658881 0.00097431197128216467 0.12375550896840940840 0.00307488947214146126 0.00015541218985452751 0.00076152928556387142
1	0.02275670741819000101 0.90582657510743347373 0.01778391177577681725 0.02599883950297330118 0.01454745367688052571 0.01096660530213286293 0.00211990721661258191
6	0.00732570604232522012 0.00888295736725652416 0.00146568393414108953 0.00861984091271583881 0.02729479078510382503 0.00337722918916429646 0.94303379176929269523
0	0.77507809084624113005 0.05189051910382344590 0.00236434275361789657 0.00572586852720758602 0.07488738241600148560 0.01311216361022347031 0.07694163274288494392
1	0.14306378962827245860 0.76518701838273195381 0.01235248626598738596 0.03462620871945107370 0.01887818186160740430 0.00186594704040452149 0.02402636810154491070
4	0.00008402398333089346 0.00046315519661939929 0.00041596876630770193 0.00010149436344182878 0.99833630150874186349 0.00006854298648664957 0.00053051319507172573
1	0.09121677791636738364 0.76616232441735832026 0.00644674264329480728 0.02383423640514455502 0.06815894073083027249 0.00712020827293838657 0.03706076961406599979
2	0.00001305952162195557 0.00006136359459710563 0.98713131838284740027 0.00000197166903926771 0.00917590259306948382 0.00338504363190098500 0.00023134060692170508
0	0.97149169791307377064 0.00136965390556780409 0.00001551765560680310 0.00051860243274971861 0.02563201348865553827 0.00001005177957614506 0.00096246282477024849
1	0.02205985108594179372 0.95085896190847285503 0.01885549024430585932 0.00349897525963859760 0.00067696328709707153 0.00373826606706022203 0.00031149214748333025
0	0.98971113937691956863 0.00496288071906216249 0.00025295788445796108 0.00021512132683834342 0.00236775050528570180 0.00008534576249974825 0.00240480442493633869
1	0.03820572479382493974 0.67722809545194806446 0.09646932140229515229 0.08181071625905335376 0.02204414052864140175 0.07361238384571572313 0.01062961771852149670
4	0.00002130201019731533 0.00005247563550469972 0.00072800906579321056 0.00038334492774212480 0.99863872788473873054 0.00000577098667360427 0.00017036948935170024
1	0.02634764263089627717 0.71576769626772906996 0.03090194544222463896 0.14731741944766851837 0.02821555673038702097 0.01395483615841421228 0.03749490332268058668
5	0.00045932354947364885 0.00005933319676910488 0.00152250532309511919 0.00003047064039501042 0.00043755260657425275 0.99742930640572702305 0.00006150827796617214
1	0.00131270823023483998 0.99756058678760617386 0.00028270067567040519 0.00037961960837777349 0.00034009653155396346 0.00008450262094826598 0.00003978554560774191
6	0.04785453176943797043 0.33817776080968081631 0.00323545470966775427 0.01452405564542940362 0.01209358690060466542 0.00247208957859939822 0.58164252058658016953
6	0.13200691920648677247 0.03526381843084382128 0.02893492474335822642 0.06975545603509866743 0.07667853574665584038 0.00786458315407718121 0.64949576268347930519
0	0.99913864806041885469 0.00006727694131686594 0.00000686856701992058 0.00008347174112522024 0.00061119629249007236 0.00000377926777622618 0.00008875912985285760
0	0.94564305302221407512 0.03584705196711912567 0.00137143531571912712 0.01041025974967991347 0.00406494434098556186 0.00053521720974514068 0.00212803839453692620
4	0.00614647435867241108 0.00349618820642925597 0.00278558795314721389 0.00173900698086140032 0.98293735000899795651 0.00067308033010951345 0.00222231216178194694
1	0.00402575195344914098 0.98057109182067436759 0.00072376225216412983 0.00280149687865584654 0.00095710171413059843 0.00948897530128618195 0.00143182007964035149
1	0.02747027645523885883 0.84378660529835103343 0.00370862115829531788 0.05736711981606698596 0.05680793220066589211 0.00127645343717846453 0.00958299163420293053
2	0.00009779721531282643 0.00027312732115580780 0.99791854821117853547 0.00004196904257011534 0.00005092777924891539 0.00109941261196617535 0.00051821781856686876
3	0.01357902530196830257 0.06298270043271173013 0.00232526430268479830 0.85005148084755244309 0.04986348720648126759 0.01470806773229382455 0.00648997417630781375
5	0.00250782940627004977 0.00061867247834644591 0.00279089741488784768 0.00007574987837519601 0.00149425427694391114 0.98838480887763691118 0.00412778766754023571
5	0.02292543694139873023 0.08426197403210308745 0.00558548912432067605 0.00454531272789405853 0.00108802070019377393 0.88066920716431451588 0.00092455930977528575
1	0.00618541666918880854 0.99265202720354062116 0.00030371144409917488 0.00028550243391949699 0.00006796331923352518 0.00044009575364575788 0.00006528317637286718
3	0.06294277269639311778 0.06046808999147992858 0.00376156566430525070 0.85634310382860423516 0.00582028947561026317 0.00863005138563174151 0.00203412695797519985
1	0.00086031463951547675 0.99339615317755802781 0.00131006815498049020 0.00077711555520199721 0.00155670403031608288 0.00081227250479581187 0.00128737193763197016
1	0.00085744193657654952 0.98988808906946146315 0.00111983367147119005 0.00759071799207059264 0.00006282733151435686 0.00045308919477671011 0.00002800080413001171
2	0.01463155630376903639 0.01215307148058333321 0.87519948238398237450 0.00840993947125294114 0.01565509226975553628 0.01648576768679356139 0.05746509040386278688
0	0.95302750384125367589 0.01005006871081809416 0.00132380595752765412 0.01466947719912679339 0.01456721482591754463 0.00268671262315950139 0.00367521684219697560
1	0.00237364503151610458 0.86456933498167942709 0.00675200554439607612 0.11415082331700886209 0.00311232281121003257 0.00282319821666154706 0.00621867009752754239
1	0.05796913266974422496 0.66373241356329160112 0.02818926866255904232 0.10862631320769897125 0.04076073225226206631 0.05849193775720069183 0.04223020188724316282
1	0.05994661395810798460 0.92705589843642632886 0.00047617082432795810 0.00922832633568765152 0.00131169224115188486 0.00135059425612474131 0.00063070394817326737
4	0.12957592966810377311 0.07771466814461318318 0.00657737108963993896 0.02125386173597408265 0.73847792515263344093 0.00459387678234631121 0.02180636742668978778
1	0.00096135880636249625 0.97569393598039710902 0.00093916686529319665 0.01640347288033538672 0.00302434419509476759 0.00087543480262302362 0.00210228646989353519
3	0.00027572118741326631 0.00138001231408799033 0.00004683512459553226 0.99820258064509270746 0.00002926577398487841 0.00001737953748868522 0.00004820541733796533
2	0.00031522242082040054 0.00001018369399505374 0.99896576970105521731 0.00002283782758971125 0.00021178982301982676 0.00010033933601805709 0.00037385719750239498
4	0.00100272085926423563 0.00150607406902978150 0.00010779400056819593 0.00047573733049748171 0.99627878203354935938 0.00001648366741488024 0.00061240803967594791
6	0.00053188211037579565 0.00019002184919387675 0.00167497616708333946 0.00098401808706436930 0.11754100111383020133 0.00008505089702959857 0.87899304977542269679
5	0.01828683481940601013 0.03693769026280652873 0.00230983387515491106 0.00970214889123413755 0.03872672439285875651 0.87881573560416592628 0.01522103215437329259
1	0.00009983835923783035 0.99887526063432829915 0.00006288347011089571 0.00008517759340126094 0.00001375930466978017 0.00080569624723905958 0.00005738439101314752
6	0.00094969100184073938 0.01897109379731274151 0.00335254570407485155 0.00016545068083077022 0.01264614031242890409 0.00023170562701227567 0.96368337287649996625
1	0.00043371875355400141 0.99541558347099545756 0.00018002812385968463 0.00226247639915023481 0.00003596007320935820 0.00149270886797805979 0.00017952431125351910
5	0.00151410341063933020 0.00214271180606726052 0.01402451226051920283 0.00000847903835647806 0.00355167786206473865 0.97857109950870835302 0.00018741611364473485
1	0.00014922053235255609 0.99106960082657524769 0.00004985852705190411 0.00791169665174161138 0.00006049448467890556 0.00075021139968479457 0.00000891757791326014
0	0.98976565785596548608 0.00180862900246338905 0.00056463825972665740 0.00022562890472121883 0.00594164249927745143 0.00067617494122996808 0.00101762853661546476
0	0.95652436542661511965 0.00455071006761153651 0.00237788419398363149 0.00104129106376876779 0.01063313678384650469 0.02411337426808584164 0.00075923819608860160
0	0.99281664896000310083 0.00388905486278055563 0.00016417079083512983 0.00194474979461666279 0.00065795921694656136 0.00019488149834235270 0.00033253487647557246
1	0.02243342097005396676 0.93879178110254879464 0.00237880735886933630 0.02247291750927132847 0.00559553670812168967 0.00367919378390218306 0.00464834256723224443
0	0.91468721514762374447 0.03771845552120529910 0.00177123374075398429 0.01578640602263009507 0.00625457561856069925 0.00096466017899967554 0.02281745377022662002
6	0.02341575646605884714 0.08213214428800447164 0.00148909063046704878 0.00272365537067507371 0.15924542227276219930 0.00559391090713587304 0.72540002006489667785
0	0.71275792409864258126 0.08989143389705818443 0.00546408513263246364 0.11731967146562169435 0.00729354648247941030 0.00116725524443874146 0.06610608367912705619
1	0.00079891040796224776 0.99824984845141762069 0.00040733100531268175 0.00020525894419689162 0.00003489783212130423 0.00028705287395415366 0.00001670048503462491
3	0.00003773875822937678 0.05092529312772441780 0.00005362396982244923 0.94897023683550185691 0.00000664075567020518 0.00000304571148877209 0.00000342084156396750
5	0.00510915321219404181 0.01673423742708425588 0.01628748957342987524 0.00061663639956327965 0.00954986098479665944 0.95050749800531264544 0.00119512439761908077
1	0.00170783385376785889 0.99816397224198172289 0.00002550760385150047 0.00005117408398951655 0.00000117493184242341 0.00004873971030671118 0.00000159757425979104
1	0.00767384983190516189 0.96072191478432866774 0.01661829883760016641 0.00655542032786128777 0.00160367619903819744 0.00598227264293909721 0.00084456737632682306
2	0.00012137208117833389 0.00013472915250881294 0.99792013693443815114 0.00002027350801426539 0.00035838500729228523 0.00130834367620500844 0.00013675964036586946
2	0.00000315147056264085 0.00009325586666795832 0.99982559982399898946 0.00000673374409188745 0.00002016873250964468 0.00001264745814858506 0.00003844290402118280
4	0.06818095184904325590 0.00059657614183804004 0.00006354879481840037 0.00193210126916624429 0.92867069101053212332 0.00000497459762838131 0.00055115633697382788
0	0.53849782513439226062 0.44879801296323412751 0.00058167161873750619 0.00859206193738975936 0.00203441535413863067 0.00045020769745700241 0.00104580529465088737
0	0.97342029286089137852 0.00564868146329049539 0.00003100498478856468 0.00560525958742301433 0.00591937123568807982 0.00066348134333665289 0.00871190852458153184
2	0.00000338525716132976 0.00005476516907918507 0.99336285793619538698 0.00000081195561056035 0.00008099761308668270 0.00642497097990012232 0.00007221108896780750
4	0.00273925662437227635 0.00477983425414635690 0.00333027779279218865 0.00665759194760566150 0.98095718579781387980 0.00054884071929520053 0.00098701286397403988
5	0.00220475161942207398 0.06178585669093909771 0.00112414051756159344 0.00005169838038602184 0.00260992732036993214 0.93217943768452338205 0.00004418778679833591
6	0.00059704602472673688 0.00025188233756399660 0.00083979447981113520 0.00010111608397254600 0.00093192440393488000 0.00004974280532059182 0.99722849386467027344
1	0.02750524698495590212 0.88232858383030721150 0.01046725370145703410 0.03909566593638267445 0.02107724675456303098 0.00950802381305541032 0.01001797897927899673
3	0.01271736725824836912 0.17332759687847643093 0.00660163238860372262 0.78890986096357518242 0.00938677684154935049 0.00441247471892798095 0.00464429095061906060
5	0.00978779332668306030 0.03696783417618814543 0.00226120037511691680 0.00428658670901145133 0.13779307324484021957 0.80784940580026232126 0.00105410636789774219
3	0.00006987354645642364 0.00368367989954521266 0.00018900034370962173 0.99583206550537262114 0.00002391764381796035 0.00004137131728853686 0.00016009174380914295
4	0.07510622469425778935 0.00922933268791666962 0.00074644070139559635 0.00886469158166284035 0.87454906647468744207 0.00053509974538109488 0.03096914411469842490
4	0.00004841534455505847 0.00016413270244727973 0.00029296987382376705 0.00019741479091887377 0.99891112218014588287 0.00006066627454220369 0.00032527883356691940
3	0.00011415104783149285 0.00291231467880107746 0.00011200070390012494 0.99658849570630259063 0.00012136628510848477 0.00001186924577597533 0.00013980233227808546
3	0.00524416580907480223 0.01248969893264962640 0.00250275416898630134 0.96835338145946314725 0.00220456583983759564 0.00072052882416977942 0.00848490496581837637
4	0.02477982562005730596 0.15777283971620303937 0.02005731806131761524 0.08579968252518477279 0.67745545978266474840 0.00891924107953313144 0.02521563321503960189
0	0.95392076953070570333 0.02011941920683884069 0.00119605015779451025 0.00856283507761125377 0.00756807429705151549 0.00258631826364714773 0.00604653346635086394
1	0.00006901688935041747 0.91762648108032607297 0.00001623216571950513 0.08228119074675718791 0.00000102680369005092 0.00000531741987137562 0.00000073489428544090
2	0.00034495181410922038 0.00088281317028122747 0.99645706406434797486 0.00025059011002609519 0.00109976165103722054 0.00065514657152556679 0.00030967261867225518
3	0.00401867548807694538 0.00806684667163554830 0.00073607530374101247 0.98650172580131512134 0.00010470030247723599 0.00013900327172768211 0.00043297316102606457
2	0.00002222624921924330 0.00996715224336506764 0.98782620751494343292 0.00031437503668231288 0.00004468052961799713 0.00178919572754657782 0.00003616269862790972
1	0.08106903421030464685 0.81595199092895065451 0.00269474500228701576 0.02007718548722618734 0.03262221867882026533 0.01392597970403153251 0.03365884598837931563
0	0.76377483485122965590 0.21874658152178869108 0.00039622388688895915 0.00670887991254221459 0.00390894770951441886 0.00144942835914161424 0.00501510375889436654
4	0.00768528491271104099 0.00273514447432674683 0.00003553119144239949 0.00083658047527428376 0.98712387133658741067 0.00011501357706135049 0.00146857403259644339
2	0.00006480321691828017 0.00040542008508703803 0.99768896283005370496 0.00000515341486419919 0.00021260592688629809 0.00153224693242416839 0.00009080759376609620
0	0.96021736469634533240 0.01895961767145041069 0.00056870267108725871 0.01158364804159029565 0.00363548894989118186 0.00090846584577870869 0.00412671212385677492
0	0.95859795852805362859 0.00546775790291549688 0.00984453551761246132 0.00810342975020878278 0.01234525163047287509 0.00137172862471417428 0.00426933804602277079
2	0.00011306002326045978 0.00887917748042245901 0.97992096874579781574 0.00019880819581585981 0.00038780622208654271 0.01001535819702760975 0.00048482113559055996
2	0.00007503034576758764 0.00237431420356203808 0.99435413078268841680 0.00011241238335061203 0.00102849011355293177 0.00117840098080688560 0.00087722119027087455
5	0.00374634583535439925 0.00295406754354228702 0.00961406723236375195 0.00152426673437175810 0.01602428183919660937 0.96336401793549664152 0.00277295287967444133
3	0.01096752149085707811 0.10609386462806533191 0.00624536830375384874 0.87034928679569889542 0.00487672782760076653 0.00024639669056087689 0.00122083426346311554
0	0.81426203763435767158 0.03500526405820829356 0.00244147422484050332 0.10312103139805603447 0.03325575813927651031 0.00194684198010038946 0.00996759256516071591
4	0.02410017136124380926 0.00407009507864067310 0.15140462828731771072 0.00232849479141813889 0.80704767377873265488 0.00509146634503737650 0.00595747035760991941
3	0.00017723275272713181 0.00540317927237179713 0.00011584401892743423 0.99380252087160581009 0.00003201459974846297 0.00013486225843905366 0.00033434622618050278
1	0.00973177598706962202 0.78865854947818359033 0.00999508481371684347 0.15006278740764109059 0.01300322826044271116 0.01515345397090093159 0.01339512008204537218
2	0.06558945150420401882 0.07615623641435326219 0.65876557755029918617 0.04743347493833664080 0.05044519234216638531 0.06932947722646885802 0.03228059002417146828
2	0.00005554054778170649 0.00035381326551372599 0.99525325327833902289 0.00007226918271064294 0.00007042693419608302 0.00393355312017210079 0.00026114367128600050
5	0.00017675451099577355 0.00031942988957427371 0.00052999243781808373 0.00014811024049753559 0.00072810346871446071 0.99807573219259582142 0.00002187725980554929
6	0.13838973341445284793 0.12000784644484313590 0.12631617145730017482 0.12225160778835833519 0.04331142058855747684 0.03818388988273326012 0.41153933042375462348
1	0.04836897039651408270 0.93539444673581806367 0.00061962299146947489 0.00206408948903382154 0.00023872849293957201 0.01183059254406960623 0.00148354935015461431
1	0.00099745908445527092 0.99106258594175533627 0.00051066477811492197 0.00340795874155751157 0.00008355805342378485 0.00328222605354240842 0.00065554734715093346
3	0.00053827094384515479 0.00278420181508430868 0.00037762550439906676 0.99612003365779788755 0.00007576470217894119 0.00004333238995128593 0.00006077098674402280
0	0.99434238153095044765 0.00320663475675840451 0.00011514153686535804 0.00068297590710557235 0.00068584709518304380 0.00017763234093747557 0.00078938683219973544
5	0.00074282459387924710 0.00161115179055777800 0.01335054761698166621 0.00009949608541766961 0.00092872112050124773 0.98287790943603048355 0.00038934935663203899
0	0.95982758846906024441 0.01241096840264316499 0.00146534730814294810 0.00268015191924912341 0.01989062607203838026 0.00041333109540694620 0.00331198673345950954
3	0.00028551414947634878 0.01497369806170023923 0.00026073156845524441 0.98427504247345032340 0.00003308513468109058 0.00009365868544825274 0.00007826992678711445
0	0.98280298392913878480 0.00674450267563637181 0.00044809535355743623 0.00070704971255099430 0.00007488126654272129 0.00831681881729587347 0.00090566824527750533
5	0.04744840800572352330 0.03021156210343048376 0.02478028081226266166 0.02826767515336239822 0.01745665935677588945 0.84524850388147365621 0.00658691068697154873
6	0.00033603264204933974 0.00006159561432781657 0.00002374560339289657 0.00000778317930836077 0.00579196995403442709 0.00008613552845812137 0.99369273747842912226
1	0.12179495852772527498 0.86690729380002407023 0.00003545169480974121 0.00156633743679955519 0.00610178198018222154 0.00162308506584007517 0.00197109149461899150
4	0.00183987188627430034 0.01589675066460188163 0.00463001179382070780 0.00218751149094406410 0.94268264446042027149 0.01204101147764433111 0.02072219822629460875
3	0.01074621313252275938 0.01476454410774035927 0.00405531198518995113 0.94702419063270981692 0.00717457029745266050 0.01594491795034795947 0.00029025189403703722
4	0.02020692054825437567 0.00711277609119802777 0.00519493888118014238 0.00449229105000312906 0.92568895549126462008 0.00993541804282055234 0.02736869989527968006
0	0.86598975966147551109 0.00638804921132870435 0.10293228104581821081 0.00774771128986110735 0.00542775526063790995 0.00147056026269298855 0.01004388326818593698
4	0.03232342051114603376 0.06511874786707198826 0.01214373466563434430 0.15592969660401506671 0.69864507555380694903 0.00649594466570356521 0.02934338013262175610
1	0.04320883251353826310 0.84975000221731800121 0.05269562431533142410 0.00823407937463679560 0.02195270931022595337 0.01216946422291970663 0.01198928804602981263
5	0.00008904649469719174 0.03052905781483044104 0.00837966440341264378 0.00223864323751167419 0.00060445888639980110 0.95796611930965169801 0.00019300985349543699
2	0.00043802705788201321 0.00124250237941261454 0.99343846117434220222 0.00015833548998728749 0.00067079926886670193 0.00372145930903733510 0.00033041532047141321
3	0.00072019342766047295 0.01107005575725124834 0.00024714786218175830 0.98640576962462345190 0.00126252557759349454 0.00008895306399673087 0.00020535468669284694
4	0.00874992444957437346 0.11177926803289912894 0.00400413918897860391 0.00113369517821087693 0.85403194947579064156 0.01624849378590930218 0.00405252988863722460
1	0.01563341195540274980 0.52327736436063210235 0.00047492719646122418 0.45718944164199831759 0.00092566964899227242 0.00078658125903783888 0.00171260393747603348
4	0.00420380218449206006 0.00863629018455967963 0.00819013694829217979 0.00390285773023097467 0.96859007234419225441 0.00301402072266558456 0.00346281988556714848
1	0.01856871755579636227 0.97952347841001030648 0.00049948755748067454 0.00052108400534085742 0.00021970099386747587 0.00033807235729420228 0.00032945912021038677
2	0.00663708102543011762 0.01400703624698732865 0.81103701370438285867 0.14084953896823937392 0.00557928459225954295 0.02161520783906516197 0.00027483762363550305
2	0.00410416006014671653 0.01443216246194814478 0.93757504367550770219 0.01074236078915356829 0.00328621965155638822 0.00355905941288663747 0.02630099394880142105
1	0.00158776548215566597 0.78068838287562136724 0.03784629750794185621 0.12774000605465291036 0.02841272952993927417 0.01090743025102424574 0.01281738829866456951
0	0.63897239219049828396 0.33138261945797792274 0.00136101963509128229 0.01232402934096997645 0.00163918936138822608 0.00615812818213809510 0.00816262183193615029
4	0.00001082625899344022 0.00128309617736369801 0.00016250863961526121 0.00010934222999505804 0.99810948661025589157 0.00000766825150688315 0.00031707183226784648
3	0.01373643838340359372 0.01557690093536612079 0.00932783904517071882 0.86535194077044408356 0.03271660214835206415 0.00245138464725582015 0.06083889407000812877
1	0.00101228462324469849 0.97782905580810619561 0.00124644256176206433 0.00747906981828065382 0.00098781321904360111 0.00225698859253742942 0.00918834537702543745
1	0.01112250002904138085 0.94755441717053456863 0.00193050995286223352 0.02159927330377443139 0.00250009964576695205 0.00701311228196948872 0.00828008761605097780
2	0.00045830205175415413 0.02268359738873930789 0.88895070906281525858 0.00015401857757570885 0.00358709538913530839 0.08404465802931705698 0.00012161950066469680
0	0.93621869443701311031 0.02213268796931331522 0.02125386095168604189 0.01428582736860679360 0.00293207476852925912 0.00085517555834355673 0.00232167894650785363
1	0.01390715363251837471 0.90758221751238499220 0.02014153693426330716 0.00724755585980190516 0.01539611763206674179 0.02940473196441710860 0.00632068646454825214
1	0.00011381043080997498 0.99853064943276281795 0.00002747916159756597 0.00128937239229021550 0.00001980288814554640 0.00000761735491179590 0.00001126833948175203
2	0.00255912979072723612 0.01408581718987473447 0.98013382575649510287 0.00003323547933743092 0.00004941999239354763 0.00308222738930410403 0.00005634440186771775
3	0.00017761226125502915 0.00896424275788692063 0.00018761870136229666 0.98881370608275043210 0.00047775838577861815 0.00032240820330842331 0.00105665360765663232
4	0.03067223094414670698 0.08678354909311579435 0.04060965213480115243 0.01561155397500750899 0.80093250822437100922 0.00622764592386498752 0.01916285970469298536
0	0.82563190161470967343 0.13411995310334903775 0.00117439797530921272 0.03409404910594536486 0.00417252786436526826 0.00002704727095992350 0.00078012306536155360
1	0.01820135668737474580 0.93723082611979458001 0.00197056961928375593 0.03368701025273920791 0.00550797301159739253 0.00091992933266339368 0.00248233497654653948
1	0.00602095041534091071 0.95795671842706997534 0.01192404134642927570 0.01024447848812715459 0.00486563558019569801 0.00704078844294672105 0.00194738729989098777
5	0.00037357594294557103 0.00920867331658648328 0.00398723591087504076 0.00267116877788164562 0.01538049829054581076 0.96673969008658144908 0.00163915767458361577
3	0.00168831201930961790 0.00005011399532625037 0.00017294830207234365 0.99771735962886742843 0.00032786128913592005 0.00000598148993808502 0.00003742327534980778
1	0.19314635178048930597 0.72040071671811112264 0.01131121955301034494 0.03130303107582253774 0.01289596340369329568 0.00773446723694580420 0.02320825023192749428
2	0.05330742628926183474 0.04927369872060456679 0.85499130553967828128 0.01847856409293116217 0.00645062635728372528 0.00224290569954487635 0.01525547330069629628
1	0.00555842254710147820 0.92906224446622676094 0.00115395980273504573 0.05274522605276848325 0.00347729801737974888 0.00123107812743455166 0.00677177098635318130
0	0.78767571937845870522 0.06428570608885590676 0.01506668491280687035 0.03896133665210799873 0.03944566432005658374 0.01557197692856583486 0.03899291171914785054
1	0.01676690166917775907 0.59941162133726444416 0.00415175638352516772 0.37237304535164034158 0.00333474362225093419 0.00149234769974871751 0.00246958393639264574
6	0.01428318425217478711 0.00094029448950318012 0.00166912017826438119 0.00257417852418147415 0.00755832843191315672 0.00940214494216558110 0.96357274918179702805
1	0.00119848491909828499 0.98725418562082756235 0.00015205901187233790 0.00894369736824107871 0.00069703326015558762 0.00032510435018502908 0.00142943546961941210
