0	0.98399789230793144323 0.00540995879958152976 0.00054631706103341318 0.00746708674933918484 0.00065242115220207259 0.00036765447504143894 0.00155866945487087788
2	0.00048576295063503303 0.00027905680310073085 0.98974545578628492226 0.00023620616339679453 0.00744096841891733491 0.00144740801871732160 0.00036514185894752615
0	0.86850652239347447825 0.04057734906986435602 0.02199981555940965991 0.04236604222930230590 0.00868567730426710732 0.01131648015083090014 0.00654811329285096434
3	0.00002264019174163295 0.00005962271229981037 0.00000196548160938997 0.99991478747355355683 0.00000017554437044888 0.00000062109454012664 0.00000018750188501463
1	0.02984863520768825038 0.80655601868665027787 0.01586766224563050665 0.12355877016778953059 0.01134898362112659459 0.00335220385668506642 0.00946772621442944218
1	0.22696938018431975226 0.72224892842863008813 0.00155295072965992817 0.01924602476870690415 0.00137290634635280919 0.00292598210322180668 0.02568382743910897770
4	0.00309928813236719095 0.02687044587159330075 0.01048535163893012448 0.00152062340329287720 0.81227625009406800860 0.14200987242953674872 0.00373816843021126900
4	0.00005368665821635147 0.00039763183341166429 0.00008826167018878699 0.00022990483229895498 0.90066796132878057524 0.00001789232676732801 0.09854466135033598806
1	0.02152436252291419980 0.94960046890464999692 0.00043058682556292651 0.02829438913946620907 0.00001175622617158451 0.00011581064577237919 0.00002262573546244110
1	0.00099231086988205218 0.99784114410557656072 0.00011336049569467198 0.00021844685986013688 0.00014264745291534103 0.00066756874085708543 0.00002452147521462595
5	0.00311318208459969393 0.01122166250506039312 0.22949300717802886829 0.01445516707497344032 0.00011210049938832263 0.73967163498679544542 0.00193324567115377328
1	0.02613311366237720465 0.97104847491274037807 0.00050676190767548566 0.00028274447287742128 0.00021481606255159956 0.00088855723221432307 0.00092553174956392802
2	0.00006177555488383675 0.00001349063813810534 0.99949746057097588192 0.00009427148598938335 0.00014382649140108416 0.00007443349457082557 0.00011474176404035983
3	0.05471196499312885181 0.14982522517128255002 0.03664328393532410855 0.71428705257928493122 0.02172001076162838676 0.00776085095265329882 0.01505161160669778869
3	0.00256270706753898006 0.00097356104538499108 0.00077742923853036424 0.99560964759608150398 0.00001480348876484959 0.00003441020227456345 0.00002744136142493025
3	0.00117206148018854416 0.33828133844016816667 0.00055024223014772135 0.65549135678354186751 0.00354228978904161385 0.00069946420950243256 0.00026324706740907673
1	0.06637309252868636711 0.62384187587677353282 0.04146411784830195818 0.11755029926201573942 0.05006312591581457000 0.08230207100419228983 0.01840541756421577857
3	0.00100587791835045652 0.00316045581128937113 0.00073021297987779636 0.99484672697568266031 0.00003931451027429406 0.00015948603574418812 0.00005792576878220983
2	0.00039970281070111203 0.00013204494966961448 0.99745804368783597127 0.00027527275820350287 0.00136437548559708200 0.00035059660836902936 0.00001996369962432314
3	0.01411657821016463164 0.05289454838753841065 0.04058747995235250511 0.76917025218984957924 0.06799990604858728582 0.00751908556900205208 0.04771214964250456575
0	0.43328679853127055610 0.42612393290872557783 0.04046918352283713355 0.06199036594757547508 0.00937780571817793500 0.01444838279462222659 0.01430353057679106810
5	0.00503509647991414420 0.32117108386600484726 0.00594182284195381855 0.00053292706446078566 0.00230471419719470135 0.66471414912500603744 0.00030020642546571351
1	0.13761362930021162065 0.82343063692609297366 0.00019966658169325171 0.00353023357008286787 0.00055145250052926768 0.03244470992590908764 0.00222967119548110170
1	0.01032865502649169681 0.97962256445975770536 0.00326886263111196736 0.00409578182028456830 0.00081557100873237514 0.00171054181907922729 0.00015802323454300730
1	0.04444999362544686805 0.92248289968742225309 0.01474328374154533321 0.01143743588611658563 0.00377409932985428576 0.00171253951984092498 0.00139974820977377683
1	0.00599291078845803817 0.96782502110683477081 0.00013877355308212504 0.02556521415920375365 0.00006118220146953161 0.00039064372528604859 0.00002625446566636609
4	0.00103415521151515363 0.00502693261076035767 0.00461915059766365363 0.00136011548587370592 0.98432226232412534106 0.00084639676902307506 0.00279098700103866003
4	0.00312354406549659449 0.00173233869585058173 0.00081206069765539003 0.00073699745916073751 0.82825737072708205400 0.00014409777387759310 0.16519359058087770831
2	0.00027350000500312447 0.00037766900506817832 0.99886728586867357116 0.00007046023974328520 0.00005278774072909574 0.00035454517173410442 0.00000375196904902283
0	0.96275691899553050845 0.00882535967817054193 0.00229412624825277127 0.00908781507411147473 0.00532250317693132823 0.00562857508157565360 0.00608470174542742950
2	0.00094157753617042433 0.01987977023045777586 0.93395281370529426024 0.00784793870768028985 0.00915513543489910632 0.01753535134158546241 0.01068741304391222779
3	0.17071303581214933298 0.05618668863918303141 0.01727581470303844041 0.70010440055624978406 0.00370363056514614155 0.00332100634802488847 0.04869542337620854505
2	0.00251892798319998477 0.00025406835433848795 0.99008363558622836109 0.00002250902721313476 0.00030234536749720783 0.00648904733203002539 0.00032946634949181114
4	0.00007983659329588195 0.00011577636224565078 0.00046282717451483544 0.00001342118943164963 0.99804638569584480656 0.00026740518374289337 0.00101434780092486709
3	0.00059409916059461319 0.08789841607056864126 0.00082601832545387477 0.87973419757838067223 0.03045906337781353543 0.00039202560005868736 0.00009617988713057107
1	0.00730684049742338308 0.96862935381115988775 0.00605505570383434600 0.00247888561033658868 0.00628974024581743785 0.00837904129374120177 0.00086108283768683569
5	0.01147107078499032956 0.04647402316011951112 0.00056529235859731374 0.00005270960321929172 0.00444528099789712975 0.93695469373388517997 0.00003692936129092674
1	0.00564683275290780648 0.90559005211798859758 0.00985415526110211028 0.06987869381951683501 0.00236860789559416264 0.00579599011454593350 0.00086566803834434646
3	0.00093732681401157650 0.00080379905464428249 0.00028567675506251165 0.99773695995687072813 0.00002019214293164620 0.00010182030093567137 0.00011422497554345068
3	0.00570735882559285194 0.03614118452422948602 0.00855565293781928443 0.94774495427857607943 0.00025713794391577492 0.00016602848970651647 0.00142768300015940321
4	0.04349403725393399117 0.07129882220904223966 0.02548059156606125031 0.02927240270322548077 0.72488899233305315040 0.05487520423581488532 0.05068994969886909258
4	0.00696276725963044553 0.00008785091614784537 0.25739929767289099205 0.00011093623407615798 0.72901308313180290810 0.00154869277904878355 0.00487737200640267661
5	0.03340029034346325004 0.02368770473459913886 0.00333965961027746401 0.00391419660435179083 0.12261314396584768738 0.76438673985002802969 0.04865826489143231653
6	0.00011141820828187549 0.00041061677500398236 0.00018985325593449362 0.00015443859985269639 0.00056918932092745378 0.00007159256786336601 0.99849289127213625150
1	0.00027939415912721935 0.99929729058735550229 0.00008275315471841425 0.00006548402330806204 0.00010817573019936462 0.00002717522540454531 0.00013972711988834014
2	0.00036916244085959869 0.00214226949022552730 0.99391659434868551148 0.00030665238396971191 0.00068988924826544125 0.00197218670218004708 0.00060324538581468215
1	0.01364108277176521826 0.94854036365265592678 0.00476144753060953139 0.01105037330696682051 0.00130132136772994613 0.01893684532154336214 0.00176856604872808890
2	0.00036240073360612439 0.00090753672492816613 0.99048296834904780983 0.00050136308825458713 0.00345618106086805800 0.00319555511969459895 0.00109399492360134454
6	0.00522116994773794574 0.05632542948731712740 0.01014677554719099588 0.00942742358516831386 0.05610665314396576231 0.00269184145045419038 0.86008070683816617574
3	0.02827563205911270972 0.04592184255077975952 0.00059829015601849621 0.92327050231647578293 0.00043141460850063023 0.00100168711988118421 0.00050063118923115177
3	0.00288141923991392475 0.00117304456472168048 0.00023521690689615928 0.99567952052591246481 0.00000284432961494363 0.00000569299947765155 0.00002226143346267103
0	0.91101188929727772159 0.01451647281064862190 0.00267052325109576327 0.01353823950597636029 0.01128786349949921497 0.00855966473792240182 0.03841534689757990922
2	0.00022668167599983205 0.00046858901712333383 0.99225814095948816629 0.00006828438352096547 0.00078976250957573030 0.00595001527763218668 0.00023852617665964313
4	0.00061923619670405507 0.07262422343334667962 0.00184177953467746158 0.01520920911981757211 0.90784318746372838493 0.00096476411456555551 0.00089760013716010795
3	0.00491411405933145969 0.01431757488702302059 0.00025262883188965235 0.98016188198085918426 0.00027915710478048278 0.00004499634742875948 0.00002964678868882340
1	0.00186111211171751333 0.99558458758955004075 0.00056837879307496120 0.00128515442673685239 0.00010124220563925481 0.00057900809401965458 0.00002051677926219233
5	0.00312490836423299058 0.00050457083623099599 0.00086143944342754835 0.00090636361974353154 0.00068357710745124884 0.99183330220840537628 0.00208583842050843928
0	0.56467647394467834765 0.40806831402021065403 0.00018698508028529217 0.00276249398190228602 0.01358191874871995941 0.00133863105718222647 0.00938518316702123372
0	0.56798212672773706888 0.40907132393603495846 0.00163234323327717413 0.01350794820567192099 0.00119056363502348058 0.00565792739506455148 0.00095776686719093677
1	0.00450540954405785534 0.98215725227722083801 0.00058039430716093365 0.00600525725756894876 0.00573060431044958990 0.00062992547080643413 0.00039115683273410469
3	0.00007288758798166208 0.00045571319579787634 0.00076981732846961534 0.99838754221363390506 0.00000506938653784914 0.00027045626994546911 0.00003851401763325191
1	0.00061812159499491717 0.99798891237556908163 0.00059222529605271884 0.00035411803740633107 0.00021293916824882307 0.00014913215594881897 0.00008455137178051680
0	0.99606676913971059495 0.00053550402074951107 0.00006875185340033481 0.00046290001027436125 0.00068105326587024307 0.00011635558570694379 0.00206866612428807531
0	0.98983326219626621700 0.00215493845839874378 0.00096891445418143787 0.00455874329349790705 0.00087371125155476139 0.00023956023093595281 0.00137087011516478000
3	0.00065969049642851992 0.00799461457385031160 0.00010902632724400564 0.99097301838440021715 0.00004238876197968632 0.00002910282978844326 0.00019215862630931845
2	0.00055345106207601625 0.00033733752853568733 0.99806109850388102789 0.00040176192557398371 0.00019533216105705359 0.00039467253913608473 0.00005634627974012666
1	0.00924366342094247104 0.98436168852238459248 0.00139502613939340887 0.00332781524498116602 0.00094232981780081881 0.00020508763171060929 0.00052438922278669566
0	0.98740808053834649982 0.00575662133692344917 0.00017041704675249052 0.00039589077056685184 0.00154401110154447625 0.00090128517543613734 0.00382369403042998697
3	0.00636883542366716363 0.02758010234112834302 0.00014225537557159136 0.96019182541556125088 0.00485811303828535129 0.00050913591822313357 0.00034973248756335834
1	0.00211961527171392093 0.99281596061506793838 0.00024506728580414062 0.00104301964016639392 0.00104991596821181520 0.00018745080450973664 0.00253897041452614148
5	0.00010836330734741105 0.00171555310111844487 0.00044493030109681888 0.00030389443278545914 0.00019092522269333745 0.99705698728980207690 0.00017934634515683165
1	0.00302885441424753481 0.99295908067683569254 0.00073264847686892350 0.00220857498395302197 0.00030477056633280151 0.00044749696303297295 0.00031857391872938548
1	0.14302450744205305599 0.69053509075349739366 0.05429625360049768895 0.07728682502246174424 0.00586577978515007495 0.02503677377154718206 0.00395476962479292867
1	0.00562826881076766532 0.98789006486788144556 0.00000739117570560080 0.00630201200954755725 0.00006238298841323570 0.00006997307851385430 0.00003990706917000373
2	0.00160371249766392415 0.14980928909794063997 0.83100264466752893355 0.00120551004037496110 0.00080578504677471057 0.00680945037851199853 0.00876360827120526396
4	0.00018532519311360529 0.00038250359391575996 0.00090229444736595590 0.01398465523596135671 0.98061145724462295270 0.00062632754012686672 0.00330743674489340648
2	0.00358640026100647685 0.00009858565587405231 0.97085838402721336138 0.00004071545185217251 0.00024996292694929391 0.02500665586101098389 0.00015929581609505514
0	0.99600624622287026178 0.00014635486776003496 0.00000955290315972759 0.00302710691406568935 0.00009038841811398095 0.00006563899596518126 0.00065471167806511901
1	0.00127903441331877967 0.99754532977020160533 0.00011403360595493781 0.00001153534999641325 0.00015607056402998747 0.00068542897180900108 0.00020856732468964366
5	0.01251022166750434018 0.08141810552001509105 0.00759349584401994813 0.00990458157001101146 0.02677538959976566088 0.84859810005859026560 0.01320010574009411464
3	0.00137342323940087643 0.01010032185973466952 0.00089111114896974408 0.98726938777953077153 0.00011880820492503681 0.00014351551439044095 0.00010343225304865539
2	0.00004467561033852163 0.00014297058889659433 0.99840257787311692539 0.00006891958764479374 0.00096255943696136421 0.00019082409615223339 0.00018747280689147686
3	0.00203922446504124690 0.07609413203705918394 0.00005462874084807389 0.92175312770433925902 0.00001572589612064647 0.00000954940625981254 0.00003361175033179975
2	0.00212343219980848938 0.00007758030035209590 0.99616808609716889222 0.00028035105885725314 0.00068028862218202154 0.00063457187032807502 0.00003568985130275709
1	0.00050763383092340057 0.98379687090123824067 0.00044165349005012084 0.01233341686583746231 0.00024662005713805212 0.00236597580916794508 0.00030782904564614411
1	0.00056255866981191514 0.99785347389011791464 0.00034251814915428879 0.00043551210130903043 0.00015504244671086590 0.00054176718736066015 0.00010912755553564602
1	0.09664992524993792911 0.89769714768427777418 0.00047200343235604086 0.00286739432708268569 0.00146011087041726878 0.00014005826587223371 0.00071336017005617629
2	0.00016985586861059283 0.00008442375718045188 0.99901867108780406657 0.00004146864687810258 0.00013921070877659857 0.00031744101106948941 0.00022892891967906932
2	0.00137953976332892670 0.00066392445336469852 0.95892515518660459417 0.00032931937543623246 0.00540180483392328423 0.03298936384357963741 0.00031089254376214095
4	0.00108252524124483789 0.00081204964218558793 0.00078086169604220065 0.00023816406654017866 0.99394985147728409647 0.00003053126739585598 0.00310601660930743097
4	0.00025152191451194143 0.00137621284525061638 0.00070123620622746484 0.00003547658325029463 0.99577160908976913856 0.00029351139381280901 0.00157043196717719527
4	0.06584632611139909497 0.00272023904710226930 0.00226776084447471516 0.00037774662531946031 0.72361443991342688786 0.00304145474807713612 0.20213203271020008245
0	0.99332528870204117588 0.00374370011164216988 0.00007627348761279753 0.00054448263554897043 0.00076130172018592959 0.00083178990300776393 0.00071716343996114915
0	0.98744984049495276857 0.00161142461839765142 0.00025098775758007071 0.00076436705037769427 0.00222428458235239806 0.00019432411409351380 0.00750477138224612834
3	0.00004185888809028079 0.00004205415859642298 0.00001118864982650914 0.99990182691239004598 0.00000025150139331183 0.00000224004308537604 0.00000057984661793500
0	0.98655258332473128036 0.00083015650368605334 0.00015231709732373798 0.00920123968773996562 0.00059833006242621459 0.00017328046382095321 0.00249209286027182297
1	0.00643196122664170013 0.98507584879871534778 0.00097864934755970134 0.00166817495408703932 0.00008454032818019808 0.00550125563685845143 0.00025956970795628671
5	0.15978030605660514807 0.00660180489746091479 0.00496440141277652933 0.03088206939579384719 0.00100456986225050046 0.79428057389944939359 0.00248627447566336516
1	0.01376026794326599967 0.95455260640530248395 0.00285031217305274946 0.01819978274945377797 0.00747296269331538653 0.00294025992332463135 0.00022380811228401884
1	0.04273447408492854482 0.85527755068613831035 0.01909983020333273079 0.06808200091271800203 0.00305366937298712270 0.00537029963880967208 0.00638217510108565669
1	0.00112486436377008886 0.99819226508283676047 0.00004735361465119468 0.00011298776985206736 0.00005453390796062549 0.00045761034577854615 0.00001038491515073789
0	0.99467264804430377545 0.00109932377782064939 0.00022342458088967830 0.00092298500825307929 0.00173294273697735340 0.00006064221240228080 0.00128803363935295801
3	0.06369769721279286423 0.09402728066406225438 0.01379233961326961806 0.74781944345404904873 0.00802528312512915815 0.06827587121767894618 0.00436208471301793074
6	0.00059051026483332469 0.00006092490938117029 0.00004982962862834697 0.00000107172911556752 0.10349872030512211052 0.00001264503644071141 0.89578629812647891928
1	0.00034025018889161779 0.99738714793387561741 0.00008827638671270242 0.00001504838411389880 0.00000742484678841734 0.00201787822332372309 0.00014397403629361072
3	0.00027801199754253576 0.00036951626255920096 0.00001889742898053874 0.99906558481549412321 0.00013316279457697985 0.00001446279686767356 0.00012036390397913634
1	0.06863325866627668914 0.84827182831880465486 0.00247004388274986051 0.06675122078577355733 0.00825286750425707066 0.00473590539528153786 0.00088487544685691868
3	0.00745666827308445485 0.05900140988111510221 0.00613199207931688396 0.92102436518800734344 0.00251592525516003591 0.00305902232731978131 0.00081061699599612618
3	0.00283035864464353500 0.00121441271548871688 0.00338978155030467306 0.96103111428893150947 0.02224386553987623208 0.00417735710071015596 0.00511311016004585648
5	0.00164637220783937755 0.02715917623935278080 0.00270730848941575517 0.00278694770536773223 0.01901082261821182562 0.93825419671076204509 0.00843517602905074701
1	0.00931904850626328295 0.96009562418425997699 0.00657457317363412379 0.01280979294455897657 0.00483338480648332763 0.00138331917698503279 0.00498425720781481545
0	0.97716095271080771756 0.00153611534694581258 0.00041132189333499422 0.01714942376753851930 0.00072200795711135977 0.00008552790026081308 0.00293465042400068571
1	0.00004374705738359239 0.99832875864713266356 0.00011388668456479258 0.00071038215687763595 0.00006534547108620228 0.00050409253210925828 0.00023378745084629113
1	0.01578138886792652615 0.95294193998524434619 0.01694694044871754290 0.00372135782426237776 0.00531557995113628081 0.00499085537796117688 0.00030193754475291975
3	0.01110501604985819277 0.00467891000788622519 0.01149292042848165142 0.73356413612797710666 0.00394525667056918293 0.23504331371637585124 0.00017044699885194843
0	0.65789064069764791043 0.03249902361995877370 0.29237172676866174381 0.00075514844974035040 0.00850728821092588440 0.00779336785180082675 0.00018280440126439580
6	0.11529788125177313496 0.00015397748093605451 0.00010957423113081251 0.00124767544429511172 0.00689504377052460940 0.00129398695413266069 0.87500186086720777023
0	0.92978784673247505399 0.00791432234148860964 0.00045335953765237929 0.03123212523630531159 0.01300537934221519462 0.00370391620253198882 0.01390305060733155323
5	0.01926976192651931249 0.00011464349747054948 0.00002790960794399758 0.00013026549684651810 0.00047629952300488947 0.97965489617884549123 0.00032622376936947996
5	0.00030112886208312381 0.00235196838308484972 0.00088335019523979046 0.00072684936108035648 0.00014420339580115032 0.99556534334359647609 0.00002715645911430446
1	0.00052586493940039994 0.99824539001038070651 0.00003205367099142949 0.00037888978268467633 0.00046018438966030493 0.00014426069206360998 0.00021335651481912699
5	0.00699823519376636255 0.00457011930689317416 0.00013989719863592912 0.00096831503632742585 0.00030863246761079767 0.98696984516598529336 0.00004495563078102289
2	0.03957350363045912534 0.16666048837304678343 0.63128785878889426275 0.06669342717449816549 0.03806656112700341349 0.04296783099837424291 0.01475032990772401527
6	0.02052264652532120176 0.03271279768713839659 0.03898392532357892321 0.00281871145922889949 0.01802414298568933218 0.01148016703852160550 0.87545760898052171761
1	0.00552402855255349975 0.98022873139844635126 0.00036184078104325177 0.00443703191974949805 0.00909403303180572782 0.00029700026679749909 0.00005733404960415821
2	0.01133080457252354407 0.00188050056727500931 0.97784075193956210281 0.00001405001212059817 0.00153101904095500870 0.00666730355881254341 0.00073557030875089525
1	0.11142636318799128969 0.83123692876849186728 0.01041885637240134305 0.03185701325864702393 0.01006686303326707888 0.00282186523736495300 0.00217211014183598316
3	0.00108830696754347246 0.01485128834543975734 0.00204360880048371765 0.97985830037770982326 0.00017643759656684835 0.00042068705323332887 0.00156137085902281498
1	0.04001532291907265032 0.93062720919572350375 0.00637984439187954701 0.01646163219254717647 0.00321955516864612249 0.00246537933373390918 0.00083105679839700231
4	0.00004471745435463716 0.00009826375416859734 0.00003403237265843798 0.00001380485785903873 0.96604601113152765990 0.00003740722982542625 0.03372576319960603197
1	0.00037574498485176135 0.99661356703556980285 0.00008667901066034570 0.00278788180903695232 0.00006230879172304662 0.00005245327879114431 0.00002136508936676215
3	0.00158191061721968092 0.00586843001631388774 0.00116359746406440815 0.98811512082902142051 0.00211264095732000435 0.00038824574111025125 0.00077005437495031445
5	0.00444125773249418477 0.00047954260605529645 0.00395952505442328812 0.00187818138717742687 0.00240860946531032231 0.98651686808254690497 0.00031601567199250581
0	0.85676761211948404551 0.12679470433779657657 0.00001662650400158085 0.01632192405065090515 0.00006189392231089572 0.00000062332115844245 0.00003661574459773528
1	0.00843198366152592485 0.95464136351787931556 0.00593970262506222490 0.01411225595540545504 0.01450935003783892889 0.00101059249593536096 0.00135475170635214037
6	0.04573155512888601310 0.00364581357239012870 0.00156606833260156163 0.00048704484220151248 0.02614729505264008769 0.00461999715913056011 0.91780222591215021577
3	0.00167566270814503227 0.11086269375343157928 0.00281871252455976815 0.87899850495368159198 0.00365189671481402130 0.00060242442857150408 0.00139010491679676489
2	0.00280214558433648005 0.02917829679547104260 0.93885765970931889246 0.00013069070760261546 0.00610269050119493194 0.02278093967386502980 0.00014757702821120028
2	0.00029312819515619722 0.00436891108000058911 0.99474214969610263992 0.00006624646204491039 0.00003814231056311892 0.00047996775333744790 0.00001145450279411169
4	0.00055030269902088069 0.00871310425992073180 0.00091586051649307314 0.00356521071813393434 0.97991847671364562533 0.00090418039421034685 0.00543286469857492786
5	0.01703410566448676847 0.14787521116111668196 0.00048115739599086658 0.00007595911035761733 0.00441555811359714816 0.83006340944891321421 0.00005459910553746514
0	0.65157706515092417288 0.03017315904894245920 0.00031135226636598394 0.00024382711228260954 0.31272975082554449466 0.00021466135624036817 0.00475018423969974807
1	0.07195698611380452192 0.64899778037416522292 0.00414438635348223557 0.14091042711182641400 0.06665990320563525140 0.03270027118932330307 0.03463024565176309882
4	0.00016474420071839273 0.03701756781491020998 0.00625546194767168627 0.00490859863613997069 0.94715754038750021859 0.00169976293701756885 0.00279632407604201621
1	0.01492285054331702471 0.87675685791248603174 0.04733228742499542147 0.00895408426200437410 0.04235785452204987589 0.00622025641989207463 0.00345580891525490560
2	0.00003135169688527140 0.00000805578457014043 0.91925011883130447465 0.00000159014395054659 0.07858428496671143737 0.00030628983410344246 0.00181830874247329035
4	0.07886135737689231595 0.00473360871011349865 0.00012200093128087276 0.00405418815514869014 0.91184578720568865151 0.00003354044905672398 0.00034951717181880233
1	0.00627771454856245956 0.84800082740013915661 0.00681244944793400579 0.06760837832144775406 0.02864032240213379085 0.02087198449460548125 0.02178832338517642381
3	0.00081820127117086111 0.00069498901326034564 0.00016728756233737072 0.99826477112320588514 0.00001347178236728999 0.00000416467532701560 0.00003711457233089316
4	0.01685417164970846177 0.08536168393180310066 0.02165462170818791693 0.01545925716065812278 0.83181318547698634980 0.02416298489331090288 0.00469409517934534729
3	0.00341269063618628542 0.04641689011602229131 0.00112924724577819044 0.94741372607594021016 0.00018177869709018143 0.00077486592780026697 0.00067080130118282646
3	0.06231680939119115664 0.00136482661930851590 0.00277576303528215404 0.90077801109511113076 0.02630358862610091344 0.00335840265577301827 0.00310259857723262566
2	0.00009071018096640322 0.00006486541942153774 0.99962930956910933666 0.00002408258138639949 0.00007647085443992528 0.00010331648235746752 0.00001124491231851986
1	0.02718279839433492689 0.95642308564047917585 0.00195871826049975450 0.00757712685267868894 0.00594060117768052936 0.00065270622947726539 0.00026496344484949969
0	0.99801996104011603261 0.00032122088172023712 0.00003059278313518922 0.00017385667919440713 0.00081621502426815033 0.00006730617934706156 0.00057084741221866933
1	0.26420736849597720175 0.73290012291594008875 0.00003435004085283358 0.00018808577677378283 0.00153869142669906000 0.00044970525035208569 0.00068167609340451523
2	0.00006143844591513856 0.00003185307500728541 0.99947634765117254751 0.00001568110940917732 0.00006753301978940126 0.00033201016255219435 0.00001513653615254791
0	0.99619974671861699633 0.00046169184894697361 0.00005987422176658323 0.00207520966227749733 0.00010816678336002379 0.00020201335545180446 0.00089329740957995777
2	0.00001249286585331250 0.00002867469813248138 0.99631131476139145331 0.00000160881047150595 0.00067285556106409165 0.00287079101204428932 0.00010226229104269146
3	0.18579227797765127117 0.01363022559056393558 0.00082724470048051971 0.78313709034624101601 0.00678822864367981116 0.00018593273830215767 0.00963900000308153676
3	0.00504643752583837368 0.04448640157139550216 0.00315342253716225686 0.93990873336559288553 0.00312815494603935424 0.00326074266794547417 0.00101610738602636586
5	0.00005046324866700740 0.00040645500599138221 0.00128991917695616375 0.00002913903124169345 0.00001322124980154877 0.99819748941844821388 0.00001331286889463128
1	0.00280964545759186841 0.99116441323050885615 0.00103623802468232312 0.00358278827733816323 0.00031848757190904129 0.00091406237565081535 0.00017436506231982777
3	0.03681072969975347775 0.06798236160890971935 0.00298526260139558982 0.88731765065041567908 0.00128276581013569133 0.00214064489761802215 0.00148058473177187276
3	0.00108674534829280157 0.00788133442944870949 0.00001720506640455518 0.99097866706179305041 0.00001189991912182726 0.00001814679630747233 0.00000600137863132002
2	0.00000406813666064885 0.00001685758153471450 0.99995251112667826732 0.00000207909266984386 0.00001436671862291492 0.00000832075352040556 0.00000179659031473861
5	0.00232093192537220164 0.00016096072686326525 0.00013388784481884340 0.00013905336559795736 0.00017493731269391707 0.99701001871564476353 0.00006021010900909557
6	0.00244924849298330674 0.00534774755482565929 0.00045311806260941279 0.00047985249024196607 0.01525932232010390396 0.00055551446695680906 0.97545519661227930719
1	0.00383231718611247874 0.76568435272880330800 0.00172168507681904823 0.18289693253565150743 0.01051486783000937092 0.00084360553598362769 0.03450623910662112964
1	0.00269684619428067155 0.99193503052227116612 0.00169747362508860687 0.00140537798592384015 0.00014215743627425139 0.00195605999706681064 0.00016705423909415160
4	0.00863646988868652966 0.22441490454394147358 0.04327294123123285458 0.00006013639360327424 0.71810704730827823461 0.00378399690695334313 0.00172450372730410654
6	0.00061622314014918203 0.00651064212584798793 0.00084351928539422045 0.00042429482489304940 0.00211541632750363766 0.00005602306336738067 0.98943388123284470304
2	0.00055767998049311058 0.00428396981181811045 0.99361136695613494485 0.00023790869200571749 0.00050634623095216643 0.00072562227449118259 0.00007710605410559640
1	0.00272521156037217136 0.99685785129737247701 0.00018574198237329009 0.00009091305060105525 0.00002315801532425575 0.00010621762910786169 0.00001090646484991075
1	0.00210488504352433423 0.97840202685009802774 0.00156835566611048319 0.01309755746388524891 0.00308701138151571894 0.00138672087182038577 0.00035344272304574094
2	0.00006978373216286691 0.00007352404627165126 0.99902456585934973354 0.00005251535192694571 0.00015365830544819534 0.00052809229157176020 0.00009786041326978774
1	0.03055793796329026035 0.71956612195569635837 0.10210178949665779657 0.05886561629473023582 0.02396699545673481105 0.04758066167806545427 0.01736087715482542704
5	0.00000442069709091710 0.00000240586709725335 0.00241230738257952127 0.00000063532666192951 0.00021491028213563605 0.99734627018379495844 0.00001905026064052320
3	0.00559733842177213663 0.01741816290798342201 0.00137612881216554392 0.97410902084674855228 0.00029821074286678423 0.00056152119741712328 0.00063961707104646091
3	0.00072820146655906031 0.00364353077964281067 0.00010332834985376302 0.99533907893775663833 0.00001595794395528617 0.00013161295950448265 0.00003828956272774218
4	0.00050922489272332448 0.00059120369939349581 0.00052062955070328266 0.00069151158051045829 0.99595154646615624561 0.00136593728416287618 0.00036994652635080979
6	0.00054621770984730571 0.00001383875853507522 0.00001940153344345070 0.00000144496327352689 0.00063772434679564601 0.00000222586286286983 0.99877914682524238099
3	0.00715109470348910571 0.01785650034133421521 0.00185060022254651137 0.97074436896076909953 0.00076233513751240527 0.00070686552535543688 0.00092823510899275310
1	0.19343210390765580575 0.80522136683848721805 0.00018029151625303973 0.00020015005200854524 0.00004121314226005789 0.00067975996867359961 0.00024511457466149656
2	0.00012141744493120213 0.00012866655997454163 0.99906992369883362848 0.00018382106283435504 0.00019202855773242273 0.00007944181979670512 0.00022470085589664657
2	0.00010889878546591408 0.00002951999624883137 0.99964995961758895682 0.00001610981629951891 0.00002654663814057901 0.00014118583277853520 0.00002777931347790160
2	0.01390999892262824791 0.00864195879530606746 0.93870094656240277153 0.00354544148532551793 0.00261893634563567382 0.03093165114501226706 0.00165106674368901713
4	0.00738784873290053087 0.00329980446934411299 0.00971536048619846444 0.00188309292948434567 0.96093562340203719785 0.00015533831880232914 0.01662293166123353372
0	0.96199892854786328567 0.00489392268079632143 0.00050541693975613160 0.00432841794653627144 0.00334849558829912247 0.00400145267812216255 0.02092336561862643760
5	0.00007049212149581729 0.00037620520578639000 0.00017162122613467734 0.00007589487126575255 0.00053750005297893927 0.99875487152775344057 0.00001341499458513882
5	0.04552062238662232807 0.02810396340386875358 0.00527175480465832264 0.04236882381619120480 0.00509390281473610668 0.87283822102177144320 0.00080271175215172437
2	0.00354176468078519621 0.00090679597222208610 0.99170869845015263699 0.00156402713737911151 0.00050930547956112154 0.00172981087452316355 0.00003959740537675189
2	0.00062357901379165041 0.00022087461578791548 0.99811874905184916340 0.00016655389209013281 0.00025016768418252290 0.00055845565140180751 0.00006162009089663085
1	0.00072344524725650430 0.97972230604815824240 0.00449582565986148420 0.00586657968377068701 0.00081851970751243511 0.00744643571341616420 0.00092688794002514468
3	0.01319591140173211399 0.08231791979885143273 0.03430412606027940375 0.81616815718057567075 0.02790438346701765507 0.00994838390544276752 0.01616111818610183742
0	0.99259347843303491477 0.00331113852935604937 0.00024480128545798668 0.00126838588914291589 0.00170425900936723557 0.00025421465704105541 0.00062372219659996304
0	0.99680615062767741197 0.00221025384938721911 0.00004916753658020753 0.00011662924058583290 0.00024750559349378317 0.00014252459336116746 0.00042776855891453626
0	0.82418642213875248359 0.07729374102787346656 0.00520031470579187388 0.01821441389507273342 0.02143920544287229377 0.02924525368364199948 0.02442064910599528113
1	0.00810702369625010758 0.98482537338533615578 0.00123760149659376899 0.00336923782381157687 0.00188628851215938550 0.00039395719225918645 0.00018051789358953030
1	0.00586359137591280482 0.97118628086172997804 0.00375651402665414923 0.00590023859683286994 0.00632501451285308672 0.00414868179649915611 0.00281967882951779120
0	0.98363907392092941873 0.00517708006073987377 0.00403731291455069682 0.00125230964673379006 0.00051665091376061471 0.00070964962113377985 0.00466792292215182508
3	0.00040105631940664713 0.00051388325723264146 0.00007070948169284379 0.99892789846762763961 0.00000451362260058991 0.00004515117901021971 0.00003678767242969977
6	0.03985265463671484182 0.01404220237458860855 0.00468371745782583237 0.01624022124554594729 0.26186373795601969316 0.00743193433363676693 0.65588553199566856922
2	0.00011081189904101378 0.00001007724952615374 0.99957800385600303894 0.00000068375533982452 0.00002012745038974731 0.00026439174163942961 0.00001590404806189565
4	0.00128631976851446687 0.00060432164363292528 0.01271626758038130016 0.00017412565735384927 0.96882087116434711938 0.00227519228594969545 0.01412290189982092110
3	0.00668220642277875428 0.00112774134010517734 0.00005823286486915137 0.99156280236148686136 0.00047452324653770575 0.00005397404152393619 0.00004051972269755974
1	0.00774490535502961753 0.95697185286817176841 0.00138135308484278328 0.00100587362280841162 0.02440901412256624159 0.00113909012404836136 0.00734791082253174067
3	0.00591832829409960539 0.00058347683640566736 0.00445366418006023362 0.98825643788275463475 0.00009854278366073423 0.00009813913563630540 0.00059141088738276038
0	0.87486397481645739038 0.12400102472995348790 0.00004692072010349219 0.00025512662730347289 0.00025101010612073787 0.00031210234677538117 0.00026984065328611930
0	0.97955921587445493603 0.00626622225309035781 0.00254802937144427534 0.00463671841574029523 0.00036798264828707500 0.00518788774722980101 0.00143394368975302772
5	0.00412672417916791837 0.00600018774865734676 0.00012343473747904976 0.00003132328823437925 0.00007230500198340859 0.98961680182352296242 0.00002922322095564391
1	0.00331562371851567075 0.85252381519868336568 0.05923299362024308373 0.00005425758099526043 0.06916993226388490346 0.01486270388974469253 0.00084067372793238018
5	0.02415848551370282024 0.30944780658806531060 0.16893433788045672528 0.10289477859275106275 0.00838680840138575703 0.38164943653240246402 0.00452834649123554697
5	0.00086258484116036197 0.00003739806201818322 0.00005943456327138787 0.00030878188683632166 0.00007683016590745086 0.99856360496375318192 0.00009136551705273494
1	0.01164963215959527280 0.90387358344010271249 0.00320160333339811068 0.00927901264576453007 0.06786965246013954012 0.00354873852509930221 0.00057777743590041930
1	0.00471199122680505868 0.99256533965799764729 0.00021252972824881245 0.00012914448246413934 0.00009543819178669949 0.00223118607998872877 0.00005437063270929564
3	0.00667715279800138676 0.10647351716560185531 0.00064580786071437150 0.88492252386825231980 0.00013025983161364316 0.00071356463764196546 0.00043717383817429756
3	0.01048386814712870714 0.22592436801477838726 0.00616762062837777035 0.75157349865638101161 0.00029887790184607847 0.00455861782164986105 0.00099314882983851942
1	0.01587853622768745435 0.88613200168780226207 0.00319385153842078294 0.00230618422013128014 0.00190357692538324825 0.09045448724186999634 0.00013136215870384146
2	0.02171343895936624427 0.15960290653767966740 0.74202541121450105166 0.02315183658274344580 0.02233333998359478961 0.02396377773101067074 0.00720928899110411490
1	0.00013221203765582614 0.99585143060414049732 0.00024118363664873849 0.00349237047891293303 0.00006960072898118958 0.00019594185501108766 0.00001726065864813176
1	0.00042878891803018197 0.99887341451738131948 0.00006087682836609154 0.00021912703113826200 0.00004034087634088738 0.00037085476766741461 0.00000659706107467447
1	0.00409418667184991737 0.98530178373258703317 0.00079789841269040302 0.00745890621248521297 0.00152292924967988887 0.00067646197552815896 0.00014783374517914307
3	0.00119227566733462703 0.17088267906626788961 0.00016236211324544431 0.82763113101685503725 0.00005560974832083782 0.00004505105749593358 0.00003089133047965987
5	0.00439500680047680368 0.06016480155912313360 0.00395547044251890779 0.00159945568617175186 0.02263959791993261708 0.90292575468122460158 0.00431991291055149485
3	0.01092458658752483089 0.00851110078320228662 0.00022670618075627770 0.97901750836600320849 0.00018998210445324220 0.00102652794403768131 0.00010358803402258989
1	0.00907311786235386747 0.98340745482460278915 0.00048544554578524007 0.00131626217362832169 0.00251782313510629397 0.00231337890178429789 0.00088651755673945008
3	0.00275160604581795899 0.00243702374509159299 0.00110346804068360256 0.98902769034771365053 0.00134041000289220882 0.00120279902210122000 0.00213700279569978106
1	0.00074563376128685408 0.99911666628039286220 0.00001895425932733056 0.00010194084360104388 0.00000532007659166816 0.00000410665829815078 0.00000737812050210152
3	0.04231789581362968566 0.03955147174315601366 0.00108164131902449947 0.91375085890692320234 0.00007337803481886875 0.00319916616992725698 0.00002558801252066751
2	0.00033040021396439054 0.00007243582973103461 0.99953559469713038066 0.00001712518049942023 0.00002867661755444822 0.00001185110387521812 0.00000391635724568659
1	0.00303991223895323836 0.71967745459036491784 0.00028992397064118910 0.27682853623051761893 0.00001841263954768972 0.00010508959323784739 0.00004067073673730878
0	0.93479200634045722662 0.00527338207971176157 0.00064744731595833664 0.05032118570221348619 0.00485581384171200441 0.00100037698239339350 0.00310978773755360861
4	0.00136763968411918787 0.00661410770267065098 0.00511807979877478610 0.00145015990371656265 0.95440359435932764498 0.00055198483222445585 0.03049443371916656098
1	0.00110183175100677386 0.99113182768087038088 0.00315454120636081371 0.00176512447856217282 0.00088429413601428413 0.00188240257901029786 0.00007997816817536113
2	0.00051891770078132471 0.00008763154087965385 0.99890613855860022063 0.00011957911045797092 0.00007764326413844212 0.00026744219358362581 0.00002264763155994201
3	0.01814866253619964315 0.04139798549359929164 0.00178510054149012267 0.93740029083052256453 0.00000492129393454577 0.00110359377095621504 0.00015944553329765075
1	0.14085923800092134406 0.75475883270141330694 0.01976916001481634003 0.04547977604446303002 0.00649189931815430474 0.01154508617330003706 0.02109600774693168312
1	0.08669739869878857752 0.84440322218314844971 0.01033860333601577079 0.01738320624457185409 0.00989009943295108586 0.02618767553524886313 0.00509979456927574151
3	0.01697595512730903922 0.01133803478980326823 0.01103751223880206772 0.93163384677083982410 0.01805679355256419386 0.00197100102613768794 0.00898685649454396447
1	0.03054415764209658657 0.91378364250876442654 0.00027191856470524264 0.05444734047817376826 0.00014327800778669140 0.00034431653604887445 0.00046534626242456298
1	0.02893017357641181758 0.91916170659998330805 0.00668773553548606368 0.02386657118702051675 0.00934684123935919549 0.01082827365121343498 0.00117869821052622899
0	0.72277475203426011507 0.25512870521963659787 0.00386519471010990769 0.00281372900335284280 0.00435889891813532552 0.01018122508111771359 0.00087749503338753097
2	0.00088940776275861575 0.00030052525281066628 0.99672235312145973651 0.00016195773454162469 0.00044967301025067199 0.00140240832872885659 0.00007367478944977649
1	0.00066949583781696835 0.99552445459257854488 0.00055046085976752433 0.00015385830920547087 0.00013253527456818015 0.00286385646761350881 0.00010533865844891277
