0	0.96705518954564273493 0.01149187913522814984 0.00062257418859188308 0.01753930634662685673 0.00102394492999831896 0.00062243528679897298 0.00164467056711308283
2	0.00054638092776004767 0.00019577316859399293 0.99001384783667567557 0.00023081665941242636 0.00592376576042760294 0.00287071121798130550 0.00021870442914930812
0	0.89286432382806413255 0.03090408013232640375 0.02079386682409738521 0.03309643891849766567 0.00854580815187320347 0.00766124692064126030 0.00613423522449975129
3	0.00001016350872840071 0.00005665543228780669 0.00000080391968144742 0.99993152810927821150 0.00000025745238399300 0.00000047344896295129 0.00000011812867690596
1	0.05268956939720900734 0.77373095165496486025 0.02170285473849890151 0.12610051274445205349 0.00941230384153208394 0.00324459817398381391 0.01311920944935871143
1	0.20847477437546749202 0.74846269995932268593 0.00097342029852117145 0.01859673211617890454 0.00155281118412996743 0.00258761558355847122 0.01935194648282149987
4	0.00475839122142682203 0.02194156892641112300 0.01364318549216485266 0.00210558071100797137 0.81937188787841130910 0.13399605590849450465 0.00418332986208346837
4	0.00321436928918652012 0.04052583740560841002 0.00536448443610420232 0.02114850503726359993 0.84044798492789252187 0.00311692215716962177 0.08618189674677478873
1	0.08378602807518321927 0.87759454473036146993 0.01722658461827507662 0.01318735532107150055 0.00130248930772588621 0.00396387098383640512 0.00293912696354657393
1	0.00052448525584600821 0.99782106957406335734 0.00010137900029718576 0.00024691491847040936 0.00014175462125275138 0.00114519696160733566 0.00001919966846279112
5	0.00264922102201048913 0.00665664852617494328 0.27795492653204378897 0.01144292359500984242 0.00004865471609911654 0.70016952205979798851 0.00107810354886408674
1	0.03577961816166668613 0.96154188377599747461 0.00057088453565601641 0.00018504711975465019 0.00029403954565657326 0.00089435461913023697 0.00073417224213822782
2	0.00002852517693488407 0.00000852476554964767 0.99953485904460404043 0.00010418302380117047 0.00014599725369821609 0.00008811252023122905 0.00008979821518185268
3	0.07575544098231749846 0.15987949339401688609 0.03741782892105539188 0.68204904654523779151 0.02434110448938955548 0.00859666709404192930 0.01196041857394148158
3	0.00092901014652774900 0.00056315304740342379 0.00046681854557850552 0.99797498850959975858 0.00001781542598279534 0.00002993668085737530 0.00001827764405061736
3	0.00037673539611389728 0.33094995232453400247 0.00020642511742290315 0.66614007538509256712 0.00171839402432368655 0.00047269105150275222 0.00013572670101033899
1	0.08531051281411231035 0.64075046430148652199 0.03258170649142649172 0.10977829095242488955 0.05130254897526781432 0.06458266115987523759 0.01569381530540684550
3	0.00034596256636065597 0.00209798552867712261 0.00028227383632541960 0.99711230176676235448 0.00002856560588105670 0.00010059028768129064 0.00003232040831257994
2	0.00049671014975309093 0.00009592371057822382 0.99585336343607600007 0.00056093702666265132 0.00272238013477633239 0.00025377999672582344 0.00001690554542805858
3	0.01905955863960361388 0.03854394408429599739 0.04058327294112180905 0.73392135471585850937 0.09281109465068076991 0.00684626181524952953 0.06823451315318976307
0	0.45839688525494526328 0.41325721439298351845 0.04012014194562971148 0.05954441263912868543 0.00578182778136953571 0.01235893474594859133 0.01054058323999461540
5	0.00214678452141760711 0.33406307849115263187 0.00416766944874140052 0.00064877752039781253 0.00279450138075332038 0.65587287999759780188 0.00030630863993897815
1	0.08084871026927480109 0.89407962581895961129 0.00472632980315961741 0.01204238624895628829 0.00135157883592922838 0.00481179393028922063 0.00213957509343096338
1	0.00526443184704375976 0.97992662267060881565 0.00252012305077813038 0.00849144261052547054 0.00067007458595680315 0.00296437656698181774 0.00016292866810419364
1	0.03380030331514607966 0.91438134015055272386 0.02036999192632010097 0.01736365929606062744 0.00564904332973968203 0.00556113952874830956 0.00287452245343265168
1	0.01028283036681464438 0.94097821177390794656 0.00532785527475535068 0.02822564656463656674 0.00237414923442764558 0.01153577442977954393 0.00127553235567895006
4	0.00124810831964932258 0.00348730913253740473 0.00708199456633195040 0.00107177524343589369 0.98320655061012485199 0.00113231055651889269 0.00277195157140212390
4	0.14857892113614443175 0.24491644624657846196 0.04276753303391137018 0.14914611015477013956 0.36403926094253480361 0.02238751516090884547 0.02816421332515175319
2	0.00028507896520098139 0.00024888113204919970 0.99904122206832579600 0.00007978071250316636 0.00006193500101090465 0.00028185227562389716 0.00000124984528570597
0	0.92045875752935646386 0.01748937711111430218 0.00458829090541397217 0.01879537193894268224 0.00959317226152616581 0.01854331486598368231 0.01053171538766235066
2	0.00082935522460466423 0.01430874944214662048 0.94840307665574064000 0.00588637635040612818 0.00497837973921767991 0.02056638679901557840 0.00502767578886877640
3	0.19079894304811431671 0.05543965232957163980 0.01711099354894102600 0.69739047536982712305 0.00372974427798513633 0.00385556161429221169 0.03167462981126838162
2	0.00223520771026928773 0.00016082959196548363 0.98229105063204580350 0.00003944383964775245 0.00014359197338516320 0.01498528177329194570 0.00014459447939564767
4	0.00009366481048334954 0.00007311640276542604 0.00129457592796718059 0.00000838660329344031 0.99734578722660383043 0.00034881385027120084 0.00083565517861416267
3	0.00146746142000871898 0.02793643719287472807 0.01953267814361863211 0.70631250809003143232 0.22948445687150678673 0.01065853987091430408 0.00460791841104473462
1	0.00417483265900560341 0.96519586469980789278 0.00536958466486631408 0.00496199009735914711 0.00785626166432671323 0.01148091171266264580 0.00096055450197208886
5	0.05160427269869842515 0.11341141962263022458 0.01371961007163019844 0.00072270314554496908 0.04725349773668408720 0.76969842894213691409 0.00359006778267516530
1	0.00582503937738664164 0.92532632467966235978 0.00948329942752703867 0.05183503358200406558 0.00167421135940296669 0.00497195640224162502 0.00088413517177611783
3	0.00035468135065494744 0.00083062453516597162 0.00029181829613391004 0.99829455303600855842 0.00002467807685521582 0.00011243178901954860 0.00009121291616187238
3	0.00311047242579873652 0.04128171963510778031 0.00648519937721445984 0.94696364499876051202 0.00036290810211143276 0.00023343113211629261 0.00156262432889073375
4	0.04389161818503117124 0.06286174093575651323 0.03153300668495670478 0.02176548827183056103 0.73270776623525535332 0.05663029417082438011 0.05061008551634519487
4	0.02799681013843331387 0.02639699581670466172 0.22268991592829603943 0.03001017357749822742 0.55927050633295372073 0.06308405762329408195 0.07055154058281995488
5	0.02653956976692904701 0.02425651300167162155 0.00360631789695502148 0.00304144321062151547 0.12434462519062254582 0.74708740818047347787 0.07112412275272692042
6	0.00015169002047838714 0.00033365413011871199 0.00023295652268577995 0.00018249561228609332 0.00090790734434980367 0.00008227810973506449 0.99810901826034637008
1	0.00020029123511005700 0.99937629630818969328 0.00005023565737200914 0.00007181687030848098 0.00008617414961385183 0.00002433597677448626 0.00019084980263163091
2	0.00039432014080488054 0.00166972022064154732 0.99246040588436645891 0.00060561593958397344 0.00130934825719112354 0.00304809848411232527 0.00051249107329965401
1	0.01154046010502855248 0.93474484668734414416 0.00340649510839160629 0.01754770647611230555 0.00088084338251051011 0.03021543686611611115 0.00166421137449754264
2	0.00059019582834671117 0.00122512438086045642 0.98903345785686336278 0.00118969229428388633 0.00415646504878904206 0.00270972583827707109 0.00109533875257824490
6	0.00365004739226010462 0.04972327027003065059 0.00643163135068048047 0.00485815851463193733 0.06348792294422835047 0.00271499267484639649 0.86913397685332216547
3	0.01478871903981838175 0.03048704218579234224 0.00034523849744285312 0.95262601915216094106 0.00044284219200249153 0.00078396155128951774 0.00052617738149268831
3	0.00122868786686717744 0.00168794700108842121 0.00022895133233492509 0.99681482179131264409 0.00000543873117545067 0.00000587358385641170 0.00002827969336384045
0	0.88309896860956427211 0.02779251900439670339 0.00249007732284758357 0.01613183169324079042 0.01444840427491372176 0.01429231537192272687 0.04174588372311451717
2	0.00020861719972312110 0.00058677959911296947 0.98895571771294699115 0.00015042622242746390 0.00107034463042157647 0.00877439875966188124 0.00025371587570687399
4	0.00051932528427180429 0.05967289544618014502 0.00153645603418102569 0.02518235849926836120 0.90832451638701228180 0.00263527687915203956 0.00212917146993446809
3	0.00147802041278574073 0.01495983932695550342 0.00011383009072547349 0.98305183820843367037 0.00034008657121279123 0.00003581611577783723 0.00002056927410946489
1	0.00093003950757995031 0.99610069710523163611 0.00042885495290152038 0.00188473999660473523 0.00006855907899400313 0.00056871593330001607 0.00001839342538853201
5	0.00131968376210282864 0.00015627017104925803 0.00028578953889468842 0.00022255770747528741 0.00016703879710622740 0.99742667926012751334 0.00042198076324387611
1	0.08305226378444284518 0.76292778326562493696 0.00369557168853657534 0.01794427925468449966 0.07018506340002798882 0.01560688216323405896 0.04658815644344935225
0	0.55825426619677698259 0.41447727631047159846 0.00125378732529826307 0.01726653578815384726 0.00153882799422628831 0.00628854650528527966 0.00092075987978752283
1	0.00297969081730654157 0.98133012593341439889 0.00035839323468383864 0.00833286019127667255 0.00552078773117274050 0.00093330956791812334 0.00054483252422783267
3	0.00003583074289364429 0.00061740082306693974 0.00044805151830574222 0.99853746793611630750 0.00000556470679228489 0.00032324398932828652 0.00003244028349720678
1	0.00031615026257524444 0.99834041820188212935 0.00055359177909949139 0.00040038804449392932 0.00014815652904921181 0.00019152278481664631 0.00004977239808514313
0	0.99646242286845621017 0.00078476461144433610 0.00003778346176452264 0.00051244574512478895 0.00041853483867505088 0.00018765898162160187 0.00159638949291350269
0	0.98748653229733196479 0.00417993213988547378 0.00091866046987803477 0.00506905642554476583 0.00089887650722700145 0.00053438657134966124 0.00091255558878330120
3	0.00024696599799187201 0.00704775023575306310 0.00005468512424910866 0.99231002131073331451 0.00005075490403387999 0.00002795126340919976 0.00026187116382994229
2	0.00064663272918846304 0.00032494450601257112 0.99773256386860187384 0.00065538936172417940 0.00028134803230231404 0.00031595129604059500 0.00004317020612953290
1	0.00741481403152397488 0.98392272674601877203 0.00137441826213998038 0.00513319864455434854 0.00140181763192374692 0.00025139250937292299 0.00050163217446679866
0	0.81221257373856969863 0.01786224383164553356 0.01119783057103055160 0.00824649798131004731 0.03293242208862582482 0.03394912930565019415 0.08359930248316810308
3	0.00147266242605888697 0.03336580997452344433 0.00006346538707277658 0.95833736099156252575 0.00611298762636999782 0.00042349167501880020 0.00022422191939297322
1	0.00017652872906813430 0.99788696516950559090 0.00007936034765886276 0.00081385402218327207 0.00021953445934485885 0.00010303034155348690 0.00072072693068556679
5	0.00004474537992343171 0.00037678370250492495 0.00008782673588214483 0.00009983142967966130 0.00007464407006385260 0.99926441723795844663 0.00005175144398696406
1	0.00246198000082781341 0.99355993951178156465 0.00030794205255743785 0.00295560248304702284 0.00012559021355823557 0.00038761186636699507 0.00020133387186112048
1	0.20405441814178648663 0.65895430054242509765 0.04266598928632944071 0.06804112757341505835 0.00423280567841428836 0.01792952924310938986 0.00412182953452008231
1	0.01632046266697439671 0.97108180469015981107 0.00017888524959281418 0.00214598508748571268 0.00256316836634877705 0.00513452678784114165 0.00257516715159687888
2	0.00249377520984083757 0.13519565496773672253 0.84503256728829756472 0.00053225804857398899 0.00060674343756034546 0.00728382686638402461 0.00885517418160646809
4	0.00012773834200108529 0.00013553897762495320 0.00071046205173682731 0.00734048994619388492 0.98642581443412369335 0.00038588841885924246 0.00487406782945903286
2	0.07858817017622561629 0.01183869457922029009 0.85634575524382683387 0.00419844223814796070 0.00412813958199802038 0.01673256980358243245 0.02816822837699916454
0	0.99606316222731539067 0.00020338881242020740 0.00000615178516379892 0.00327141688616002435 0.00006015082560917778 0.00009979705584852595 0.00029593240748272492
1	0.00132476399584334080 0.99730502635648465848 0.00011208717497681231 0.00002121321255137140 0.00014979489651079978 0.00070782355085908025 0.00037929081277398799
5	0.01062597738297765479 0.07371194122976891527 0.00763904169405615723 0.00657974586708055809 0.02343087004563964779 0.86597280157616207674 0.01203962220431512020
3	0.00043435206255709182 0.00948010404637738072 0.00065541640742611208 0.98906621638636604832 0.00012397038864024964 0.00015317965026609079 0.00008676105836740896
2	0.00002953371924083420 0.00007019135212266762 0.99920166314008262987 0.00006076795394684474 0.00034565458525536238 0.00021774537039616777 0.00007444387895618600
3	0.01827680283304437825 0.05233144974965012880 0.00284641942501153789 0.92017363996464085485 0.00166886301645989511 0.00042075586717789571 0.00428206914401495740
2	0.00260397231751917325 0.00006556088655463912 0.99491733462987241854 0.00074741105948195215 0.00090117303199359301 0.00073244178225454761 0.00003210629232471051
1	0.00018809402425877688 0.97894857533224199919 0.00030279035876244948 0.01787047834986117342 0.00018818206030250432 0.00200145129489869315 0.00050042857967363117
1	0.00033965210318245744 0.99755817726127238299 0.00034433737631206778 0.00070735826639772197 0.00011980739082910066 0.00077426050390924075 0.00015640709809669573
1	0.02116136713556890370 0.94224809704457423987 0.01152893643844880509 0.00881948938886354707 0.01086308600336347713 0.00128207296314234841 0.00409695102603840379
2	0.00015134068656120741 0.00004901171154107275 0.99876209715762553909 0.00010235504147515021 0.00019372012064095511 0.00040545229183253030 0.00033602299032464911
2	0.00176325836983876397 0.00055563608430449804 0.96049420717452760332 0.00043925670804350204 0.00341591943197633004 0.03310930905360597032 0.00022241317770360476
4	0.00105440974226337475 0.00048687186750194516 0.00116676574509131064 0.00014613492123643723 0.99528337300162872392 0.00003876199839853225 0.00182368272388013907
4	0.00042851881135676966 0.00083207673370240109 0.00112373239781912303 0.00003233890577838529 0.99551016081192456042 0.00052546744802597597 0.00154770489139311883
4	0.04947477555135684074 0.00126511584889716418 0.00220260117810442378 0.00021419433859293618 0.77252086587553792096 0.00264027386889009513 0.17168217333862062501
0	0.99167135546270257507 0.00487534928218945601 0.00004286337846627589 0.00044750442128236396 0.00055114552311712629 0.00185840181506322739 0.00055338011717912168
0	0.99016480366863357521 0.00160259166528709581 0.00014895713816996062 0.00033327683929233298 0.00266740462469680466 0.00014844450394457389 0.00493452155997599253
3	0.00001911911616952699 0.00005134154762535632 0.00000604429939450637 0.99992214750250696387 0.00000022433832181505 0.00000076187585645932 0.00000036132012669800
0	0.98614059228594175277 0.00137332440279521492 0.00010119495305112112 0.00894834945111956312 0.00091967175525067000 0.00028852372165381212 0.00222834343018792850
1	0.00686447741564004572 0.98860167029465895183 0.00085650388183141615 0.00086599210395284525 0.00009200859935530122 0.00253492629429016934 0.00018442141027048020
5	0.12727050385709132163 0.00459717158876675729 0.00155107778118177605 0.01335241603065416213 0.00021754830933661286 0.85256474906662993440 0.00044653336633960643
1	0.01219613613352198318 0.96378967395545989127 0.00231664152534587567 0.01027445514524555174 0.00913437802241386272 0.00214839915170692442 0.00014031606630641118
1	0.05031091828841532249 0.85386969573644733167 0.01717687063311029369 0.06457552301720498322 0.00336639205396515456 0.00546357403240061747 0.00523702623845645390
1	0.00085294249372937887 0.99806143074274678018 0.00002901287632176631 0.00017371730670484527 0.00002706241607458221 0.00084489241055889220 0.00001094175386380482
0	0.99432245819729325742 0.00195812280312656099 0.00011278634737248707 0.00091444680159320584 0.00154675109991540306 0.00006737324814562916 0.00107806150255355449
3	0.08019854318857336239 0.10648120165213623145 0.01161595123571046613 0.73871781060403463037 0.00909182792485240324 0.04912016501136810126 0.00477450038332468633
6	0.04766310493227773198 0.01417956642356679557 0.00703015672926913127 0.00031569583428573273 0.03781085658946521655 0.00258684430458083498 0.89041377518655451251
1	0.00025915192701673681 0.99593255366533828266 0.00016891594396124102 0.00003461341522402997 0.00000956821253309139 0.00338231618742172160 0.00021288064850317028
3	0.00011792070290907007 0.00054642446316848815 0.00001190717749210530 0.99879033190482424676 0.00031322456463418318 0.00002139026587121540 0.00019880092109974149
1	0.04351174679130617728 0.85710901482329793222 0.00186083885921085597 0.07869801821113285578 0.00874481670240094024 0.00903216886236835916 0.00104339575028322153
3	0.00321037808405254298 0.05795595558438092904 0.00679424486886736744 0.92269603928396826120 0.00412075245252585976 0.00424130250107891422 0.00098132722512602366
3	0.00300247948946089300 0.00147791201550264827 0.00421926801364907143 0.95548898438453466753 0.02811981572202034915 0.00382905193982506975 0.00386248843500793968
5	0.00070799676477127313 0.01316664318697616416 0.00123141057260256243 0.00103852457384537322 0.01077543666062209110 0.96912480524352095923 0.00395518299766163799
1	0.00738151027257712838 0.95880690924457578905 0.00620863453820110975 0.01574099868282939282 0.00383147114615191254 0.00316510840297887144 0.00486536771268597252
0	0.98276677623332175937 0.00150344964050820053 0.00020287776263446341 0.01425125847199313310 0.00025610005132102267 0.00008225533986434200 0.00093728250035672134
1	0.00001302321825462139 0.99849696925788522517 0.00006165813045634425 0.00055065278251301185 0.00008423794250472899 0.00058312092028634909 0.00021033774809969412
1	0.03050456008099727834 0.94288471228094039578 0.01297751756255796987 0.00285487757750124693 0.00249189055002104441 0.00811699503259723405 0.00016944691538505976
3	0.01285021907367888024 0.00251356448509004304 0.00783494724590878128 0.74917672968428572489 0.00450096519229109277 0.22292862949660394167 0.00019494482214175231
0	0.91786725637311228354 0.02619149018299329890 0.01482241664641500284 0.01135859224948654322 0.01016248629023689884 0.01389152212842369345 0.00570623612933221416
6	0.06186611667367883372 0.04219750894394996149 0.02382334356029137262 0.07731344215869301317 0.11685288602477916786 0.13402228261981008473 0.54392442001879770519
0	0.92440934219798165383 0.01588792031256535536 0.00032789804936264648 0.02963725753424334766 0.00901670918548337814 0.00468620310049699864 0.01603466961986672185
5	0.00316715221493320005 0.00468234480137859777 0.00142240176565611859 0.00083787520329247202 0.01242842771936195946 0.97201164911619541975 0.00545014917918253041
5	0.00041703287494441977 0.00232964997718950774 0.00064765004000268318 0.00091494373507072541 0.00010979377456644100 0.99555492455403371554 0.00002600504419276530
1	0.00048547992981840563 0.99797790431421140589 0.00003236979665405926 0.00045001371081591874 0.00069553825859258104 0.00015851445326253672 0.00020017953664535287
5	0.01120106053430132247 0.00505824558037459588 0.00007514429424579625 0.00125544850493412722 0.00040304997782826334 0.98192332482859356890 0.00008372627972218907
2	0.04862868853977662248 0.19560401748235231589 0.60025324374635002922 0.06843888279546479769 0.03518402706784796996 0.03736163234167257791 0.01452950802653618992
6	0.03078205742100022235 0.02967486088550975662 0.03997071353492250012 0.00215871275378476000 0.01297110786903068851 0.01144526200936544884 0.87299728552638689028
1	0.00447081361813152917 0.98096316882377776469 0.00015698912613123454 0.00663582166014458838 0.00750457928139870115 0.00022471712320130420 0.00004391036721633411
2	0.01161794124330066402 0.00119372650114673413 0.97825591830479896593 0.00001241092692215396 0.00144777653173580123 0.00700009966903360897 0.00047212682306103709
1	0.11367592689356488533 0.85514668979202823618 0.00519418051161392360 0.01888683482462168856 0.00475282844330859530 0.00102571221058736701 0.00131782732427503818
3	0.00165063262442691813 0.01653620805963087678 0.00177954106455424036 0.97805755863840437847 0.00021392537766570140 0.00037210249410186237 0.00139003174121746535
1	0.02320556530374710824 0.94222253799244715111 0.00522176857690807589 0.02299534462405694590 0.00314480519356841832 0.00222590069176028258 0.00098407761751202662
4	0.00016367952247960812 0.00067059793806931937 0.00061220078813719713 0.00011820707397694262 0.98766486724185431623 0.00047450398714196927 0.01029594344834080209
1	0.00035349937281730178 0.99485562440205954626 0.00005861196059692041 0.00454953558988686543 0.00005701584046711790 0.00009860253821275530 0.00002711029595898254
3	0.00411460209262572672 0.00683560683640668885 0.00051885600473064008 0.98548090344744887492 0.00201055120960469966 0.00021257822534697740 0.00082690218383632335
5	0.00421993109133383774 0.00025767839053015315 0.00190660184044180508 0.00134206214600623942 0.00132627110464102064 0.99039128380072283253 0.00055617162632409984
0	0.68629668447402913944 0.28492594866682774413 0.00420487350515324088 0.01114816718409236858 0.00983043374346098675 0.00026536995080307375 0.00332852247563367350
1	0.00459564382723832293 0.95312774777788811242 0.00528694852670787228 0.01937038673869703742 0.01504778801093670758 0.00135739693591618187 0.00121408818261516897
6	0.04395068384599809530 0.00212192506368084292 0.00117218285319295934 0.00023769103791334520 0.03353921312273861616 0.00402495886172019555 0.91495334521475601974
3	0.00364236049215708015 0.11975379963096255409 0.00227204920701932047 0.86857329790292103766 0.00365310913620029614 0.00055158553218684694 0.00155379809855283354
2	0.04135712025289960819 0.24856828799063698798 0.39502749168864376150 0.02402522693260079542 0.06855103233768625182 0.20034987432164216847 0.02212096647589081172
2	0.00018457055501261936 0.00137666626724956289 0.99788568034513724925 0.00015143573096454324 0.00002088356134880610 0.00037550780744742779 0.00000525573283969911
4	0.00080570771697291660 0.00587634289422779912 0.00172419612788830227 0.00439204061008994541 0.97810677288696146192 0.00106081308975230527 0.00803412667410716326
5	0.04686524297205425793 0.10744874332013727714 0.01092475225195115550 0.00082490496346181977 0.03170911262085515658 0.79987901263494709525 0.00234823123659308507
0	0.80635600452620403988 0.06441227765518053872 0.01064862818088681967 0.00822188457869117706 0.07315116457625897572 0.00858168661854487487 0.02862835386423363826
1	0.04389538538827041786 0.59996916372217967695 0.00525347682549389718 0.17886516579198624699 0.07569362107139986084 0.05463548953554422938 0.04168769766512577662
4	0.00037975660331079301 0.02886976006750614082 0.00808454253615839384 0.00452624217197255402 0.95259516768466878656 0.00266765649192277987 0.00287687444446009608
1	0.02213860467121715053 0.85139781336389097621 0.05779344892102979830 0.00676554534529186583 0.05187743961986229779 0.00595828161950263859 0.00406886645920610020
2	0.00654387170556785993 0.00094507051981616386 0.88799009472019463374 0.00048291946020829422 0.03063892572455609309 0.00608186098613669544 0.06731725688351995751
4	0.05192604015734141737 0.04759018097494808336 0.00592763233785909179 0.00182527737525275198 0.88736455683221049373 0.00435713054526116854 0.00100918177712665301
1	0.00989144087433250357 0.86502569054090816536 0.00466572080369219780 0.05896489191265184143 0.02247886760699489145 0.02166944320853683714 0.01730394505288310181
3	0.00041488528236136084 0.00108621040249784668 0.00009118014126871678 0.99835257482110040250 0.00001648189323895572 0.00000482916998558230 0.00003383828954752243
4	0.02605823554117513499 0.08133744178193405561 0.02307797612987629726 0.01764752492044967605 0.81224090042380125976 0.03360988294907377855 0.00602803825368977784
3	0.00543632534834848514 0.04169225607617061541 0.00079339602665065502 0.95073799515035173346 0.00009970704292879557 0.00061329311550195652 0.00062702724004775441
3	0.06821003375960384141 0.00126341893790243810 0.00234811016610615925 0.89775755808580592898 0.02546000707953563827 0.00246290510444334941 0.00249796686660197758
2	0.00003238942029652201 0.00003037283268960485 0.99977119326252750220 0.00003493584818286166 0.00002907497686822357 0.00009756869563202975 0.00000446496380223464
1	0.01525181470089059972 0.96618692956388896320 0.00126899523103799318 0.00973895135707111143 0.00657198698715764223 0.00071522772227268733 0.00026609443768025253
0	0.99821710895137027997 0.00037507850347896126 0.00001756724622498424 0.00008778634565750932 0.00077578523420504021 0.00008599671859171185 0.00044067700047189579
1	0.03395757256445540440 0.93703495323476004852 0.00098304804362422536 0.00103342708535401721 0.01045685840147039108 0.00938604487093188875 0.00714809579940442127
2	0.00001743189221936742 0.00001411917154116885 0.99966382224158201186 0.00001076119581095650 0.00005818588168865606 0.00023097485441534826 0.00000470476274217720
0	0.99574293565659488525 0.00075152530347755966 0.00005488540784286337 0.00214175366542155915 0.00019448357059272163 0.00027587180366592777 0.00083854459240466101
2	0.00000406609297655656 0.00001282386607768096 0.99690947150374842334 0.00000117705251514500 0.00052362684951411792 0.00252504980585916599 0.00002378482930854242
3	0.19934639422030642208 0.01410691235635431334 0.00067863689783957085 0.77186242422216533310 0.00540704073280784576 0.00021042085050409904 0.00838817072002293572
3	0.00863167331824366696 0.04799996580544495933 0.00229232614438687607 0.93517256236489154642 0.00279694625078917396 0.00220986986458043995 0.00089665625166322803
5	0.00004218554897324331 0.00020586179101947822 0.00069461089357170981 0.00002962746486281912 0.00000854193630801545 0.99900205686736909261 0.00001711549789428424
1	0.00198836408163929976 0.98907561740731153588 0.00096833495999239813 0.00641643139970943938 0.00023585277012930608 0.00114005112819501363 0.00017534825302288346
3	0.01309088764248744416 0.07433295040777375406 0.00192593547208557087 0.90413922350596831468 0.00188039587578126910 0.00248819066135858328 0.00214241643454450960
3	0.00045278436124943571 0.00483348336095634074 0.00000657958927357601 0.99468483543576335926 0.00000863162055982533 0.00000931452302715901 0.00000437110916955215
2	0.00000494910691405534 0.00001261582538491993 0.99994893112004012981 0.00000451128685049242 0.00001895395373158328 0.00000906197030549764 0.00000097673677285434
5	0.00120486451316743643 0.00005063786278583375 0.00004631049675962561 0.00010447864283929153 0.00010556898135081828 0.99842663708513867959 0.00006150241795801055
6	0.00415358488344556940 0.00566655329979106389 0.00058694170570009396 0.00059517409449923642 0.02787299175938096410 0.00126593037525353676 0.95985882388192900194
1	0.00049312120789253024 0.63099082185400812151 0.00032445293450677733 0.36725375865526971308 0.00035729576851279923 0.00012008741605231637 0.00046046216375678848
1	0.00278148106203580936 0.98950068119493206353 0.00213573976984012589 0.00271686407829330396 0.00013997666971390842 0.00256740222895201174 0.00015785499623295095
1	0.15917517492401819790 0.70699078885345645329 0.00385265011028827504 0.00443999182939846127 0.06577923217153086588 0.02442786510178852552 0.03533429700951945529
6	0.00079188562243297960 0.00382989247201078430 0.00103127863936839812 0.00031625627388854298 0.00269983866989113820 0.00009868394875461077 0.99123216437365369025
2	0.00040168336395752662 0.00355554121674860535 0.99493317571432027258 0.00021754197235597874 0.00020609765458018636 0.00063917512857086898 0.00004678494946673994
1	0.00340446643992923419 0.99595980250547710977 0.00023597537082786362 0.00020932054631136538 0.00002672781118005656 0.00013504319897579152 0.00002866412729874726
1	0.00116266971329095719 0.98025193702253754502 0.00094750233851719596 0.01364756703852126191 0.00227178231293973963 0.00137484024978067510 0.00034370132441274121
2	0.00005821764377566410 0.00006049091736110450 0.99904835555843241046 0.00008042488496426787 0.00024709350744184558 0.00044790461099873734 0.00005751287702741974
1	0.04245114460864784361 0.73778238664409678815 0.09446709536150253717 0.05467163910207628597 0.01877728156129624196 0.03541092901932046955 0.01643952370306009381
5	0.00022545782593021613 0.00087817312815921512 0.00202416576410686206 0.00015830899785256199 0.00586175842174938618 0.98655336878475352602 0.00429876707744935530
3	0.00273815018814357099 0.01530826517306275135 0.00151715670397796487 0.97870515718331829724 0.00030038940336737420 0.00092168950702742856 0.00050919184110232829
3	0.00017776851023187544 0.00250275681560331023 0.00005344003326509986 0.99715305246304042353 0.00001301182961693465 0.00008061477761910624 0.00001935557062214009
4	0.00064784924296759313 0.00046355847995809349 0.00074938473377798008 0.00054812027643411294 0.99544957127539757114 0.00186891500892702022 0.00027260098253765037
6	0.00024875538682300941 0.00000380893862507246 0.00001266221226771927 0.00000070736751524561 0.00045471779198235116 0.00000122074732496304 0.99927812755546074897
3	0.00285777155051516584 0.01858689474284116669 0.00140909869807079769 0.97408376506966931618 0.00109957823451839703 0.00089295737346485994 0.00106993433092034715
1	0.02630442015750609694 0.94956238738477360961 0.00775461765341237032 0.00133746966548327459 0.00052411970696074925 0.01310119335798931063 0.00141579207387476538
2	0.00008041889634498367 0.00013826343879544967 0.99888852487795498636 0.00032419192662478362 0.00037352407733899802 0.00010854569607949661 0.00008653108686205760
2	0.00006820157927535072 0.00001249034459084491 0.99981876387276280571 0.00001105877026369832 0.00001434514454783992 0.00005637456302073324 0.00001876572554038414
2	0.00765935423760857968 0.00649001807460765530 0.94066538996988346977 0.00243694067556284684 0.00226604730554669882 0.03919249706646867060 0.00128975267032257796
4	0.00722028157614189228 0.00131711253061085045 0.01858237195436115638 0.00098723065687934429 0.94458006258353921503 0.00020959113623680148 0.02710334956223049013
0	0.95442776064977374872 0.00757277462455141406 0.00050974596621426878 0.00382588941999329650 0.00317613831555703342 0.00681742250850368454 0.02367026851540643753
5	0.00004854090162624820 0.00024734462913006199 0.00011402291377860557 0.00008771954629459622 0.00039484232032521710 0.99908981581467093402 0.00001771387417500842
5	0.06092068939862743671 0.02821154451156908730 0.00319395438546743069 0.05821764186615042275 0.00466780166315789325 0.84345254922731893732 0.00133581894770909773
2	0.00340302022857750337 0.00077127900250417833 0.99171660948594020368 0.00213436821945918627 0.00066751837206537577 0.00127602058623507274 0.00003118410521843750
2	0.00048861103696758320 0.00018459430615931727 0.99833892646339572607 0.00023767296101394379 0.00029159669047270525 0.00041996386888001273 0.00003863467311084129
1	0.00082498834461532155 0.97627009439976153438 0.00410735491284284788 0.00831920837932637568 0.00063029175232778693 0.00865074594812693422 0.00119731626299852197
3	0.01886269104855077886 0.08362144935902543486 0.03063254353306004221 0.81010588056416177327 0.02187476836381560194 0.01319043821927315570 0.02171222891211339878
0	0.99295043070005817309 0.00351585979895078019 0.00009698204852036347 0.00094385366997242382 0.00181590257925688496 0.00026445391719030238 0.00041251728605127121
0	0.99844775308140620851 0.00106296986715311427 0.00002487373089440478 0.00005289688811701416 0.00012940484153031362 0.00011180964690671056 0.00017029194399221473
0	0.84867537906536427705 0.05949207759969588061 0.00428515389745076636 0.01425142708524812507 0.01711596733778123283 0.03283557447999387036 0.02334442053446607324
1	0.00377141713466306629 0.98842605570470376541 0.00082553683695682967 0.00479421833163755536 0.00150186547624925142 0.00051911311543317547 0.00016179340035633004
1	0.00225375732882528938 0.97427984116926491520 0.00240521535051191468 0.00688940979654413272 0.00540482618010706180 0.00701743234059825499 0.00174951783414953473
0	0.98967762665082692486 0.00263609850003158029 0.00255181740710543016 0.00066679210072478478 0.00056573655650763387 0.00033994775317369231 0.00356198103163012179
3	0.00022803522932609649 0.00046660733273818722 0.00003289277328117833 0.99919908613557151256 0.00000387488582426691 0.00004059557459791619 0.00002890806866072245
6	0.07450879090985609854 0.00756030566715503415 0.00861131165593131617 0.01184699782395396903 0.26683135920466671820 0.00829331951796916100 0.62234791522046783996
2	0.00005712256858460332 0.00000395208809752105 0.99963982369623860524 0.00000041114115933306 0.00001447313853817935 0.00027785943976694501 0.00000635792761422175
4	0.00109752434023530792 0.00026829397848483495 0.01524292546689351088 0.00006843668123516418 0.97458498450903663368 0.00135777198831936799 0.00738006303579451066
3	0.00445406425644688780 0.00115661564052327629 0.00004489401770141424 0.99380612224797881815 0.00045755648882365643 0.00003914933325477379 0.00004159801527045252
1	0.00422528858775346027 0.96155098191708843203 0.00137251146319700449 0.00081272158314827498 0.02356779131392557763 0.00085259639978645791 0.00761810873510236630
3	0.00121765704788246213 0.00050155076789414315 0.00295241734642305966 0.99478713586399925006 0.00007257240064143293 0.00004935646377373500 0.00041931010938524755
0	0.70937075724193288107 0.26694389090347425686 0.00230874972078651394 0.00525169232726175553 0.00240339944867775041 0.01179756481885964325 0.00192394553900705149
0	0.99079742324096042871 0.00227559224495757799 0.00091659054599842671 0.00191077983805543303 0.00031257777662959887 0.00295822831837700643 0.00082880803502161148
5	0.02102991820006487253 0.01017967476750692053 0.00424096641159810422 0.00085895768026948954 0.00161823949459334484 0.95858969619284839503 0.00348254725311871946
1	0.00701775679336571687 0.89919120384314654704 0.00171393870777286389 0.00082273499453820254 0.04304149207847286079 0.03473532685159634592 0.01347754673110841683
5	0.02456179552158284374 0.27065262336030848633 0.18163795844246150013 0.08533146634806848541 0.00552335681397072772 0.42913269503314122044 0.00316010448046665686
5	0.00069328773792269463 0.00003165854150993743 0.00003897760789973588 0.00026816011823185159 0.00006414742285009971 0.99876179869546466428 0.00014196987612040619
1	0.02730604833882345830 0.87972313113194644529 0.00578001965721019854 0.00979336001636223717 0.07123612029049349037 0.00562270273789440122 0.00053861782726985041
1	0.00318618278879901056 0.99350116346061601025 0.00022074683974895732 0.00026903982439888802 0.00006852379322935664 0.00267885487119353099 0.00007548842201473957
3	0.00365068816008112546 0.10326977125040845418 0.00054846442090719899 0.89094555489764448719 0.00019433258172520709 0.00103388875255942076 0.00035729993667435087
3	0.00849232991749983637 0.22308009558841956910 0.00462042130341047685 0.75871961672213361627 0.00018540681226623663 0.00419470710994020776 0.00070742254633024285
1	0.03413076811189143939 0.88766804789208897386 0.03407089140984096570 0.01832264903236745929 0.01044649823361905837 0.01049761629258718319 0.00486352902760477015
2	0.02368872450839093480 0.18088246281345235489 0.72132451951801412893 0.01658064930968887116 0.02125586956278208151 0.02887436942782206292 0.00739340485984989800
1	0.00016635686465165327 0.99705798065061135294 0.00017246356731405549 0.00240852521963705150 0.00003997574359914013 0.00014718846538865703 0.00000750948879850748
1	0.00030828270447198530 0.99858833171651828486 0.00008047674388948202 0.00038102020907863541 0.00003589722006085543 0.00059969050324974412 0.00000630090273206583
1	0.00231350665933831821 0.98609541520180632457 0.00071533467283766761 0.00809274482662389848 0.00167862150676030206 0.00097317837387780675 0.00013119875875621252
3	0.00083400654468732854 0.17101262677813522384 0.00010440727583460425 0.82789562831245955277 0.00007798279957013013 0.00003684644115483459 0.00003850184815820125
5	0.00325064671301580465 0.06212950785842080714 0.00347274846571660276 0.00069115246036295685 0.03314273545954968259 0.89359202460363418297 0.00372118443930059438
3	0.00696306410828589212 0.00575250413667617155 0.00011488418254850098 0.98560706065935332898 0.00018345305587036146 0.00129987158862480317 0.00007916226864105601
1	0.00787807543209749495 0.98158948639795629010 0.00062100323651381154 0.00300322181653144395 0.00336213403557199296 0.00237123175713416885 0.00117484732419529791
3	0.00256540869601973960 0.00196376866998827001 0.00117068682605391493 0.99003339820853741848 0.00147260466314283554 0.00095368149586545455 0.00184045144039255175
1	0.00057529644069852877 0.99929495611703034186 0.00001318609478562282 0.00009929702134983184 0.00000510459514026896 0.00000436547333225630 0.00000779425766330568
3	0.03122463930106723212 0.04178120061821666981 0.00101132158705624143 0.92277213887251374747 0.00014869316069769558 0.00304150831284287233 0.00002049814760518405
2	0.00019798128907598528 0.00008009925126911072 0.99965759954258814890 0.00002473440495230664 0.00002241993878463279 0.00001463258274101957 0.00000253299058928752
1	0.00110981578883611091 0.69185093432700950355 0.00010158964401987908 0.30678990798437577592 0.00001550643320063650 0.00009828493489253242 0.00003396088766627736
0	0.93952793928647071464 0.00679483920214610498 0.00029349016275028339 0.04717182821322365299 0.00202652930616454164 0.00143086414831688677 0.00275450968092746766
4	0.00256558946897787786 0.00409978279319972959 0.00818732631893507451 0.00140596214649488368 0.95779357871900550059 0.00058789835599037303 0.02535986219739719966
1	0.00057057300445202696 0.99254800602365977902 0.00214985855867636053 0.00202425886135562888 0.00073666768032717631 0.00188876439099540578 0.00008187148053307437
2	0.00051162177537854780 0.00008722113453397169 0.99888143333030399162 0.00019597015865494135 0.00009946978049199530 0.00020970256806947742 0.00001458125256664043
3	0.00743342946423445911 0.03933050509415110529 0.00135367870031846216 0.95086901673335411100 0.00000357951935371895 0.00084697918100607047 0.00016281130758256563
1	0.16549969822237545203 0.74452601857126543550 0.01194468955147056158 0.03977565623734628797 0.00546714990732865679 0.00689423747879931974 0.02589255003141414935
1	0.05554441746652098721 0.87133790921137499463 0.00901264173755772849 0.02323612607282268122 0.01241145698898630037 0.02198949264015025162 0.00646795588258739732
3	0.02186808494694705493 0.01293530204579371179 0.00914187130971221701 0.93235220352117209597 0.01559973518278434147 0.00172732000171072863 0.00637548299188013274
1	0.06406104032380155466 0.86872385024819498422 0.00628695892411381546 0.01903913151916316118 0.00689232609303615414 0.01064118686908071751 0.02435550602260982966
1	0.01937161273696344846 0.90414140942600074169 0.00739599356140309677 0.04159913518009649563 0.01217563281663415140 0.01333453766662105570 0.00198167861228123760
0	0.71543957396099544521 0.25323103598726698360 0.00320378578758416868 0.00466740832493360742 0.00450222293363939687 0.01797097554949430090 0.00098499745608606869
2	0.00085352423333923046 0.00023720348945319427 0.99686495747526493449 0.00025137506144366865 0.00055137192485717743 0.00119605567937563248 0.00004551213626532496
1	0.00038445745513353345 0.99397076184300570123 0.00051048553173841109 0.00031463217885848918 0.00009822620162206785 0.00461168375880798270 0.00010975303083430980
