5	0.04369290448635710505 0.04628692779801433371 0.00494482641603437908 0.03241651288951939713 0.02641604579383584686 0.84052996781916178293 0.00571281479707719080
1	0.00700798742942712171 0.98069721405054088859 0.00272224935701748886 0.00114784133871623662 0.00281025036781186672 0.00359612882535055144 0.00201832863113594841
3	0.00005633632553938904 0.00087129686634834541 0.00025681442143012860 0.99832131613624308653 0.00004017419962670313 0.00010404085633073240 0.00035002119448041479
3	0.00105632203841982044 0.00049302678328379029 0.00138471038217287921 0.99615188821302391720 0.00018684842089474078 0.00012326443387791522 0.00060393972832757138
1	0.00987799403398978079 0.96691560055291014830 0.00440089046795941793 0.00621706512911530604 0.00971484556854631566 0.00199432126364168776 0.00087928298383703832
2	0.00011187704403220772 0.00708299021338333785 0.97762223132788061974 0.01060513668104184209 0.00281707285426108017 0.00093706136656538969 0.00082363051283410439
1	0.00177186366748674300 0.88672816646462770951 0.10303005127384924633 0.00504606916794237120 0.00046553052847877438 0.00264683889753184126 0.00031148000008225592
6	0.00814919566200220970 0.01425178028594768428 0.00261128097810623544 0.00223503589895752541 0.00511920865875955394 0.00154502245073506630 0.96608847606549186349
0	0.99463381348206791888 0.00259733850404696241 0.00015622420884755866 0.00022245599619865147 0.00157379467368878347 0.00012063125461510555 0.00069574188053516046
6	0.01144875955897985652 0.00022243706220029621 0.00038642564063406644 0.00031073854744958341 0.00050141945930184744 0.00059053911483364417 0.98653968061660057831
1	0.04068020183479154755 0.89450195213530125926 0.02884992386136872589 0.00535291824944560037 0.00257086395062129875 0.01592239292868869588 0.01212174703978321881
5	0.00071744135116204105 0.09554286094540014040 0.00981291558100518685 0.00017087103167953544 0.00882275692931647378 0.88477207907712696056 0.00016107508430940898
2	0.02265165494446993999 0.04747501020726085236 0.83085079810142692391 0.02638728918729450756 0.03562251454655959715 0.02626208947333763880 0.01075064353965093054
1	0.01377886048471219961 0.86355747187609754878 0.02255295645305406549 0.06715608540975788465 0.02194517670378281007 0.00928891076050256462 0.00172053831209286151
2	0.00010147658771558172 0.05943730044343099178 0.93949151657659168979 0.00014094103666346337 0.00002113800734483767 0.00072486885756078750 0.00008275849068991838
2	0.00210139962598213277 0.37358213842217796730 0.61566259098047748655 0.00353553402235833080 0.00091430338537467270 0.00368301429873148060 0.00052101926489809050
5	0.04234003591142357359 0.06563397638592372019 0.01049987141940674634 0.00127806422047996586 0.01068693819311900516 0.86624284786620209253 0.00331826600344473218
0	0.82822275637299602735 0.02982613216241221735 0.00779347168211849076 0.01646949252469767297 0.03977769507922264414 0.02114919609962470984 0.05676125607892835295
2	0.00161291911283588797 0.00903042334704227782 0.93649268885650682748 0.00009804811951080893 0.01615283577808469817 0.00227704455610700483 0.03433604022991215005
2	0.00001222299968790910 0.00000458509972270464 0.99993270343281348556 0.00000361644238583053 0.00001389124650491484 0.00001653872894793224 0.00001644204993770895
1	0.00007448839767419880 0.99930960858387707368 0.00043119991159165747 0.00003103439646261426 0.00001710714262851328 0.00003214460883041013 0.00010441695893584554
4	0.00475028191838959470 0.00142350045449081311 0.00011067708241154959 0.00013048710924909944 0.99262391036535302380 0.00045400465630037238 0.00050713841380630148
1	0.00000921489606034747 0.99984111591665192353 0.00003028675525916163 0.00002277952212537010 0.00000492028444811654 0.00001388466192575613 0.00007779796353039054
4	0.00177795002379329322 0.00153671270189615359 0.00398072666649620585 0.00219090714022517627 0.98203055705451947066 0.00418059075367622091 0.00430255565939412048
4	0.00005975796444989411 0.00010113795322886749 0.00008327017241716127 0.00151668550516601279 0.99809507211723558218 0.00009616615099815418 0.00004791013650552922
2	0.00252015562621702100 0.00685461599512779841 0.97782472516045182420 0.00013669518250476268 0.00033578757075418750 0.01200165101407407037 0.00032636945087014137
2	0.00245841146992618626 0.00421470900502425496 0.97175428032294042247 0.00189270909820027844 0.00196148440292005875 0.01578742408403473532 0.00193098161695361625
1	0.01833166319321383186 0.90890949159769918175 0.01921522230010548268 0.02676465887047573336 0.01300962167869620587 0.00788470473280101711 0.00588463762700923779
2	0.00466419948861775298 0.36820946377245400427 0.55671036358048253678 0.03943836637780004373 0.00414694856381958143 0.01282276140018725509 0.01400789681663861842
2	0.00070046986456204295 0.01796363454606602836 0.97613823066966920461 0.00149737570990075169 0.00246412096073596798 0.00033574483926156028 0.00090042340980480979
1	0.00005841729464087894 0.98519570999687477997 0.01251711612077452754 0.00113837490438810016 0.00033903520471920980 0.00062027594296177474 0.00013107053563733530
2	0.00016803555169553168 0.00023946070998543707 0.99610370699383410376 0.00032353555434115199 0.00200843549164582457 0.00091523458386847398 0.00024159111463033914
4	0.04444154290607300883 0.03316276442475582509 0.02910932699031653498 0.03515578500262111356 0.82974290126510608090 0.01614089756484473129 0.01224678184628230117
1	0.00514111320650830188 0.90689647974011422527 0.03118769784669154707 0.00899969791190601866 0.00300015086850908977 0.04283730154103799342 0.00193755888523208493
0	0.81939536534988566263 0.08311344277615623222 0.00696281627692746635 0.00350921908563304758 0.07184498497415071905 0.00094815182388678816 0.01422601971336024014
4	0.00084874285261062792 0.00439434135535881655 0.01539550217719504177 0.00328431984022099603 0.95435631206035920204 0.00959089226011406067 0.01212988945414173771
1	0.01665216864328912527 0.91792240828913107542 0.01660495463717550496 0.02782949701257313516 0.01142959522575281994 0.00562954636481719384 0.00393182982726077070
1	0.00226805398056249309 0.98208633653126453655 0.00303297582746138092 0.00178392040503146500 0.00816901016280815497 0.00244817759119807981 0.00021152550167414264
4	0.04034217907474586806 0.05700111911652959440 0.02211634780576280171 0.04407490364187092308 0.81363023925363309186 0.01285896679043683176 0.00997624431702134710
2	0.00032305261100200599 0.00060976146596046824 0.98514412332219958301 0.00068619720557991110 0.00796752614304650948 0.00409886634316476879 0.00117047290904721693
1	0.00117350002107329747 0.99390891675909853742 0.00224152962919724370 0.00094895443073859194 0.00046720390216560260 0.00111492047199735172 0.00014497478572879320
0	0.99661535094089392928 0.00064769456361085697 0.00016577874678702322 0.00016533111187762466 0.00023133044354893675 0.00033113430007250381 0.00184337989320937606
3	0.00046634208872128885 0.00306542125100448763 0.00012572596075962012 0.99158736759049470599 0.00367926791641809544 0.00010296945836517773 0.00097290573423636185
2	0.00000184774790635357 0.00025149762727208485 0.99956972060084281484 0.00003550153104074573 0.00001559271961612806 0.00011188679583074908 0.00001395297749145587
2	0.00423374767891355162 0.00096785681871483715 0.98869083122396794749 0.00173712754479272307 0.00205260045909058794 0.00187349247580485346 0.00044434379871571605
1	0.02859893759491194051 0.91360165235040813325 0.01701453981569071155 0.01625022591272122507 0.01115325132263999576 0.00672001766034360879 0.00666137534328435296
1	0.01184686634035130894 0.92467750149727212516 0.00658742051891711769 0.04037647681297269753 0.00394597765291700500 0.01055336188134701689 0.00201239529622205442
2	0.00033505770880355604 0.00242185321488506489 0.99307584728195330559 0.00209446438274001317 0.00108532867311048140 0.00059565271167624908 0.00039179602683149278
2	0.00532511131950735937 0.12420901438274936646 0.79022293505700313965 0.06685617038606722629 0.00422126889257486062 0.00529811762892630749 0.00386738233317269944
1	0.02688097269290727967 0.95440398167331541579 0.00341453351556627888 0.00898038574370208821 0.00181925245861667539 0.00189118646920084289 0.00260968744669182271
2	0.00024915251711542837 0.00527534254047992441 0.97986540949048073212 0.00489365615071983735 0.00402408059328519981 0.00036561644221360377 0.00532674226570681222
4	0.00003429060531371641 0.00018291492601468521 0.00007746700205014862 0.00021671135265408786 0.99942083032969375456 0.00004562407061897860 0.00002216171365483323
6	0.01519088455776810773 0.00360312025227034569 0.00234063935999880793 0.00190637432832840240 0.00916875642584198680 0.00409451538142001099 0.96369570969437268193
1	0.02997011266717520758 0.84536786033619371050 0.00957777289390293780 0.09931411293572124654 0.00396423432718063986 0.00606001698397375631 0.00574588985585224206
1	0.00203521672767066836 0.90739760571330185801 0.01993852070274127961 0.04613379126768867022 0.00231291554642990829 0.02134197958643271192 0.00083997045573483864
2	0.00112882652911337126 0.00065697792469711380 0.99345109562124744862 0.00079165194627367724 0.00054500097694714701 0.00225115546229051307 0.00117529153943007176
6	0.16558963394861886398 0.00829130999438628703 0.00894815815285413159 0.00104857364869967050 0.00665556188958466716 0.00138455600951889880 0.80808220635633742912
0	0.94066450919887556470 0.01690873553741769481 0.00292127172282243995 0.01759223182234447708 0.00271373304810894637 0.00509376781220945065 0.01410575085822148543
3	0.00040856885101306139 0.00004196468280806133 0.00003252993429513950 0.99946424627365659799 0.00000880836997516692 0.00001063605335569324 0.00003324583489680823
6	0.00978025018090703316 0.00805480627024244417 0.00133197551348683443 0.00276892804064368973 0.00315907867214683391 0.00044005136846125197 0.97446490995411194636
3	0.00040547684971979116 0.00753706658400438330 0.00041605750689154822 0.99147831284215082182 0.00001088364790848560 0.00010600301784879497 0.00004619955147616806
6	0.01575181415931448808 0.00017690937441570650 0.00008662731975380362 0.00004408462683356170 0.00016962797633358277 0.00020480514773134524 0.98356613139561788195
1	0.00157702030784308408 0.98096301237742833390 0.00361271466954740791 0.00512176816043602174 0.00254136241821386558 0.00529852133074498136 0.00088560073578579617
1	0.00156155384981083480 0.99307938048780286522 0.00226805929440082816 0.00101704966015658794 0.00120083561018944425 0.00045738676623275032 0.00041573433140608401
2	0.00117622969188010463 0.13218481526602246512 0.85851534432269072106 0.00318320308267132411 0.00028663704066585210 0.00335044630142092899 0.00130332429464797357
4	0.01360945327190639896 0.05270872604585121607 0.04035950376849240656 0.00884047769999657396 0.87569096428228587747 0.00575725847982173564 0.00303361645164547172
2	0.03878466938812393655 0.01851071089837097103 0.80265418393010801168 0.01684284636587291689 0.03951381127999865905 0.06472173047684352809 0.01897204766068202528
4	0.42111343313777799269 0.01201673851326340477 0.00330616139824135239 0.00464159301827646743 0.54134907403348320187 0.00320007622544509927 0.01437292367351280381
3	0.00148804817495519145 0.00013665585645974024 0.00004060145384096282 0.99807618616248461318 0.00007950137175427576 0.00001753372875519904 0.00016147325174968312
0	0.96433020071285480146 0.00646671807801792349 0.00015681214888279638 0.00039549243636127177 0.01801626719884834305 0.00078515600707363504 0.00984935341796133040
2	0.05869159623146553983 0.00056454912242134522 0.90221787942009012973 0.00061646649158096710 0.00714224528937768954 0.02162652892172715197 0.00914073452333723224
2	0.05534751168876444333 0.00727242615855703666 0.90953533187433877050 0.00121724756435294813 0.00553897336919943230 0.00542281452909258894 0.01566569481569436706
2	0.00227598587590862418 0.00201767073879227437 0.90779347138587762611 0.00062404041646997501 0.00046854170188675987 0.08614612970067364595 0.00067416018039077007
3	0.01684517808527856084 0.00353220218083296743 0.00039422900479360790 0.96519017668480833194 0.01254387790824618674 0.00086910228871806103 0.00062523384732140216
1	0.00001676491113936524 0.99985172013781020706 0.00008244021885406599 0.00003377278350523775 0.00000510300794339102 0.00000833142385722395 0.00000186751688998886
1	0.03098500170029467454 0.86406843149921741531 0.01155034590414337134 0.07661236377443951528 0.00436111627635605778 0.00443045707927630650 0.00799228376627180402
1	0.00068993908381014121 0.99756174892159166223 0.00084998865388547147 0.00029215061176029008 0.00043521806966490874 0.00006492666421310128 0.00010602799507339866
1	0.00426053788376287105 0.96161432914186373289 0.00487577326331307959 0.02441313544489378748 0.00193010819985840851 0.00229100371335534680 0.00061511235295180398
4	0.00696296324106578709 0.06324319615135953754 0.07747660495221277144 0.00743405107876534636 0.76457941785953853486 0.03357100616524237580 0.04673276055181607019
3	0.00233366836110168860 0.01853891559268260394 0.00173609920538648457 0.97383641457726299873 0.00192371667984282181 0.00026341708115358380 0.00136776850256964508
2	0.03056570792392962824 0.03375764970640628831 0.80246852336383311943 0.03886140101940771530 0.04949531240591467651 0.02743908116980459805 0.01741232441070416498
2	0.00088113042924422972 0.00017915253948764935 0.99683916044458076300 0.00050962480182881490 0.00021541024235354641 0.00118899120254770054 0.00018653033995681630
1	0.00198717162746098316 0.98960604121341855244 0.00554036329025079689 0.00189352851474864714 0.00021539353304642268 0.00062517064991714352 0.00013233117115685241
2	0.00144688792370387381 0.00014532053401943406 0.99310673309039065870 0.00028591388592584435 0.00081577966286275371 0.00204480213059006401 0.00215456277250735458
0	0.94702568996916591804 0.02207498914329981618 0.00324325276716997757 0.00520613609375276086 0.00827059546867568544 0.01214851744121457633 0.00203081911672129290
3	0.00092478694228049151 0.00199340018831444020 0.00198597889767793351 0.99392874034280509488 0.00078161619874557301 0.00002414484450085691 0.00036133258567541687
1	0.01337044145259773213 0.90940282180907605625 0.00748072724825680005 0.03420563223190004054 0.02331765763131790278 0.00910414822022452899 0.00311857140662704117
4	0.00013889297639568040 0.00021813031676087022 0.00029332892804703243 0.00195913607907049906 0.99718630039204825266 0.00007736186183707160 0.00012684944584114144
3	0.00877463694226680684 0.00596170570090246918 0.00197696457209847092 0.97533917031658956542 0.00413995517889869259 0.00065809506586431729 0.00314947222337972092
0	0.91268799872856520849 0.00822577916246226837 0.00654902641319830576 0.00613784273473096543 0.02425613339902609258 0.00534599667965642966 0.03679722288236086242
0	0.93593364600108497342 0.03190287662450546485 0.00559839655460126189 0.00127497536391396062 0.00792634943893547224 0.00079143869398948003 0.01657231732296917531
5	0.00517164533234452245 0.05856340937589823992 0.01969882537155543192 0.03452637887234051572 0.02201950212985170213 0.84147067627771299225 0.01854956264029751153
5	0.01098482585498965214 0.06329576007218225275 0.01699455229608335186 0.01519722418846611127 0.00930480846453426123 0.87892313963255541687 0.00529968949118896516
0	0.97762634242514157012 0.00355371959915673713 0.00048917699653462524 0.00067133654666017776 0.00207268045346476523 0.00247884044650809390 0.01310790353253419097
5	0.00700852994533484458 0.05663329614079674890 0.00096536358498393706 0.00275095420160163676 0.00247203194208165788 0.92796628359611510461 0.00220354058908595225
6	0.00662870531267519686 0.00229968476106021114 0.00212755950324493509 0.00043092535069919361 0.00042808861967649927 0.00075648812358682321 0.98732854832905736497
1	0.00619130683182135110 0.98794093910934366320 0.00248698975209361026 0.00068338445193835533 0.00114419377063844927 0.00085017078560859264 0.00070301529855651662
3	0.00358554542821520623 0.05462424999994364150 0.00674471010641172070 0.91078452731685777266 0.01031402490212978210 0.01026335835803801784 0.00368358388840382559
0	0.98983417196347323053 0.00186009577275186118 0.00027126594088424007 0.00105669079103662780 0.00144738748746151761 0.00162366628893031973 0.00390672175546220423
0	0.95309266162740624573 0.00916391413527561927 0.00186666292247380833 0.00684382870646213590 0.01155970065617910846 0.00902292500508366374 0.00845030694711953155
0	0.95397416720670669132 0.00117151195250803065 0.00270408147984898487 0.00115962472460011466 0.00451927221847766777 0.00848983187890877712 0.02798151053894974358
6	0.07051948479785610790 0.02754892585649894657 0.02266330341325041575 0.00729786025819347418 0.00728587231427342292 0.00430830691118594920 0.86037624644874155511
4	0.00000754038405319962 0.00001819756138042751 0.00013967278334234387 0.00003776892619355725 0.99968238258340746949 0.00004839730202434865 0.00006604045959970519
1	0.00172707806268180587 0.96736764254687956921 0.00865210985745909662 0.00286445324555335184 0.00486548699981575496 0.01344500351770686226 0.00107822576990318302
1	0.00754169975321539784 0.94325761534675867104 0.00290798524507126935 0.03010402612386209320 0.00892793128052623425 0.00347874853384293669 0.00378199371672337204
0	0.93733139391118436290 0.02506453126087490255 0.00626018532066551295 0.00501887376355362579 0.00347319982880086794 0.00477606220994923267 0.01807575370497174760
5	0.00185153212753782657 0.05400696704105256707 0.00975624867936492404 0.00985957283854692161 0.01003048220798808711 0.91371854453004375252 0.00077665257546590081
2	0.00131943033284423299 0.03904794258396259571 0.94983771908673764184 0.00454993469779094595 0.00177325331332284816 0.00321653292657298482 0.00025518705876860552
0	0.93647611407976005804 0.04448963528321526334 0.00112974105919831170 0.00886409336678850232 0.00329715108135850057 0.00443439392757708026 0.00130887120210225905
1	0.00021494067027631758 0.99719364306201707659 0.00069511033119535996 0.00027146108219896066 0.00012550964436293898 0.00120700648658660916 0.00029232872336203342
6	0.00554612579487700780 0.00036110065607322574 0.00100883920383910584 0.00045985115161319991 0.06880194371410681964 0.00105503622129606944 0.92276710325819411018
6	0.01406240904352273891 0.05242965894873200666 0.01957384929091725984 0.00604896938404300005 0.01377201623578879104 0.00620200253165500981 0.88791109456534089706
3	0.26190704091609784410 0.00601726276890604539 0.00475477127890306609 0.70480066343782077354 0.00779907087527192521 0.00940774280143340941 0.00531344792156692759
1	0.00326149657116518157 0.91423506812093957574 0.01315754890602196907 0.05988890654869222924 0.00243916460577010049 0.00366033041542708232 0.00335748483198408708
1	0.01723565142860406310 0.93869343596321064283 0.01588495984741319922 0.00940957007548142918 0.00976541862677888541 0.00457508475929278759 0.00443587929922023561
1	0.00096867469272979582 0.99262191982763592346 0.00230161884068302413 0.00015951795384151947 0.00068607055789600901 0.00228363694724956386 0.00097856117996369691
4	0.01743282079821463493 0.08324368217177598173 0.00255377648340002639 0.03229222137857105240 0.83193719737432947348 0.00837000879954701016 0.02417029299416126667
3	0.00153581475536351169 0.00006170050711407952 0.00018032166467218553 0.99578686402012428491 0.00013544625477566194 0.00220937589923625314 0.00009047689871481170
1	0.00023404412214759882 0.97978995481536335088 0.00157355673303456386 0.00691846636168333418 0.00454328810031899479 0.00517862086391463004 0.00176206900353826474
4	0.00005689426499686577 0.00006252924570403872 0.00005781101441628196 0.00045572919957330714 0.99897488634533671004 0.00012812523913086364 0.00026402469084136655
2	0.00039254733751558431 0.00188288839922521006 0.99606475540759675802 0.00033495089437425872 0.00086089865208614498 0.00033173846351341834 0.00013222084568902730
2	0.02850371698606577950 0.03516951997638609329 0.81554620557088919330 0.03741044858874479490 0.04264726177374315169 0.02758967253386028842 0.01313317457031108748
4	0.00094996771307811697 0.02431948687423813801 0.02470499861463057445 0.00121167658949220100 0.77244114750069725606 0.17290901294640448338 0.00346370976145911292
4	0.00168611064815818164 0.01297722537117900962 0.00871455797239015402 0.09640143671526439639 0.86765303525899006853 0.00350386963080207003 0.00906376440321578214
2	0.00352544395432306768 0.00011580123064318719 0.99458687552717095492 0.00092254665953119680 0.00014728048069272595 0.00062877462547967903 0.00007327752215987356
3	0.00290351190238812137 0.00011445371456833220 0.00076273135445203716 0.99378460513208921601 0.00152122172305949152 0.00073845654186174890 0.00017501963158031818
1	0.01078096386833118404 0.87475509029347053858 0.00213125650926931269 0.00546755237543380089 0.07107628872332595604 0.03487446505625888676 0.00091438317391052905
4	0.00023941468212566733 0.00095629669517874371 0.00073770539895431518 0.01255351263982809086 0.98519252710626814551 0.00020986677654232761 0.00011067670110306977
1	0.00003996059761565317 0.99780491598134113396 0.00210496270164665109 0.00002096759321172035 0.00000340104022117344 0.00001990726478862665 0.00000588482117376972
2	0.03767483035811309416 0.02324363851691103183 0.82169734865574017846 0.00946326405253400740 0.03961544820578322135 0.06621508097866929399 0.00209038923224877122
1	0.01179731508009525254 0.96019370828447847543 0.00304694843816398844 0.00783473515800145112 0.00224870550278585390 0.01058301371353111316 0.00429557382294414297
0	0.92062466738181902848 0.00275284592295879909 0.00421316336916900246 0.00358403926412409566 0.00670766703131286338 0.01372275504536914562 0.04839486198524701327
0	0.81277014851359175029 0.13259680451846900251 0.00379780227395698023 0.03220368852839639723 0.00831895449140428352 0.00829677042406860681 0.00201583125011299547
4	0.00075245448163745307 0.04015700684871877091 0.00084874629052731916 0.00031447757085432347 0.94957543797710519673 0.00800185831045103699 0.00035001852070527193
6	0.00888374457942824221 0.00399880253217491360 0.00053477061467772675 0.00009324356135140185 0.00058024856787182335 0.00022672869769701175 0.98568246144679916299
2	0.01843763601504641927 0.03593861837215316796 0.68515200690004640638 0.02069535643895317745 0.06198879282355666126 0.11394847567344271178 0.06383911377680197285
1	0.00653342383506343334 0.98642106730494671929 0.00319365294753779210 0.00093715391156508723 0.00076093716996420303 0.00166871678019449841 0.00048504805072705940
0	0.96870356368485843745 0.00428756351107273392 0.00066098002265109316 0.02565018116441569046 0.00018042523843990170 0.00036238529327933355 0.00015490108528288794
2	0.00022558182134215402 0.00119410172839526417 0.99214757689467436563 0.00406106203441055150 0.00079634758471414525 0.00079643218551271686 0.00077889775095210830
1	0.00984511495148963564 0.98112134291836528011 0.00071114994066416636 0.00271662722894503317 0.00450999802846565722 0.00062149912857836114 0.00047426780349192572
1	0.00196987306618400405 0.96399203327385385442 0.00248710415955395768 0.02722602249704778044 0.00210192226632017337 0.00101462223685692249 0.00120842250018318720
0	0.81338334255220301472 0.08954002797543794689 0.00562626368569892846 0.04090701370046700980 0.00364193771196106826 0.01037677702822805553 0.03652463734600388395
3	0.00095690346332744948 0.07012593902505059873 0.00044740457141014548 0.92209565392630610248 0.00015534860867988688 0.00477421747861841560 0.00144453292660694601
3	0.03881284560201554018 0.00738280831198600673 0.00187134099798301240 0.94953626399662183211 0.00103752215742244566 0.00098143679956593215 0.00037778213440511449
1	0.00185444802897362523 0.90815852856658529912 0.06018937281888657453 0.00515966704862220842 0.00138164250475030881 0.00995240435057612172 0.01330393668160583139
3	0.00349098135106660351 0.00034810481008458656 0.00074188463557229613 0.99279879457522668407 0.00051927346589049903 0.00019318851984164879 0.00190777264231738078
5	0.00375555320624970049 0.00318700736951763779 0.00032668058030862790 0.00171447475413465306 0.00391075521846287553 0.98472600771924179153 0.00237952115208562957
4	0.03025257478002300188 0.00580622295173598060 0.01130647767405558446 0.00115505002044503035 0.91270638579629737031 0.00821853668228922016 0.03055475209515374699
2	0.00234586464050424688 0.00078068114426430393 0.98725236651626446793 0.00593504747220345227 0.00177043496645129376 0.00172631559492284316 0.00018928966539030951
1	0.00967909495382536685 0.95541596516010152129 0.01364275996395837576 0.01771132848226946929 0.00067733072589448349 0.00097564797247544387 0.00189787274147460729
5	0.00037288335921112489 0.00084834570884270699 0.00022945566122485955 0.00026772621590611561 0.00187100910540779434 0.99581268670150480116 0.00059789324790239810
3	0.00634220778551951737 0.05341350491878803924 0.00805304705402255794 0.91932517083538789482 0.00678622607146721346 0.00150195759440425796 0.00457788574041070005
4	0.06941382248277382094 0.01790753393846154437 0.00237839563878780623 0.00559686410276581496 0.89492761672325249478 0.00140209973922377916 0.00837366737473511057
1	0.00353567228575197862 0.98841246179241148972 0.00187037161967756080 0.00043552095912306662 0.00073301962790444796 0.00235069132309843540 0.00266226239203270175
6	0.00041032344305297732 0.00003533767128963002 0.00708225435989843968 0.00007191714966045163 0.00004322128172003454 0.00086698076754441816 0.99148996532683397742
1	0.00177102095729943514 0.96030643255689540627 0.00355244025584822458 0.00034560004195198209 0.02574261755016231043 0.00676427690185485084 0.00151761173598733757
4	0.06244214862530073074 0.00117188280564195090 0.00247339248163734940 0.00061423293830621770 0.74233047741298652245 0.00869413466869774741 0.18227373106742963960
1	0.00149623480929605111 0.98822680842209986718 0.00704249092326628828 0.00021948096493256403 0.00027890527033195238 0.00248638344778697720 0.00024969616228656525
0	0.89488145836715482506 0.02732198168231309357 0.00380269823325289679 0.03450397460077943290 0.01020044700986656727 0.01671411060598968629 0.01257532950064324008
5	0.00216478223325729593 0.00242751382034321140 0.00025617117135950419 0.00037996234408270327 0.00091777796068688122 0.99249664398728343340 0.00135714848298734161
2	0.00871440146104644243 0.01589866295115016995 0.92081650709717810521 0.01807317588589678337 0.01291455957458097908 0.00761429021446930095 0.01596840281567825023
2	0.00001786796583770169 0.00001963519780761194 0.99884049913791905784 0.00002485843893938412 0.00021052427146126389 0.00083388750157265001 0.00005272748646178595
1	0.02091918389509076978 0.97445173313369426449 0.00187752880817124699 0.00031517277490239161 0.00073206522875902871 0.00143330778059054509 0.00027100837879151995
1	0.00502803194892347330 0.94352129348040436607 0.01425217762351319202 0.00747231541022070657 0.01973900608397123266 0.00510741587294609965 0.00487975958001959920
3	0.05369454594043357454 0.01898182545493572182 0.00293834745762349813 0.92023420755773199797 0.00278616312373404073 0.00091542938825765145 0.00044948107728370304
5	0.00192882729788528993 0.00069195439215538352 0.00511489661183697764 0.01739824623630271266 0.03948343058171618902 0.93322601784148218051 0.00215662703862124546
1	0.01125305222536559721 0.83589162354082080508 0.01614687059603214792 0.00726802250639924357 0.00931230863792872204 0.05109705937568618378 0.06903106311776811832
5	0.00861036519875828764 0.00846288016254181236 0.00225595326033812800 0.00112798338000575380 0.00005032616476685541 0.97919647696696698880 0.00029601486662145623
1	0.00552535240164493680 0.84885707162570711581 0.00628742123345147740 0.06560413560967216784 0.00091357370248153528 0.07084456180321974106 0.00196788362382326141
0	0.88454733015972497601 0.02525571558783346396 0.01061918771183659529 0.01677759220747149227 0.01565189804147303770 0.00501342278415820540 0.04213485350750226927
2	0.00037972529759150431 0.01250850085251700890 0.94379491902360346245 0.00242701418334568273 0.02764457570392446148 0.00538453955137561426 0.00786072538764173191
3	0.00669188822765820479 0.00234175827404680065 0.00055486361536489972 0.98873099970469169318 0.00040889816206034603 0.00113003302455353034 0.00014155899162425611
1	0.00819106904427814413 0.97923331592108064925 0.00468220057512695569 0.00439183089443940296 0.00085377186408519361 0.00171277657215644576 0.00093503512883251038
1	0.00111453555315388039 0.99527025159834647816 0.00204630158647199330 0.00029689698433538143 0.00029647881872323675 0.00028989261201900425 0.00068564284695056782
1	0.00213505853116881510 0.99122018328219552163 0.00029305326414902659 0.00341544837789009700 0.00121609898018830952 0.00141023576175256654 0.00030992180265575523
0	0.78540375793214856071 0.01393079438184349761 0.00096040061179967964 0.00595154664282180213 0.12997996509846873603 0.00058216956436351545 0.06319136576855426124
1	0.09896021898871611155 0.69614010835564466007 0.00777643695384571104 0.00837419846833397166 0.00745005121108073109 0.16773359168108398221 0.01356539434129453402
4	0.00032914440305194091 0.01086097868934372476 0.01399349910572085000 0.02384744449724084461 0.94306911292170503280 0.00528464160333787496 0.00261517877959946930
6	0.00035473060887451107 0.00134199593682317970 0.00289740628789615260 0.00234272994961680445 0.05006811821486828462 0.00149205546415291375 0.94150296353776830038
1	0.04247743261654100821 0.74423482555148423589 0.10351829238034666869 0.05533672569973407951 0.02275452759757713370 0.02444900314713669212 0.00722919300717999452
5	0.00026742690015362527 0.00068909725434960632 0.00010835117736836433 0.00023628321224110100 0.00017201974153832595 0.99841663900061006220 0.00011018271373846899
4	0.04820585763637687954 0.07229558949626087305 0.01958116942600484495 0.03238381729710071433 0.77576341421990224756 0.00968679967773342608 0.04208335224662075602
3	0.00621873616505699139 0.00159953437784996280 0.00320037123280353343 0.98157426359447597086 0.00440513192860897580 0.00148654372012974371 0.00151541898107496577
3	0.00196533370522558896 0.00982687804311647983 0.00223167435925304952 0.98324007739016106022 0.00104169343777190662 0.00053064637012811421 0.00116369669434378481
0	0.95675902350569752564 0.00069144280514291307 0.00194621791026957183 0.00200469851665276665 0.02510882402854198309 0.00634060106192421442 0.00714919217177091386
3	0.00552490721261128439 0.00628000770082104160 0.00857304572947510321 0.95450065168275777250 0.02035589165508379719 0.00333261861030118749 0.00143287740894983639
1	0.01533275685663177020 0.90006516292141569568 0.00448667508944804085 0.02594485072191137984 0.04847983724209096318 0.00160331965694063858 0.00408739751156233806
1	0.00026643238852253368 0.97606692663271443777 0.00355001365390761455 0.01432488728819575341 0.00358061361971236287 0.00198806984321879543 0.00022305657372835268
1	0.01542980980812920511 0.90078664177725575879 0.00559713674418362353 0.06749195040561019321 0.00302351578478433350 0.00291540809983120187 0.00475553738020483008
3	0.01088502132812618067 0.07633403381675347987 0.02752898030003677471 0.80618348758957836253 0.02257219914377979475 0.00288899323245221228 0.05360728458927307288
0	0.85666070658564841267 0.05930400106413190320 0.00865123093336220804 0.01859820760406461632 0.01568170488485648786 0.01445181575409920649 0.02665233317383700409
0	0.96653798575983362884 0.00596589699467460401 0.00056523718322780045 0.01397484836516113375 0.00945393736330746998 0.00154782619276029034 0.00195426814103498393
3	0.03704396353048978324 0.03960771069103345005 0.04015946121085170462 0.81526680474815527155 0.02314453657023762823 0.01558655753798928074 0.02919096571124281045
4	0.08328139642308432511 0.00975099532954941568 0.01850576342891994963 0.00777276775623154254 0.79499038319444559342 0.06076680844388515634 0.02493188542388401208
0	0.93900864566899966412 0.02550528028008870046 0.00870732856783948232 0.00698583574288766732 0.00185344838340853989 0.01191092007939558231 0.00602854127738049542
3	0.00119491871614100078 0.00237066989859753942 0.00013951712628316996 0.99560195005038831795 0.00015183513925099944 0.00018594952523773322 0.00035515954410172165
1	0.00380531912927653017 0.96306039525666731205 0.01858684093596545128 0.00284086860317111405 0.00470160335068028380 0.00463985010427422385 0.00236512261996471703
6	0.01347600264058157297 0.07590807814869815484 0.02383878701081995968 0.07964086011910448404 0.01280020239269364681 0.01236737473850153118 0.78196869494960097313
1	0.00009848735655807727 0.99711061817411694719 0.00178086027824809340 0.00007360720820358251 0.00006513690252238614 0.00081306019948197597 0.00005822988086910052
5	0.00915117082821129656 0.00281038145594745235 0.01203519163059322758 0.00214979184366120802 0.00442610312608915108 0.96817927563177408334 0.00124808548372332693
4	0.00000041633558751535 0.00004324601797522173 0.00002107007111537248 0.00002212833721521746 0.99990920247809300658 0.00000239467880943087 0.00000154208120481138
6	0.01657780187044888276 0.00239041234981400130 0.00260009316591085400 0.00056178176678733959 0.00653269218341979291 0.00948895814874060536 0.96184826051487892773
2	0.00008262505251887388 0.00010080790186007968 0.99825890373174708259 0.00055090004762383153 0.00031212677851518063 0.00020992348908274795 0.00048471299865298658
1	0.00080312907071008511 0.97554381132295919787 0.00954868139525076771 0.00616378773565495752 0.00172043483114428194 0.00549818920435980827 0.00072196643992162701
2	0.00079755919735423147 0.00209058410034641947 0.95981157317782817007 0.02271185715051148718 0.00060761057893278091 0.01301414495787171950 0.00096667083715576982
1	0.01874317184896911667 0.86143429301225582506 0.00574238887990270470 0.06923707137655350785 0.01981533057297308470 0.01326718266230502916 0.01176056164704132427
6	0.05134286527896128605 0.03825647415713227806 0.00350790442999692571 0.00695165567943482107 0.01292133266930419605 0.00456430040355035056 0.88245546738162039535
6	0.02832074414760836142 0.00110448187847609442 0.00106966659452863372 0.00002531804541025618 0.00091558505218749078 0.00026503762525789784 0.96829916665653126273
1	0.00014869302272140558 0.99771659934072431941 0.00150202437764036020 0.00029468184858757443 0.00004671135414402003 0.00026698694413839971 0.00002430311204483343
2	0.00157658768597426042 0.00049707813986306219 0.99285348950823948400 0.00095727500045055089 0.00201990219401366631 0.00107282532251926316 0.00102284214893873693
1	0.00006063184875696366 0.99979612825955044286 0.00004263028219232944 0.00005015112923882446 0.00002593651671708487 0.00002244228505310455 0.00000207967849260403
2	0.00018561606593604156 0.01694498412228858872 0.97813596605023567232 0.00005369187526622948 0.00004467746594863671 0.00450955527000721380 0.00012550915031779553
3	0.05859473824967166566 0.00571615759974342889 0.00083324021709464105 0.90044456415939033711 0.00752202501501052744 0.02333423813131042454 0.00355503662777933386
3	0.00430783859602210020 0.00078540946548808432 0.00086245311690849786 0.99343351883333652630 0.00028414871724884866 0.00027198224397632697 0.00005464902701959572
3	0.01225640568803183089 0.00992633414603993555 0.00908331055471403234 0.96015474969883030099 0.00310219705269394221 0.00200337946787193912 0.00347362339181807051
3	0.04498908382256796429 0.04294657987769588681 0.05762279534203378073 0.77980833823280892858 0.03701070720079684129 0.01536255845991259771 0.02225993706418363458
1	0.00016804920111578351 0.99869665660799489260 0.00061589549418770116 0.00000517489710763581 0.00025840709674809949 0.00019798637797848975 0.00005783032486665648
6	0.00442416883912765107 0.00803919159600170567 0.00437339392274412476 0.03649744892242576255 0.01159930867520718098 0.00274750017617129277 0.93231898786832234638
1	0.07798001070294900694 0.61634065610761468168 0.03658366915629810562 0.18657691897754330457 0.04429166155187985732 0.03034272072431294653 0.00788436277940230031
0	0.89711760841468246586 0.07919535598041198277 0.00039762280700277362 0.02081815436266877539 0.00075469077567823424 0.00102339635395417932 0.00069317130560158052
5	0.03783536078592200647 0.01209087617675604943 0.00960313228207855182 0.00639383390898408573 0.00027903744896244127 0.93103698763597608767 0.00276077176132035786
1	0.00619017370069934077 0.97846077450685930987 0.00151899685983869666 0.00720649828745674806 0.00282467943189633128 0.00330686008533981118 0.00049201712791069557
0	0.92620395457640525283 0.01571729735169207637 0.02618941015772133230 0.01858338960619079078 0.00447083647844105040 0.00472758535372896221 0.00410752647582065481
1	0.13783608776159156362 0.63263393540358292544 0.04575867389909633876 0.04808842116936049016 0.08406369810654772123 0.02002727335072966228 0.03159191030909115627
2	0.00228416049097941200 0.01805989003769838119 0.94485270074314275934 0.00994217296741581325 0.00937728646704494989 0.01196538361823402431 0.00351840567548445879
1	0.00651830394877830378 0.89088549463537669570 0.02359505774666097178 0.06748302355923789519 0.00423913043219060256 0.00527665198778635644 0.00200233768996808297
0	0.82430702391782484373 0.02652791758706608480 0.05102488031908045812 0.02098368089520199001 0.03925052395175557263 0.00842083702047963581 0.02948513630859145307
1	0.00041884628649628395 0.99697779966191135692 0.00144876501791612634 0.00054812516968061537 0.00010322012484402858 0.00040295262519758997 0.00010029111395334920
1	0.04148011171023835431 0.92011675362190237237 0.01687903322979794271 0.00158715249934263266 0.01200964093759609823 0.00300017835558956912 0.00492712964553315789
5	0.01815865554958760730 0.00171394287549553347 0.00018434045182457752 0.01993374431163539087 0.00081995734810834245 0.95801154244525321690 0.00117781701809546160
4	0.01023215630477574030 0.00242021013416745699 0.01598490770403466696 0.04711681838206219219 0.89612601685738046964 0.01771293866673098391 0.01040695195084824845
0	0.92842140782936910526 0.00930185132604407529 0.01211250850625985621 0.01040277439639428723 0.01132938221976521539 0.02345227049199460206 0.00497980523017258533
1	0.11030323490514366835 0.48637473022536376055 0.05348605892167900694 0.20516741771114585524 0.07521345657299470522 0.04142603154844528429 0.02802907011522742450
3	0.00547070037668791458 0.07266155042797704799 0.00360893512525354860 0.91453465695941171809 0.00119770223677790754 0.00057969375926014070 0.00194676111463175003
0	0.99808377400717418482 0.00066290056013210206 0.00006846198144101596 0.00029284126985568636 0.00012556689136844785 0.00049417364769722169 0.00027228164233162661
2	0.00068696047921592207 0.00829479807197762257 0.98402083219620428700 0.00268244872436252876 0.00091528853990321718 0.00110729422737704231 0.00229237776095995213
1	0.00000841082928159490 0.99985196453516222981 0.00002358631267774785 0.00002238527853399606 0.00004456064552280476 0.00003381415813381028 0.00001527824068649777
2	0.00001763763434195673 0.00015666910938674444 0.99654919217090698336 0.00008361676393692275 0.00154665140340941049 0.00146716823595487177 0.00017906468206418626
2	0.00011235065826678546 0.00015518699996333390 0.99823077706351814875 0.00010280623319564391 0.00002591148707797576 0.00129849242263202014 0.00007447513534639361
0	0.93569077863569405373 0.00658229436470003908 0.00864937088638836199 0.00782528531381180767 0.02468415666419457657 0.00115885538942582652 0.01540925874578544068
1	0.00311250693084975417 0.98528466941342640606 0.00133054557671967617 0.00229909023082185398 0.00359679822565112540 0.00224100567543136439 0.00213538394709988184
6	0.08037909740790571966 0.00077813635999156251 0.00498953992865869191 0.00049081472614893949 0.02176283667503931332 0.00134408390498854031 0.89025549099726697388
3	0.00807893947303736128 0.00185319911096808198 0.00463901859164689116 0.97870476168471109979 0.00381992366926361048 0.00199710629475066638 0.00090705117562283439
5	0.00383816797472195156 0.00222951871964296782 0.05874471956860080613 0.00013683719683740597 0.00147644514638517314 0.93306031531719435534 0.00051399607661709414
2	0.00233563780433934404 0.00049411849975645463 0.99021868033302995471 0.00074881478088311944 0.00364635879341034062 0.00210508468764028771 0.00045130510094040045
