0	0.77575346966966407525 0.05525719972068592056 0.03055276230698338036 0.12618388537950822603 0.00359117675117121135 0.00380044642663090147 0.00486105974535630276
2	0.00638185363452046031 0.02531886277026716703 0.87471049013402091266 0.00358954419197403353 0.05856713720562496672 0.02371670683426801637 0.00771540522932405003
0	0.94649262174716453089 0.00521093717241453026 0.01221118688011824452 0.01369851716601143410 0.00916435367785015283 0.00611883262586516811 0.00710355073057590113
3	0.00012897024966057903 0.00094904756846765702 0.00000158779443444816 0.99889270980520161736 0.00000626218137743688 0.00001777746318207298 0.00000364493767619485
1	0.07026546640121746068 0.79890824267565252459 0.01147434010321686342 0.10952639755777350550 0.00389537911493804912 0.00155618526541415492 0.00437398888178735720
1	0.07480662640350486947 0.86668125567031484291 0.00680316897464816172 0.01746060705271535243 0.00506860487869094812 0.01169982195829540918 0.01747991506182977953
4	0.00278747510528833510 0.01288861905592054991 0.02494289836056001741 0.00044464600726369890 0.80723404947360621886 0.14734350225926351463 0.00435880973809751101
4	0.00119974702738886801 0.02908049830880629280 0.01729697318741798065 0.02808038126150563113 0.81757865681319263906 0.00670890977779445546 0.10005483362389464008
1	0.11173904128867215291 0.82292382536704455909 0.01291674142473729983 0.04337584067606072014 0.00105237415430462313 0.00577321840553834519 0.00221895868364214467
1	0.00227197972144324188 0.98810280766357339033 0.00063627469774920307 0.00187858504405917395 0.00064014080227719583 0.00642275381925797896 0.00004745825163911938
5	0.00011213496132267954 0.00130989719360302421 0.41036553094492356220 0.00315573355761807279 0.00000666850625815471 0.58481296445663955019 0.00023707037963563085
1	0.01184180957665869650 0.98567162927789853111 0.00049472402201818837 0.00013880209936895690 0.00025980305053906921 0.00128351647520414855 0.00030971549831366628
2	0.00006074627450207766 0.00005205607110634554 0.99799794291766941168 0.00031405291980979701 0.00016732010760482736 0.00035687720935345034 0.00105100449995451737
3	0.04468220644499392574 0.15880001330912121849 0.02879107713521028220 0.72561691680690165729 0.02399535434714312673 0.00781081275772496121 0.01030361919890431313
3	0.01218464173493387370 0.00592677543396394509 0.00807247158108157295 0.97165963172020719529 0.00022751557064642361 0.00154537541700590733 0.00038358854216097922
3	0.00037001677525565923 0.28743948920040196526 0.00024122560932783094 0.71065613129928462133 0.00076633809562775678 0.00023146327168763786 0.00029533574841496046
1	0.06045256605484544687 0.56357342513963881725 0.04514766679862623061 0.16417222475345089050 0.07295648482929205370 0.08080806983622272621 0.01288956258792365445
3	0.00602303675095096792 0.00744998789708169185 0.00352276469501638326 0.98061887604921227357 0.00055377795886484178 0.00137425622633453480 0.00045730042253880131
2	0.00523986632021114854 0.00222206366093529676 0.97659016884162841432 0.00719702272421393445 0.00711950040385608135 0.00126019265264212918 0.00037118539651228135
3	0.01729804462172599908 0.04823494362103696032 0.02535681526776888475 0.79138872824702088948 0.05090655152707453807 0.00400451872017383841 0.06281039799519834432
1	0.31552625062034067582 0.58145379014448539401 0.04623909263041194734 0.03343197633695696447 0.00398357280924895897 0.01146764303709284574 0.00789767442146305752
5	0.00324117504334886465 0.28028274262726382560 0.01035134618512922183 0.00334665524385658556 0.00242223072530335344 0.69902014709970228257 0.00133570307539581865
1	0.03072755087898292742 0.92413653634306724971 0.00885842072312562068 0.02408820090023648317 0.00131980934295325729 0.00780237466169275955 0.00306710714994178676
1	0.03115254553824119144 0.89570688189146774327 0.01484785451712583582 0.04541651736151833957 0.00191735597536948953 0.00918683964681597277 0.00177200506946122572
1	0.02937980004811831941 0.89091803985537665334 0.03055877112150287220 0.02286777238558807337 0.00359455819389781868 0.00757135362203033464 0.01510970477348626446
1	0.00273483324309906030 0.93684937541838619879 0.00342319402675475689 0.04429566428330797279 0.00170815769319519728 0.01004598660180628864 0.00094278873345068415
4	0.03470799242268895329 0.06583380471989154492 0.08597563538884507583 0.03507381424554203986 0.74152582252932308648 0.02019672996189566735 0.01668620073181371205
4	0.09974425821997588704 0.29382316511132205994 0.04989010795596034858 0.15182593006648528733 0.35009403609894734766 0.02661463802243680885 0.02800786452487216693
2	0.00373407814479568244 0.02933514151153583313 0.96388273277030112052 0.00155179333133355119 0.00047702846322163515 0.00097237603815397407 0.00004684974065788982
0	0.66023880534631573802 0.07133792122649984524 0.06327246875991004993 0.04291902625196912513 0.05137491741001036505 0.08580777435309006052 0.02504908665220493755
2	0.00008273604177732398 0.00130177351922545668 0.98848211204931468732 0.00032132717489454058 0.00048308432073630535 0.00766212243139066489 0.00166684446266292230
3	0.06827185577510454240 0.06493306127391292037 0.09922591425255787578 0.71984251436714263850 0.01422989357201158260 0.00373888169137992932 0.02975787906789054138
2	0.01810732562175147373 0.00471332742679297576 0.92579083757504354590 0.00049496782350852669 0.00125471799677469645 0.04635571619894018197 0.00328310735718863886
4	0.02005763062731750340 0.00226514889006622974 0.01493028048400915457 0.00105548149063746342 0.92805984807100005973 0.02258876073114952227 0.01104284970582019958
3	0.00129657096186654858 0.02088150540062893093 0.02149644764019708817 0.61152286679319189933 0.31985140913361159720 0.02186006181424309663 0.00309113825626035560
1	0.02102638908697315734 0.87691683958469091031 0.01564836985680886569 0.01294104940906826845 0.01719476848635372729 0.05125057410498193994 0.00502200947112294797
5	0.12358673832088089284 0.09235777995380571592 0.01908842411517774548 0.00061670897797220581 0.02572735660937940441 0.73565901571348579768 0.00296397630929822907
1	0.00199180039672585373 0.95829083421369909424 0.00376103427349716015 0.03332757664795639452 0.00068772258131977811 0.00142411766969561052 0.00051691421710690390
3	0.00346316800968263097 0.02151700275892952027 0.02059768302670479667 0.94665839670645046677 0.00069889598242405123 0.00477606837067253397 0.00228878514513641525
3	0.01878942194378624073 0.04982832199479767660 0.03682112370472034185 0.87991579417460974444 0.00451807034833879694 0.00105724738617976946 0.00907002044756720187
4	0.03117288688680121614 0.08784996137458449261 0.06904947429134676573 0.02238865309625592132 0.65327795596356841301 0.04359306266944180941 0.09266800571800125341
4	0.03558916774324725335 0.04833948164438747752 0.19008990611668702408 0.03437736734355676532 0.51723359511065281069 0.10966492497329792533 0.06470555706817068820
5	0.02345316017994565974 0.01280352009057495258 0.00888781599881776664 0.00142714413735502274 0.15726687603001285320 0.74562593057697690302 0.05053555298631665776
6	0.00014356223655504139 0.01280433971132807595 0.00455797590992043210 0.00222230723802778430 0.00340891697374050935 0.00136422405308057296 0.97549867387734723323
1	0.00556106855593269285 0.97926212921244615295 0.00376998266677598887 0.00092549161896536157 0.00067317833770459310 0.00024816227749144845 0.00955998733068539643
2	0.00513996402585530348 0.05469209619025156011 0.89095838006165961609 0.01120317307078556868 0.01375529355737278858 0.00937257944012277050 0.01487851365395186087
1	0.02901945636187601429 0.81429642628852860753 0.07297428254058932473 0.02974342296299007163 0.00352667152423054861 0.04433313957631454527 0.00610660074547053969
2	0.00600962107800265440 0.01614409670433373037 0.89396245564340637291 0.02243060987525123673 0.03317602162362138368 0.00967549698213012420 0.01860169809325530263
6	0.00170733949542948172 0.00351854594327341823 0.01118326929605549871 0.00121826884078020392 0.04902021330553822664 0.00130131363452849649 0.93205104948439454482
3	0.14595491011148661875 0.16852627749367435350 0.01961592001545895900 0.59416836318117993709 0.02297258402363985819 0.02805201663379137608 0.02070992854076902576
3	0.01718799274244474373 0.02502033309755034157 0.00564857396585084250 0.94797944051711613422 0.00010609354790801456 0.00027735846791942560 0.00378020766121044908
0	0.50573273984894129285 0.10926518573933938216 0.04210044257004661589 0.03785382496158821997 0.06607244412764862185 0.10692895517203629407 0.13204640758039956627
2	0.00426015723911682929 0.02898578674283300294 0.76992254715907526563 0.00603000262128616446 0.02078367505787210093 0.14960654557993091629 0.02041128559988528504
4	0.00062051107936333461 0.02121873711030521081 0.00407434161870860821 0.05798581946786018210 0.90739726096352191220 0.00527952120585611657 0.00342380855438476810
3	0.01640912533283544333 0.13548748952466083129 0.00616273563718086528 0.82813192553234049598 0.01212616589922784274 0.00091799845425529468 0.00076455961949956834
1	0.00152943135978380381 0.98265274217860587580 0.00456268244014743172 0.00749236850294933681 0.00021234185283277037 0.00337573400228690246 0.00017469966339480646
5	0.00021588402711760505 0.00001058693017051159 0.00007721726283109622 0.00001720244205420866 0.00002166980505873600 0.99959447899736075804 0.00006296053540778554
1	0.07319887565306848476 0.73577508298713467649 0.00257479010849678358 0.00405586636644270169 0.13607880838985839111 0.00977570543821509180 0.03854087105678407482
0	0.68357483754586345626 0.25640303449205614772 0.00302947196676802734 0.02705664466121845274 0.00436762246640767706 0.01734317269951931445 0.00822521616816703979
1	0.00806118960009316772 0.97554166401995590086 0.00105064157894226864 0.00824231715326841953 0.00384097062921365251 0.00157202892758631120 0.00169118809093929488
3	0.00029524812769934282 0.00510411742734935645 0.01337276322050518287 0.97657680008613312328 0.00027512311171150366 0.00364048986639649861 0.00073545816020529231
1	0.00176177749883596056 0.97409364427016642551 0.01060369779895051212 0.00898416190916115354 0.00134749131628732698 0.00132543686969268802 0.00188379033690645866
0	0.99092517101098365195 0.00251597389915842167 0.00031280986796036042 0.00066021072400495370 0.00060495960079910249 0.00053715809372589167 0.00444371680336774159
0	0.90534477592231132892 0.03316556365993450495 0.02505337221968043093 0.02610181639833987835 0.00462230155615628042 0.00276487746593844994 0.00294729277763938020
3	0.00148557483763034608 0.03512639039740966113 0.00327717810082416884 0.95324838228172636967 0.00058417693464073671 0.00129087045465639972 0.00498742699311285030
2	0.00524351167899721974 0.00742708956565729314 0.97288846816229712644 0.00948157580163418168 0.00157307187474025321 0.00139314779520704883 0.00199313512146768101
1	0.06214019459965090114 0.87839507303309527497 0.00273094286558006865 0.04210711419725883531 0.00797453147914047554 0.00088612494796116688 0.00576601887731346876
0	0.76623056299434788574 0.01639574532019165767 0.00788867671026660146 0.01192040040936254847 0.03694375116714555818 0.04925322366239141131 0.11136763973629444646
3	0.00391142746273137176 0.07395089242656410766 0.00108465169386503320 0.84357281036517217654 0.06860281341428371704 0.00783605817393007685 0.00104134646345285450
1	0.00503567142208747459 0.94991343748094492216 0.00116879707738000113 0.01307562737946968076 0.00239212186664713305 0.00174681722654006070 0.02666752754693031691
5	0.00004616570318304125 0.00279020553411146906 0.00469295713531888738 0.00045923066912966431 0.00121202500677512260 0.99008532661659076624 0.00071408933489103342
1	0.01144704365465099884 0.97172605329220052006 0.00347064539211168694 0.00965060764235511036 0.00067040357261997647 0.00154904183238097938 0.00148620461368072958
1	0.23561524259426910866 0.56299213642381473743 0.09874705611591466647 0.05817854603559614174 0.00459368588624985922 0.03323057122512519668 0.00664276171903021347
1	0.04056911394101177237 0.94515001946078747164 0.00002342642873299738 0.00481380902419038369 0.00092149215499748413 0.00478228966127404453 0.00373984932900588455
2	0.00064954072125271607 0.13950819067620792713 0.84693784217605705411 0.00051312953610048245 0.00074832034365752596 0.00913761165499924789 0.00250536489172527342
4	0.00000801490741267617 0.00000777637682836072 0.00046458803683654558 0.00072021354494760910 0.99705698730909853023 0.00010996086319901954 0.00163245896167855844
2	0.03988387087985073576 0.00710578380333710784 0.91126855996037348095 0.00091945750898283639 0.00159878254557992692 0.02202384268050625385 0.01719970262136963704
0	0.96987770996453659400 0.00091988247524221701 0.00001858599964553588 0.02853568562508502354 0.00020617141056319773 0.00019468850202851830 0.00024727602289915734
1	0.00674583643298445976 0.97913966173161270934 0.00278951391792473620 0.00014424824239475794 0.00069981091072263948 0.00741969630976974798 0.00306123245459146700
5	0.00247362322971391140 0.06280494676686439182 0.00942313788379673181 0.00873345106409469454 0.01281108411488981157 0.89029541256528799131 0.01345834437535319526
3	0.00410251925555865041 0.07088302788073949645 0.03012482038082918770 0.88347598554412787308 0.00374807836532352855 0.00512996484918179681 0.00253560372423909230
2	0.00005669176899487919 0.00056343315563139060 0.99250965759295806112 0.00157566936121461467 0.00087913892719718731 0.00040802785693590910 0.00400738133706811297
3	0.01964431902762979812 0.06516852380037842229 0.00189531776234481888 0.90803160572229058012 0.00100454405049561052 0.00080731082640929559 0.00344837881045189764
2	0.01417879431152389673 0.00064369768918941782 0.96779103189425907949 0.01236137865130405682 0.00206115561843852593 0.00206854196602199733 0.00089539986926313463
1	0.00116638989726608618 0.94956615183099923883 0.00145383638879578009 0.04327266509277374884 0.00029298694441528872 0.00253555784976587911 0.00171241199598374193
1	0.00084036690716328703 0.97503951208606254308 0.01200405051928161472 0.00885331641393121392 0.00021805859654314038 0.00164939030007995755 0.00139530517693864918
1	0.00396912139426854136 0.98503292980579570948 0.00161225845602359073 0.00379847601009181048 0.00488889623286914519 0.00015479868873683286 0.00054351941221346259
2	0.00038716566632801503 0.00031803249539927731 0.99636557431637684523 0.00044258807865779935 0.00034178597538717006 0.00096283010326762733 0.00118202336458419067
2	0.01956748149921986105 0.02228215174458657993 0.88389734041296885714 0.00244221373829199822 0.01214734814293866143 0.05703312400622239514 0.00263034045577182534
4	0.11438542329663564656 0.01470770135782638148 0.01121528573396317688 0.01299019724192611303 0.83196963602386808656 0.00359792385884621403 0.01113383248693446820
4	0.03000961240652829862 0.01398469208186091904 0.01184184439044900020 0.00190193176095924867 0.92291479918212837585 0.00695768176011714486 0.01238943841795698934
4	0.05859704465204331608 0.03196446228237583009 0.00732579046614541436 0.00210384686305281881 0.79260993368320598051 0.01790292740845816216 0.08949599464471852395
0	0.95049886425688945302 0.02219497072584692560 0.00104985507150772133 0.00125581673965966499 0.00381154637560068236 0.01985374433707679659 0.00133520249341887386
0	0.91605459869698491193 0.02162790282621901428 0.00217482211397365937 0.00131131235707309898 0.04010632052727554353 0.00338031647171711021 0.01534472700675673824
3	0.00011496999643927417 0.00003557492379083150 0.00002586764164187230 0.99981761701964255717 0.00000135420334775769 0.00000310334401474251 0.00000151287112391746
0	0.90342030029472553121 0.01197087729341175799 0.00257310118912873692 0.03308638343805832271 0.02194439936309477632 0.00235374220034827121 0.02465119622123245965
1	0.00853338146390326090 0.98194017406959388516 0.00206103686034505565 0.00338198807188344521 0.00009336065370194182 0.00391612677815204088 0.00007393210241994433
5	0.01419269717384640667 0.00987757026532157766 0.01608633593365484116 0.01603547199611688248 0.00373292481576779000 0.93984507805910721956 0.00022992175618556760
1	0.00192575001636185452 0.98819325748182906821 0.00033026882413011234 0.00782480446884486341 0.00099704866936573921 0.00070546013292836502 0.00002341040654058752
1	0.01781968899875806603 0.92726663990076974020 0.00974683041829651174 0.03663591858437647425 0.00228924764795261767 0.00396916709098386195 0.00227250735886254385
1	0.00177910997620395455 0.99352991663600964678 0.00016310753154724102 0.00024016990580453436 0.00003064799001592898 0.00423258051509984006 0.00002446744531855054
0	0.97857391740743981945 0.00884143323919809633 0.00224685676964607667 0.00167976157917271466 0.00402007568020521996 0.00094838797719349146 0.00368956734714462505
3	0.03338171591995518772 0.12262652430887979738 0.01488571222052404060 0.75153308870332602432 0.00575482399555016840 0.06690675931777224916 0.00491137553399239018
6	0.04472681534531540437 0.00866260953564414009 0.00299365164631795267 0.00018017225787914426 0.04340847274620675267 0.00064244999891985006 0.89938582846971681928
1	0.00091137236227487896 0.97886204335709581237 0.00116458865976442000 0.00030938569578478712 0.00005721655980839244 0.01711752742604497751 0.00157786593922665838
3	0.00097864876538448532 0.00488807914610022397 0.00009947332726823453 0.98335446897271994171 0.00552209671191106633 0.00025600626478784760 0.00490122681182824597
1	0.11210989859928793821 0.71891768855105320224 0.00877376399935187942 0.11378441179587288345 0.02234458053932070545 0.01844934841050188679 0.00562030810461188694
3	0.04189675729130958037 0.12534209454374112269 0.10910241324143579722 0.59773474425169215163 0.04877262665117863133 0.06465459706517488747 0.01249676695546777030
3	0.00095546633777248552 0.00075026269749168487 0.00185017964505742932 0.98088918126974755651 0.01264255913370631798 0.00202388714777589030 0.00088846376844825504
5	0.00176085026229901129 0.00729762716060210898 0.00239017765197112406 0.00047317587421360542 0.00626169295976912715 0.97904364563669032950 0.00277283045445550188
1	0.01930874983483259547 0.75278710390345937586 0.10930283784460090302 0.03044165762795574340 0.04450988962358161383 0.01296161716108380942 0.03068814400448648463
0	0.86323757794250377540 0.03724827005193639268 0.00787285225236257664 0.08236379976908136946 0.00445011938951341696 0.00175282504735045533 0.00307455554725204541
1	0.00002429985646381976 0.98958994417334789073 0.00037121966742807548 0.00210032070125547700 0.00033903519826340028 0.00295398713202253953 0.00462119327121874972
1	0.00400857527981765376 0.97352772640080809108 0.00456589946218574107 0.00587124329305084049 0.00623970099281271912 0.00566717212351844617 0.00011968244780642827
3	0.01656468726006588704 0.00512650513007680865 0.02742221923996561797 0.75454814416199389449 0.05034349683425651256 0.14494305743121721486 0.00105188994242438709
0	0.92131105665496759727 0.01682213930562664189 0.01260565463230096071 0.01098888573649632258 0.01711155794222062737 0.01701268262598296457 0.00414802310240452738
6	0.04760421847858771482 0.04590284003721112338 0.02747876878406275286 0.04149336810015147314 0.10533652837458055973 0.15322801731686003235 0.57895625890854618412
0	0.87005802111606256322 0.02365319378311486406 0.00337724600748620478 0.04853529268735697760 0.01038440821500733781 0.01413010789019562494 0.02986173030077634086
5	0.00047434331428684363 0.00196891051095106654 0.00020302116111866055 0.00011474611882172373 0.00230148406584191169 0.99306552373915535359 0.00187197108982435265
5	0.00093915485176351431 0.04389839324464302195 0.00515508583337334625 0.01031342890996287537 0.00225103947179679893 0.93697460684866440417 0.00046829083979603908
1	0.00118251965041431197 0.99660139107572243145 0.00002589658297356989 0.00114801637755111447 0.00059814563353037292 0.00016706037879685127 0.00027697030101110138
5	0.03218212248162061195 0.08184651932778816419 0.00206468179200193199 0.00639388301784148735 0.00737792918402823024 0.86760007168444996939 0.00253479251226987898
2	0.02940298698148911469 0.17367298489002649942 0.68151183594823150358 0.05319872275371851505 0.02780559305450888349 0.02427167500787517224 0.01013620136415031327
6	0.04059740162272901937 0.01749075078502241795 0.03502870807218141230 0.00228371984278196794 0.00902476853019341420 0.01877258679594968199 0.87680206435114182995
1	0.01964565677125381174 0.94059041292894263186 0.00113749627591871300 0.02678013699324431965 0.01126660548035667182 0.00043550671637806272 0.00014418483390583954
2	0.04193193019848910630 0.02177446741700236887 0.90395870708546088856 0.00009905396042546450 0.00481160970431964742 0.02123284721456724852 0.00619138441973533273
1	0.07837699343128756713 0.87570082597047926853 0.00620002118504184990 0.03684343894766503591 0.00184137123741821840 0.00026341999012045549 0.00077392923798764513
3	0.00151366965061284532 0.01370843065522676582 0.00045973020469924252 0.98338669856592708651 0.00006712515350110448 0.00012698296641923897 0.00073736280361353258
1	0.03817758817002209204 0.85070483997859780434 0.02575394381236191521 0.06773675222051568634 0.00498552065430854334 0.00792912385773549173 0.00471223130645841929
4	0.01013087597056016968 0.01569577488670493778 0.00303910095392797902 0.00200105280991361373 0.90373899958139414235 0.00445003557231460518 0.06094416022518461123
1	0.00046983566464699428 0.96536083944054451589 0.00036024153657160461 0.03304114922953912264 0.00013463422316953186 0.00046841499268812843 0.00016488491283928202
3	0.00071583474002447881 0.00217535074490667795 0.00003443920062187147 0.99620129419297664963 0.00052582630594152089 0.00004418181712803254 0.00030307299840034530
5	0.01310156106478807883 0.00444338780632502761 0.08485217469023638437 0.00514008636806153815 0.02766576686350813441 0.85384923231199660876 0.01094779089508498768
0	0.70663587791262716387 0.25461975740540032653 0.00577563528472811814 0.02127248605000139556 0.00581779386385552610 0.00013132573327848609 0.00574712375010909011
1	0.02400451575630486306 0.78629448677198587880 0.03447531765907439066 0.09030964816966817466 0.04754077862959685263 0.00367486934889242611 0.01370038366447761009
6	0.07978706388365691682 0.08762176756119230414 0.02261149828273275458 0.00416297235673090786 0.09127804179963526499 0.07749835702335992893 0.63704029909269199727
3	0.00243910733019339502 0.08266771638854820969 0.00097846936851899813 0.90815906584515460054 0.00470805659503784578 0.00025973399706880881 0.00078785047547890320
2	0.03619448642475268235 0.14948486865605822849 0.51998861979241473019 0.01120089658586584554 0.04511626439351296147 0.22550290860407221083 0.01251195554332381124
2	0.00072593958822526287 0.00851076966729631505 0.98724604187889497542 0.00246705266529569783 0.00002910851873304456 0.00097421990956784988 0.00004686777198618180
4	0.00686716028398939426 0.01105455148548938581 0.00176127293064206529 0.02694654346975653911 0.94427734103940097476 0.00105416071935426794 0.00803897007136780348
5	0.02404896220933439716 0.10907089629866130454 0.00636156376443033130 0.00019957345583833920 0.02417836474102907224 0.83482420349412056471 0.00131643603658603459
0	0.67164789648948175493 0.05706886735105717173 0.01232942575331596145 0.01460747974636529556 0.11443564066438756399 0.01599213507298487963 0.11391855492240711423
1	0.05562676017459316363 0.45469242281028876551 0.00804258062679703324 0.29837047020983359369 0.05807243189124244170 0.04859186019986403565 0.07660347408738066299
4	0.00265526661079752485 0.07149231138289022236 0.02065971032664791832 0.03787557426233591207 0.85522295249373414538 0.00619718292727488695 0.00589700199631970710
1	0.01148270141150797147 0.93999604700213656994 0.01323981386551609934 0.01497761393779892779 0.01581246365505831197 0.00316284428903258969 0.00132851583895056869
2	0.00619813312003031618 0.00044136587381639239 0.92480444862375044135 0.00008201045769769399 0.02841101402758178587 0.00258875256299140885 0.03747427533413150852
4	0.08268109613866816976 0.03819743964283518756 0.00188475500241509233 0.00286798736100245212 0.86532300445399923383 0.00592183178594400325 0.00312388561513596112
1	0.00324088646887645817 0.92939810604643957603 0.00196476114229796137 0.02717423934476542388 0.01086655230086810107 0.01550614719055179273 0.01184930750619979899
3	0.00483004582814497256 0.00358209603371375303 0.00040214190803239158 0.99039924647004340397 0.00035503200824047295 0.00001637710198048607 0.00041506064984404248
4	0.01013836360296816418 0.04852881017100951072 0.01026090278993414817 0.00395422569236034745 0.91147768996235045691 0.01097944082398903502 0.00466056695738824127
3	0.00063516142920925914 0.00796969129091483659 0.00006093451941864173 0.99120665688765952073 0.00000325456901660112 0.00005983953479858224 0.00006446176898289549
3	0.02723482042044772511 0.00101700728488703118 0.00373576625296411641 0.93597421765347732503 0.02442376798527666829 0.00440393308467175362 0.00321048731827552024
2	0.00011370376800493365 0.00010029859574588532 0.99939621969555059167 0.00009767824121587640 0.00002016720019051996 0.00022653679241385586 0.00004539570687872056
1	0.01572071720708917431 0.96118349049105666904 0.00216207627858714399 0.01239717807471612913 0.00596575205021883555 0.00172825302337729068 0.00084253287495440971
0	0.97244142999416460782 0.00835065613378356553 0.00025795580803399695 0.00300456942015196564 0.01405642053012700482 0.00080470000272637153 0.00108426811101230503
1	0.03256492884188749021 0.92667372729872199422 0.00279508244143993403 0.00193777432434839273 0.01249639700081078310 0.01518997978149304318 0.00834211031129850067
2	0.00005200362326506549 0.00008791906402561190 0.99874113310068579619 0.00007953896883527620 0.00025772244003690898 0.00069298376631345886 0.00008869903683807686
0	0.93241226511222863316 0.03424921794247360457 0.00255534344605206709 0.01520611223722503208 0.00331642010048852336 0.00711575342505456950 0.00514488773647750301
2	0.00003541099136725727 0.00017599027411780791 0.94299472701299535959 0.00000950738702343957 0.00508630968081971377 0.05064503599987220384 0.00105301865380411563
3	0.05006232834982200786 0.03218912089342496063 0.00973254063571714345 0.88437005340855023849 0.01518178721766874455 0.00039730033461068438 0.00806686916020662656
3	0.00447542024598308365 0.03466736426516171810 0.00040120781841347864 0.95879873748369670583 0.00041841098462974577 0.00109564679389050155 0.00014321240822443869
5	0.00066338169304286387 0.00449819501460940741 0.01865998207466564723 0.00028857778013537187 0.00084301812752183821 0.97438174953799239209 0.00066509577203284281
1	0.00922724109173199067 0.92382836414093372213 0.00912499651323010925 0.04834128211968490019 0.00073576195699013918 0.00683056394210313379 0.00191179023532615138
3	0.05029970695175569467 0.11643324580547527447 0.03893580272653270058 0.66763818889010995150 0.06786850685027447094 0.02662035937793976945 0.03220418939791275248
3	0.00328747255610778617 0.02982965886263758137 0.00010132869217763611 0.96588036105106456208 0.00024556360525291627 0.00053599626490026043 0.00011961896785931956
2	0.00002581773595936053 0.00008490879242452715 0.99978511429421645929 0.00003753592853087368 0.00002598724403532986 0.00002968645818121648 0.00001094954665010808
5	0.00485671909222687090 0.00031893164116694029 0.00084172916959561169 0.00034005828819470688 0.00093493853320923150 0.99180397670964615120 0.00090364656596099750
6	0.00673063571084148941 0.07332806437721722803 0.00939792645779715871 0.00581303266860828862 0.06397943449811117900 0.03386448250288576906 0.80688642378453900861
1	0.00059479652703697480 0.83981794028088896376 0.00252408921035611553 0.14718092243960453902 0.00148231852012762374 0.00063319763901352553 0.00776673538297298349
1	0.00358942269044886702 0.97129318603237224661 0.00481672487176706618 0.01415093580160620840 0.00019383946249295025 0.00538393706121522309 0.00057195408009609106
1	0.24468704107436720085 0.62057615183487280230 0.00396374416565233468 0.00200420729652952320 0.05339166072227036902 0.02155686196094839038 0.05382033294535926160
6	0.00169147544620522360 0.07812689219691176801 0.01421618017182116507 0.00378192459328186709 0.01076545639891675690 0.00578484892897275591 0.88563322226389051828
2	0.00247163293614738712 0.08059262144926460092 0.91060441121505852902 0.00363519614008336227 0.00089229458855697038 0.00144520531329546289 0.00035863835759277353
1	0.00625493486635103884 0.98442956138107584607 0.00711581905657971987 0.00113049044403153902 0.00016032460493352446 0.00059928762483453979 0.00030958202219376644
1	0.01256709172212115005 0.92177857603043900081 0.00739886352461042833 0.04292422698348404009 0.00628074964461644656 0.00391479848380959193 0.00513569361091915314
2	0.00057338285488463898 0.00616882700902818791 0.98311935567696406846 0.00094001761548760947 0.00197278930889159499 0.00271804252047674368 0.00450758501426595532
1	0.02974351339952313947 0.74183091172804516145 0.12820228809463390940 0.04859733068241786635 0.01677075875584068884 0.02242321325266178472 0.01243198408687777243
5	0.00004717745139807032 0.00007580819544585483 0.00084915341247023240 0.00001224567079232694 0.00111866101622139897 0.99699173072155800046 0.00090522353211343429
3	0.00928422991451445002 0.07807717016072705796 0.04936787383872562329 0.81201261879377928388 0.01085981788218468198 0.01973686007628065731 0.02066142933378789168
3	0.00069166288207775709 0.00550448780843874365 0.00117932820833420546 0.99140263654250060377 0.00024883944273755906 0.00084862597226978463 0.00012441914364163514
4	0.01824474599295380223 0.01005521952075845611 0.00595608334938291933 0.02742721083353836381 0.90987344713920836892 0.02679638141394697151 0.00164691175021103309
6	0.00538749500052409375 0.00032193390834395756 0.00030096661368765197 0.00002738284950715988 0.00542342683511547966 0.00008048150194519292 0.98845831329087652239
3	0.02669206102112146178 0.10423972347133078631 0.04275203217274462647 0.74623410834509229517 0.03022682769518534804 0.02542386284719456296 0.02443138444733042314
1	0.02017667700674152798 0.95507626938692058438 0.00583361403335638535 0.00319599020221939065 0.00070445435006130349 0.01397909562094623061 0.00103389939975414213
2	0.00326915948340550898 0.01829317033459202518 0.94319096017057046932 0.01280102003992659304 0.00792057937384686717 0.00606108147229450847 0.00846402912536402263
2	0.00183557598816915641 0.00042003589050154568 0.99634109136575554899 0.00028126470601106638 0.00014816400437979546 0.00070656472951071108 0.00026730331567200729
2	0.00086951316366193495 0.00073644670546562925 0.98243836259753980489 0.00076359984287741533 0.00032176241157377106 0.01462150450980052516 0.00024881076908215969
4	0.12869488053602337607 0.01192822444639685640 0.06596476456787972453 0.01879646938969158076 0.68728996996925473262 0.00080452466592277052 0.08652116642483087539
0	0.89081201800359310905 0.02112595043784033094 0.00390527283436397244 0.00677127677738089805 0.01001352127872514979 0.02676497384551187672 0.04060698682258472025
5	0.00010775157955009009 0.00357654725919701131 0.00679264612733911782 0.00026585935346135157 0.00733133928566853665 0.98186109208483973720 0.00006476430994257763
5	0.06735791809751304204 0.18656342682598545113 0.06279079542316887141 0.16895740574775136578 0.05297274174123276641 0.43869474726727397673 0.02266296489707487691
2	0.01138848628523676104 0.02000431910475503061 0.92085204501334427807 0.03752765743324423114 0.00213757971065954133 0.00650508812048300206 0.00158482433227716268
2	0.00684142526658034801 0.01083571007750817536 0.96626049758737120321 0.00841068216388710273 0.00236664423523390895 0.00289852435848171348 0.00238651631093714884
1	0.00510639908621002454 0.86695209236224912708 0.01031293852197989053 0.06880534136329627404 0.00242346381877398594 0.02878147037507074874 0.01761829447241934632
3	0.02338967970856510939 0.08432114581700195233 0.04819678514964166605 0.77391764166258125712 0.03283276109777039792 0.00970696140043021335 0.02763502516400940731
0	0.94563223526225659299 0.02138910603668174246 0.00590430737789066420 0.00252684903524896332 0.01951176777833608239 0.00357656803775775311 0.00145916647182830453
0	0.98200823823972049897 0.01191237466564725594 0.00195446019601717763 0.00023854634296074418 0.00161275164824127896 0.00181997307659978436 0.00045365583081354613
0	0.84036293108161097543 0.08805634233420067680 0.00219534028923645558 0.01084548179632253105 0.01203699603268792127 0.01890556626999266923 0.02759734219594884089
1	0.03031625458098172188 0.91835260795246931309 0.00796779517162535256 0.03236267304054769173 0.00567914727178006010 0.00215290878957924295 0.00316861319301657823
1	0.01328534384983570855 0.91745746609590228537 0.00680590504289037192 0.01247442298378305739 0.01381965250501231667 0.03028766902223332946 0.00586954050034429152
0	0.99309162150634278099 0.00249347487033891755 0.00117966988966768018 0.00025703632397579474 0.00037896492440072922 0.00037578591408554788 0.00222344657118840215
3	0.00605652369437209136 0.00899928700728878928 0.00198509623929783762 0.97732991853949457983 0.00027694870596279897 0.00408819418334912220 0.00126403163023418677
6	0.23603208335220288161 0.03775847730859752116 0.01820724470101406020 0.05090947222487429702 0.07085753921322957005 0.03218655018911439902 0.55404863301096740624
2	0.00102798128733797164 0.00007205246702716559 0.99699763071207503362 0.00000826914827678754 0.00028609417150976557 0.00113136270733281245 0.00047660950644064812
4	0.02198035796845413184 0.00376897039280765442 0.06641599540900391951 0.00109471136622001802 0.86718351988317343704 0.01697868851990217559 0.02257775646043893789
3	0.03171493493105508044 0.03119031992331074837 0.00086958318462622148 0.90268051672379856498 0.03134642145610846281 0.00090119825837127378 0.00129702552272927029
1	0.00361310233967712408 0.91773000627477496760 0.00459195138477060116 0.00227553298028991590 0.03541138902854963633 0.00140355111498035212 0.03497446687695815459
3	0.03282639095829478076 0.00875964008877519809 0.04307304803358009970 0.88139946208009467554 0.00132989345347475814 0.00278588634896257499 0.02982567903681791754
0	0.69117822416049801149 0.29198455710463050439 0.00090915208784064631 0.00131137622752540580 0.00229528962395966199 0.01157291565734689352 0.00074848513819909465
0	0.99169640485982324396 0.00257631113997375477 0.00025738403740326049 0.00337361353380116529 0.00026199230858688180 0.00124420815773013528 0.00059008596268160507
5	0.02614091278846587818 0.00960847742551294501 0.00158416164193608388 0.00037881872045103076 0.00181275402931391130 0.95415196465987006658 0.00632291073444993159
1	0.00789699994070917552 0.89506662294039684991 0.00486562362926255126 0.00036859164143130161 0.03892204252002062770 0.04381722829428054411 0.00906289103389944402
5	0.01226715275195109679 0.23659004247153928024 0.22925667732967866530 0.06174754555881866586 0.00233723522955105699 0.45636782576865614347 0.00143352088980504928
5	0.00326751654628761913 0.00028881277099343695 0.00041761642336410153 0.00072294686882375190 0.00071799144848861047 0.99104133099041424870 0.00354378495162826742
1	0.08758417833505675876 0.88912936886176163753 0.00093662036117472781 0.01720350708341856008 0.00050405436758134468 0.00455443372745014015 0.00008783726355679807
1	0.03630431958018723315 0.92245868184396018208 0.00355129468561096772 0.00223315976998593804 0.00068103034451433482 0.03359307630626705288 0.00117843746947449623
3	0.01860575506735937662 0.18231464033615360498 0.01813382258063149163 0.75711264010814405268 0.00676687489971620083 0.01342001746317616519 0.00364624954481963803
3	0.00515266521313029018 0.11570863952133546293 0.00069811142679298307 0.87651249095407668399 0.00013251721963576223 0.00137294384820775810 0.00042263181682145160
1	0.01881712750002517351 0.90515508878424311145 0.04141304765568700613 0.01806584303515487364 0.00765971549775989764 0.00527445298534149395 0.00361472454178852782
2	0.01113215262728366184 0.07344636856392727786 0.85604359523886708327 0.00774264961418195865 0.03335849338920265222 0.01379660558202483976 0.00448013498451333737
1	0.00000518896938643423 0.99986747810283438387 0.00000795197843676625 0.00011121082127543136 0.00000119496122027136 0.00000679396533651836 0.00000018120151101406
1	0.00238496199358431173 0.99490547448749100390 0.00075796761308102585 0.00044834473942902993 0.00005611806047737908 0.00142384872881382799 0.00002328437712296283
1	0.01003471393855136576 0.95719778618146944549 0.00262090328441103547 0.02332555454808891288 0.00418704082240787829 0.00180497549192264509 0.00082902573314906484
3	0.02238473750005119667 0.34422175957206302410 0.00210073904865563932 0.62725548123141539048 0.00283555949842227446 0.00052790233927271465 0.00067382081011950349
5	0.00143139516959630338 0.03925030735684537780 0.00176693267436531113 0.00024204888009105271 0.03709499478207811674 0.91822738727649699797 0.00198693386052690860
3	0.05091442125990951889 0.05510051777309851739 0.00289604153595962328 0.87084374041213019613 0.00393485920916209538 0.01506954109556777645 0.00124087871417217989
1	0.02690728764215639252 0.93223943926499819312 0.00489319354261533255 0.01068110590341109917 0.00611506260655150964 0.00825583891125148718 0.01090807212901584618
3	0.00184204342801548224 0.00290180770709685953 0.00014105752080180103 0.99435505690993430949 0.00025478233960868357 0.00019182869892127619 0.00031342339562180329
1	0.00623049637403246068 0.98946774595775610628 0.00023971950849971052 0.00379000373371948590 0.00003096272080075915 0.00006394750980882840 0.00017712419538341769
3	0.08236209270582267594 0.13757983722856126363 0.01209688508124993206 0.70032394895216476538 0.00698766781569863660 0.05967875611334490932 0.00097081210315746167
2	0.00295021521677913843 0.01053237144593319012 0.98471945172091079890 0.00140102671554788818 0.00013308565243727244 0.00012312551697536754 0.00014072373141593169
1	0.00937679829182190387 0.79129902053200329437 0.00279448120210099623 0.19467386485308141308 0.00016564733643610320 0.00120733197532948652 0.00048285580922673583
0	0.81827705568395758817 0.02088108367335962320 0.00427034057266367263 0.11521786905792807953 0.02116770081288525326 0.01068591586167680699 0.00950003433752898488
4	0.05624262896117797339 0.11125589700756451095 0.01844561007772266628 0.01956495413934592614 0.73166276889987380549 0.00525233121675229390 0.05757580969756282557
1	0.00312075899858491089 0.97101426543223212651 0.00820435762728617159 0.01122390841296096869 0.00328469566130162264 0.00235263168465109883 0.00079938218298199724
2	0.01352503997728007369 0.00563772206688440466 0.97166597873820692577 0.00563162680153575339 0.00104314549440854415 0.00156106744516831515 0.00093541947651626107
3	0.06963022227526423358 0.18893514647038553433 0.00622777565168633040 0.72456681359652796992 0.00005415428250888937 0.00949036299083928607 0.00109552473278776478
1	0.24812186267249744520 0.70633868770253716018 0.01012298851787236942 0.00942718392500894141 0.00801786508722952471 0.00193887455473200983 0.01603253754012254687
1	0.05721224760344751498 0.72971587413112370957 0.02996956743545603138 0.10471763514071882883 0.01943252364945424401 0.02771901396216526134 0.03123313807763499622
3	0.01626413282133341506 0.00847158683588729658 0.01001616882255884633 0.95162851814725046840 0.00529557678485740885 0.00191576745531699057 0.00640824913279512166
1	0.05109537637938272453 0.88574114499158485003 0.00686601196687565331 0.03564787501785704471 0.00456863109510620251 0.00473115010333342509 0.01134981044585942761
1	0.03453764030421917902 0.47907878676452891886 0.08064993452368365845 0.26352084605083181401 0.03513395486807087409 0.08075447545703536012 0.02632436203163007402
0	0.81585327738998369984 0.11959657962678378607 0.01526391709159170829 0.00322074236487891914 0.00394911855541489436 0.04007560015997627817 0.00204076481137030257
2	0.00966497977170916074 0.01139687520085942533 0.95988745435296762842 0.00715441187168461019 0.00399374384936665005 0.00571516113834255341 0.00218737381506972899
1	0.00094344256618520556 0.98491164767439887129 0.00171291692397219377 0.00051642522700815245 0.00010331683139860583 0.01160385992742349846 0.00020839084961295492
