0	0.97347040984857835522 0.00900873191460290976 0.00081933495153884719 0.01419175031634023997 0.00080204492216224958 0.00054117717589597758 0.00116655087088124811
2	0.00072734489931527014 0.00028609969837260503 0.98867562634959227363 0.00041996717074658813 0.00639589443807508408 0.00307422523599477568 0.00042084220790336715
0	0.89643878939557597452 0.02820054114171341789 0.02051858988086879831 0.03171160012370487224 0.00908295890893330050 0.00772821162716697332 0.00631930892203659816
3	0.00001319966781546802 0.00006046789506516846 0.00000139329444131183 0.99992316077257381579 0.00000054001934281742 0.00000098498132458808 0.00000025336943947051
1	0.05362911360401918098 0.77380969510087849184 0.02140147276657540509 0.12627662985720450317 0.00910479993116514522 0.00317163382682035489 0.01260665491333737460
1	0.19924655787923734040 0.75685296558810233325 0.00165674809205200923 0.01865356462656852371 0.00184680215989470623 0.00321438798016454282 0.01852897367398042769
4	0.00478974752405921054 0.02065677795789713778 0.01441088584884741078 0.00208244842376142589 0.81631452918233260441 0.13757555592631226515 0.00417005513678996714
4	0.00323984444915359623 0.05093019432908928168 0.00758630845011359477 0.02672485834186379139 0.83166643915658100550 0.00436615820405358759 0.07548619706914509730
1	0.08767910303214283829 0.87401642344720043010 0.01581723815723840368 0.01432785114060051643 0.00127405538394523353 0.00409252806200300582 0.00279280077686880953
1	0.00051404491693046316 0.99782592163929484386 0.00010439214661190584 0.00024702584095117811 0.00014051379082424711 0.00114791456536242234 0.00002018710002450702
5	0.00232187707373839210 0.00644311172764547042 0.28513509409289738983 0.01078251955409572672 0.00005172872697147330 0.69420816100342330746 0.00105750782122787982
1	0.03598641256976730513 0.96120907794829313353 0.00060834689082039830 0.00019455715374964912 0.00033140004569724035 0.00095064703385296264 0.00071955835781925982
2	0.00003456618566796379 0.00001196432176077968 0.99934602574329045588 0.00017774319455871604 0.00015282733770924305 0.00009795476948598405 0.00017891844752850690
3	0.07695584651542458632 0.15853153482382179029 0.03747943047888623036 0.68057105876939860689 0.02522342756270972916 0.00880890773035683007 0.01242979411940192506
3	0.00120480448992688256 0.00058762164976684653 0.00087382044355052496 0.99720507423200555053 0.00003334036411724410 0.00006063322263901131 0.00003470559799366553
3	0.00041129659418959110 0.32851230318843815947 0.00021682330999874485 0.66843239673107390786 0.00178358034570325888 0.00047155140030763807 0.00017204843028770147
1	0.08666527310211993851 0.63292301494656211247 0.03266883007677386097 0.11192117460256834072 0.05362593026274691671 0.06651508052653856695 0.01568069648269021857
3	0.00046232453364372926 0.00213142838001050775 0.00051933507563490893 0.99657322691793182035 0.00005714329142266042 0.00019091380408487038 0.00006562799727154056
2	0.00062496844576829331 0.00014564530465137045 0.99503223114276839745 0.00104877246090530059 0.00284029136702377378 0.00027539666551741935 0.00003269461336438340
3	0.01900671813832544021 0.03694973467407032530 0.03895922889014635099 0.73927885174252905287 0.09053609140252452669 0.00655752896962635574 0.06871184618277793865
0	0.47368559300277246482 0.40060329580066178501 0.03940879404536835884 0.05833322459925142922 0.00573517431032831166 0.01210408382074552001 0.01012983442087206538
5	0.00230279720769749081 0.33431808929366257921 0.00470479376885724748 0.00071126362209510965 0.00304052058346973835 0.65451847845569033346 0.00040405706852792670
1	0.07437270967913763020 0.89937381874878419286 0.00499193238752312311 0.01254006739205792628 0.00141556090151283786 0.00510115429390523099 0.00220475659707904852
1	0.00618453578514714924 0.97860202197125156776 0.00265300932840810107 0.00874200942336019436 0.00067498120831991834 0.00294206480665361574 0.00020137747685877155
1	0.03421158744620522024 0.91446418200056145409 0.01996599736915891446 0.01697871148400477079 0.00533767390755526296 0.00558156887714865262 0.00346027891536563378
1	0.01019246884508472235 0.93955945256176454095 0.00532402384715140176 0.02937835401256619003 0.00253668220718578996 0.01163152838916506338 0.00137749013708180846
4	0.00300218124419424125 0.00559535629140875835 0.00866525677705906779 0.00235323172976311789 0.97539902066578654249 0.00180953725638923163 0.00317541603539917916
4	0.15078324570377113489 0.24521585425887643117 0.04320671099207971932 0.14952402316359955647 0.35952433271109285329 0.02324036562041081194 0.02850546755016936454
2	0.00037689578104772528 0.00039760403267570098 0.99870391187358764640 0.00015141591215359759 0.00007042826844321500 0.00029704538572301555 0.00000269874636892101
0	0.86673160710885788216 0.02778852479080692536 0.01306666003318598598 0.02676060123268105689 0.01699021970327381156 0.03449011689913185352 0.01417227023206254696
2	0.00079903578689944266 0.01357841962745343425 0.94816340961818978972 0.00560938902627009309 0.00488929958176361704 0.02163638755827236582 0.00532405880115121438
3	0.18779820003768235570 0.05672927176977693442 0.02733660921439184238 0.68891390071969571540 0.00450674418747102484 0.00422218159791149048 0.03049309247307057519
2	0.00272115125579650962 0.00023005724356023492 0.98108123661672796967 0.00007080463824543276 0.00016251558442435975 0.01544347372353090109 0.00029076093771526312
4	0.00026378551946981330 0.00012953483098508873 0.00167515653739272507 0.00002044812845898708 0.99626986593877575604 0.00064189878755384669 0.00099931025736406105
3	0.00144521799631301142 0.02731402509379052615 0.02094320674323699866 0.70291154084071827413 0.23160023079269728696 0.01135582528073354920 0.00442995325251043393
1	0.00450092799067799455 0.96368083435499241052 0.00563021221643454466 0.00496413677620652360 0.00797522130580928697 0.01209725011134302197 0.00115141724453587078
5	0.05204760366846744590 0.11316983106368373735 0.01421689244691320096 0.00075026455402181188 0.04721846291706565529 0.76889612627237868825 0.00370081907746958949
1	0.00602810146452076746 0.92459801384609774377 0.00954549831755476669 0.05212332819063617700 0.00180330879603722290 0.00495776005973546253 0.00094398932541646700
3	0.00044065397352078021 0.00091398244986729514 0.00066209178631802606 0.99750649858304385464 0.00005599533967865287 0.00023783044987738268 0.00018294741769417654
3	0.00360248734470391832 0.03936944939588105097 0.01044567346980239050 0.94278404330154108592 0.00066994043657725032 0.00039253088239817768 0.00273587516909610000
4	0.04351786904075070211 0.06141870103897578703 0.03504283742820851061 0.02146004111405671808 0.73123373892922860495 0.05425915501384358242 0.05306765743493607052
4	0.02926008548161472891 0.02649377065623522917 0.22433483749273774865 0.03068154448929995282 0.55347199006812297650 0.06593744783231608730 0.06982032397967334603
5	0.02531978052891338885 0.02291474618034013491 0.00393300311237771306 0.00296479310842726659 0.12580542806768246766 0.74870081634466834064 0.07036143265759067789
6	0.00015044420927195202 0.00073388726443208291 0.00045720433966960170 0.00035226258785883523 0.00094798853772854136 0.00016505307097920826 0.99719315999006041817
1	0.00021905935261045775 0.99927957535392908373 0.00005907466161119617 0.00007375744553539191 0.00009230969499865082 0.00002535767095357790 0.00025086582036025333
2	0.00051734778690769952 0.00250184319841258336 0.99028852373996567593 0.00110827872695427637 0.00142175636458630509 0.00312251805889419672 0.00103973212427842612
1	0.01255532274655149494 0.93222135159215357980 0.00420412118391010579 0.01726271275758807511 0.00098052199148588475 0.03077351045909991131 0.00200245926921128938
2	0.00071234972979065058 0.00166321202744810375 0.98639513698287062393 0.00205049156242120573 0.00440785746474087019 0.00273640270678206059 0.00203454952594635296
6	0.00371993330356790424 0.04352937419381720102 0.00628234749013167372 0.00448651972893218069 0.06349474360826622144 0.00257328088159544926 0.87591380079368952316
3	0.01977963589494734567 0.03198111235571276384 0.00069855992795623070 0.94388017273685675956 0.00098262401820944662 0.00157485970641271962 0.00110303535990481844
3	0.00164519702288235870 0.00183229815178301281 0.00045707991891508209 0.99597603803487344543 0.00001151852858728326 0.00001265805705672560 0.00006521028590233144
0	0.87395301933417190998 0.02953990096386435379 0.00441663091008800534 0.01637014290584537513 0.01624005946786234375 0.01752733217336317761 0.04195291424480485087
2	0.00030032416233684945 0.00089925120514963480 0.98660528773387423662 0.00028939538627663911 0.00122841268467388455 0.01012207830694578960 0.00055525052074271118
4	0.00054307267633754415 0.06131144778657591360 0.00174717693231361457 0.02690248770290558367 0.90417502482378397932 0.00283949444479694941 0.00248129563328630329
3	0.00198326463685838221 0.01615064499844611617 0.00023237989784483058 0.98079080170729593391 0.00072558121004816342 0.00007350169594078855 0.00004382585356472244
1	0.00093234554536502669 0.99599401332894144101 0.00048148293367701004 0.00189627599904026024 0.00007413730946301753 0.00059837643163293997 0.00002336845188105977
5	0.00124729162061372467 0.00014164631181429969 0.00027645795022582676 0.00019914145337728101 0.00016041253843485716 0.99759746433049489855 0.00037758579503894575
1	0.08393577134026826425 0.75715765111154209599 0.00375168039167825262 0.01731775022759753438 0.07456207284418711612 0.01593148550203586644 0.04734358858269050591
0	0.55659792191538026707 0.41705419734781340457 0.00124466834158425761 0.01621083625216883026 0.00161902082338057779 0.00605590618553572980 0.00121744913413728830
1	0.00310085221561594597 0.98125171089669549485 0.00039189307739914762 0.00823374726389798813 0.00544787827400528956 0.00094448997214524046 0.00062942830024167171
3	0.00004371003204131676 0.00062006527578730862 0.00083014991765516905 0.99784759743611561866 0.00001160127137481121 0.00058152945188276255 0.00006534661514223878
1	0.00032687986392040334 0.99816150466098596539 0.00064168085907017009 0.00044047263643626580 0.00016073619997578531 0.00020181097857365464 0.00006691480103719711
0	0.99628214088659572401 0.00089861854108232706 0.00006223927273246836 0.00053573390404594589 0.00044905491962319585 0.00021692742647932015 0.00155528504944112914
0	0.98631860926114800492 0.00434321355643934020 0.00158425868387163256 0.00523076516078175863 0.00098810035180589605 0.00061448679443734731 0.00092056619151606044
3	0.00029968016296057237 0.00756288539493506651 0.00010611884903468705 0.99140011657719828708 0.00009292111403127718 0.00005622001912050589 0.00048205788271850526
2	0.00085561280383445880 0.00048505660120950702 0.99674535586828849620 0.00117855078145570982 0.00030731905981687602 0.00033449995447636517 0.00009360493091812491
1	0.00780157032427880159 0.98328549605994708394 0.00130982832038433849 0.00529320261527218075 0.00143755276459314740 0.00025140541787306667 0.00062094449765119392
0	0.80950838960014337431 0.01752116833588269335 0.01111718278260694082 0.00846949349209880076 0.03357384093886073284 0.03508786139067404664 0.08472206345973315456
3	0.00161953959985254516 0.03283584041925594749 0.00011534132981976775 0.95308777721255599769 0.01117369628390604483 0.00078610113288968275 0.00038170402171912126
1	0.00019908215717502915 0.99756807257460411442 0.00008743145231276993 0.00083980650682660945 0.00023701009726863112 0.00011144184063369816 0.00095715537117918104
5	0.00004662510938524788 0.00052145524820586112 0.00017294833138794288 0.00011232110651547289 0.00011344015952514233 0.99894035092769206674 0.00009285911728699808
1	0.00255717682447662974 0.99341264242711857513 0.00033267953062852192 0.00292283429333185839 0.00014095893662249896 0.00038580129522761066 0.00024790669259474571
1	0.20794651447283943324 0.65127323659472124984 0.04426550858312004733 0.06866364495918249322 0.00469259717757467172 0.01867067939312527791 0.00448781881943662291
1	0.01714438639226354560 0.97022540907835297386 0.00016662968706920649 0.00231549531191823244 0.00237844209403620822 0.00508051731302791056 0.00268912012333139949
2	0.00220545169862327315 0.13737652489968626979 0.84347648218269000164 0.00053833724382032684 0.00064162470545341143 0.00768715960864157100 0.00807441966108612616
4	0.00012221185625245593 0.00011634707676622481 0.00075973114680155586 0.00693640368265122705 0.98690129068501819543 0.00040516809693804735 0.00475884745557151115
2	0.07888962197214617611 0.01219254655734679400 0.85523670740834278892 0.00413609887690895989 0.00402076579392988010 0.01747744473536347320 0.02804681465596188181
0	0.99565221766082323551 0.00023227048674145936 0.00001104161154752101 0.00361006366128652613 0.00007325064544228894 0.00011814888446462832 0.00030300704969429658
1	0.00135948700468681055 0.99715378668206056112 0.00013022789314589027 0.00002220329429396465 0.00015521611936958888 0.00075401817003222578 0.00042506083641071375
5	0.00992876212954670913 0.07373146004350383809 0.00770658338919007809 0.00697412371429411131 0.02335016207115758746 0.86562021802922539671 0.01268869062308225493
3	0.00055693659937655876 0.01011295271887786319 0.00131889846325014375 0.98726949857058543536 0.00025710960525635512 0.00030975276289991365 0.00017485127975443935
2	0.00003492469074784565 0.00009778785497612010 0.99904571740729664064 0.00010858481704766546 0.00034578447190561948 0.00022002671275605856 0.00014717404526939549
3	0.01665944518288201698 0.05258779728487864707 0.00270860283927737162 0.92152611991765875921 0.00169132786740071339 0.00045853014310553867 0.00436817676479686005
2	0.00322651756622503076 0.00009173636928622445 0.99374060528384333679 0.00120869129141176626 0.00092753977864626119 0.00073980603804689200 0.00006510367254067384
1	0.00020243381489999621 0.97891607933489122040 0.00033335573678133838 0.01782891363271963542 0.00018473661762383913 0.00195056145044861262 0.00058391941263569516
1	0.00035439937069164338 0.99745488693852368822 0.00041603141239428157 0.00073254165560540923 0.00012158990036851323 0.00073813331770607204 0.00018241740470937445
1	0.02155317211567412197 0.94225483198332748991 0.01100511731336699904 0.00870928448063024857 0.01132031528568782502 0.00119741635090843011 0.00395986247040474616
2	0.00036870712337182536 0.00016445133480127124 0.99674442297164256299 0.00035519547760861026 0.00034126822770896067 0.00076184557210572741 0.00126410929276279341
2	0.00229727413968266233 0.00081064466634389479 0.96011118392153582679 0.00074227865469624185 0.00354765296519662151 0.03207621694890300246 0.00041474870364245273
4	0.00300698212198913456 0.00087902750682020104 0.00143910744989607202 0.00035949921877132137 0.99205260264168659834 0.00007264633227500187 0.00219013472856175026
4	0.00105405844371042937 0.00137799422806254368 0.00131314722528357453 0.00007512222228530993 0.99357210186817102038 0.00078071341506408373 0.00182686259742323963
4	0.05061646775878161919 0.00285295213350348362 0.00389262516677090506 0.00044313995895633578 0.76878208066553588296 0.00493664473837426322 0.16847608957807788665
0	0.99094378598966170735 0.00505077619591088895 0.00007902686261939756 0.00044777918681455502 0.00061995096394530202 0.00231793665905406874 0.00054074414199390254
0	0.98935783424590084678 0.00172945613397856054 0.00025883979554615772 0.00034639055239238755 0.00319403588510690749 0.00020070410859155779 0.00491273927848371369
3	0.00002402396785670338 0.00005196786426722773 0.00001079176715419089 0.99991063776921829120 0.00000045512802359434 0.00000142577313675258 0.00000069773034322689
0	0.98398813705654541995 0.00168418990278739345 0.00019314927880024398 0.00986506224906687386 0.00127297567515545951 0.00036379121158699692 0.00263269462605746291
1	0.00694287262607760827 0.98828614904408595976 0.00093707339445222931 0.00093687798387627572 0.00009990304170741429 0.00262313214491814413 0.00017399176488264398
5	0.12140990651720243165 0.00460960239746493333 0.00291163052079844008 0.01332090597692162093 0.00027678894717001026 0.85704941351222641011 0.00042175212821581975
1	0.01196114066908476013 0.96485343489510910775 0.00205641009651987613 0.01061539258209848180 0.00824804869984491380 0.00213435759763420680 0.00013121545970908616
1	0.05154496730631898810 0.84966944459131410472 0.01821531759869219821 0.06587959909343132914 0.00367027532697382928 0.00566555275398877584 0.00535484332928104663
1	0.00082587682534996320 0.99803702746983280480 0.00003221660257928368 0.00017146047954861150 0.00002866899328334687 0.00089202148123691610 0.00001272814816864535
0	0.99392688634351444854 0.00211973071518512185 0.00019552514932628535 0.00092822045226349911 0.00168709772726431803 0.00008303428024257905 0.00105950533220382746
3	0.07794232022351797740 0.10761917650175521766 0.01215191925344748930 0.73769227677319548775 0.00957283927202743322 0.04995418350125768042 0.00506728447479876803
6	0.04584729603912537227 0.01345252644752981293 0.00692796803999831245 0.00030842187793961328 0.03949471239123131944 0.00239580047064120527 0.89157327473353431557
1	0.00025217915006986121 0.99583960384278114031 0.00017939032262047043 0.00003500851731065441 0.00000989307924492102 0.00344694289296245283 0.00023698219500957574
3	0.00014292346582221214 0.00058179044905355454 0.00002140795716355933 0.99820940614274022984 0.00062426841481307384 0.00003834193721791680 0.00038186163319070960
1	0.04686199992972914924 0.85373400381028563544 0.00204266958977157576 0.07746123725227126167 0.00918480648993064488 0.00940117904073263511 0.00131410388727887413
3	0.00413956422483333173 0.05743392657629399489 0.01236519717279361587 0.90822218188319492338 0.00787857264809244985 0.00806511189206073585 0.00189544560273105771
3	0.00278347932998665578 0.00145173594925522521 0.00386993893427756098 0.95796852514400299139 0.02681983910982328745 0.00370682095029503320 0.00339966058235886479
5	0.00071863083051223401 0.01293279390033976427 0.00135456708966427003 0.00104068118040062619 0.01104659862867016923 0.96883445023643277594 0.00407227813397956998
1	0.00780737861905003629 0.95598343799088458805 0.00728641964020308903 0.01498378769791947063 0.00450180773734686849 0.00333436338249583483 0.00610280493210044097
0	0.97997311802557496296 0.00187400331073559541 0.00039572240329695165 0.01633324663584780762 0.00032844222782670127 0.00011555506343958078 0.00097991233327828615
1	0.00001407469157181336 0.99836043050950362687 0.00006420683956934988 0.00055327812100201422 0.00009137327732442623 0.00064858190563999178 0.00026805465539069006
1	0.03047999865118516949 0.94208734988934661470 0.01284896625425303689 0.00308134736246541219 0.00295536615391039578 0.00836527039097249327 0.00018170129786657512
3	0.01301931590028288649 0.00338264708043130432 0.01177220270679893259 0.74759810774621793250 0.00621172822003184053 0.21768324792876786455 0.00033275041746920735
0	0.92091881370276340579 0.02443961478992604658 0.01435955536487830767 0.01090371464884214332 0.01054674352096103898 0.01347567622942751758 0.00535588174320149411
6	0.06186655496916401015 0.04280776663704149304 0.02442268317394657995 0.07597832738207672965 0.12168952113775688417 0.13401569051840184210 0.53921945618161248870
0	0.92256671642475762685 0.01620072919391113073 0.00055028562909070333 0.02960751380672730845 0.00947786048822255207 0.00558414341114032726 0.01601275104615044326
5	0.00287426452545311729 0.00442555238298799995 0.00130021346583585333 0.00079038654744607883 0.01178674759600333542 0.97373226279312208309 0.00509057268915220212
5	0.00043491217775685917 0.00371575721401789247 0.00115619264930323889 0.00109328860826380671 0.00016491195264625738 0.99338549200379000492 0.00004944539422173248
1	0.00048632648160053894 0.99798812833090888574 0.00003308162634247756 0.00046868150330382476 0.00065670028578328156 0.00015292347453673997 0.00021415829752365880
5	0.01251625208592106742 0.00800169341599729980 0.00015093945059323701 0.00147613101304594160 0.00063132986621505436 0.97704887451671507126 0.00017477965151220528
2	0.04917179483426712544 0.19376946733497321662 0.60088354861862913747 0.06932514471201631223 0.03502975598305344690 0.03724280364344347699 0.01457748487361719067
6	0.03261245916000355544 0.02926444924523795635 0.03906362837757729883 0.00227923311764303624 0.01305186460455414615 0.01225002406693459500 0.87147834142804936342
1	0.00484357518776143327 0.98063002431392987113 0.00016951833371836610 0.00695981468499827852 0.00712421854738557684 0.00022143616999683550 0.00005141276221034318
2	0.01345151997297997469 0.00168479758852504015 0.97568245606168879647 0.00002139645330607254 0.00141674562010488440 0.00686093951244532655 0.00088214479094961284
1	0.11783694945785648522 0.85007582921707769419 0.00529378282330930650 0.01955099079821369379 0.00486854175290102678 0.00101808911109431475 0.00135581683954788621
3	0.00161737961287967882 0.01696805826724436667 0.00168528541799300101 0.97769781300436520155 0.00021175862695671621 0.00036585648686042032 0.00145384858370133790
1	0.02397974210300421460 0.94091356570816042648 0.00537060748314972022 0.02314781835326043188 0.00312149256828825371 0.00229655374701130677 0.00117022003712561793
4	0.00038871174254868771 0.00109064945553530193 0.00074349962430606703 0.00026772633046460135 0.98479678174011597847 0.00073919367001337700 0.01197343743701583668
1	0.00034026369455693182 0.99463465288183172675 0.00006500289979101741 0.00476412643634305157 0.00005691669592576521 0.00010695118745669336 0.00003208620409510172
3	0.00351873445609144535 0.00663810364612919812 0.00047737803950846208 0.98634230378183318511 0.00199259038974063151 0.00019767332154579879 0.00083321636515194938
5	0.00464032494293923226 0.00041163050606877409 0.00399439309253330106 0.00156368811724510179 0.00205539330789016126 0.98625708240712139929 0.00107748762620249352
0	0.69122035492861888528 0.28031130883194949055 0.00411032607165480804 0.01104390516500256686 0.00956411322060043978 0.00024394489664774293 0.00350604688552601717
1	0.00501269547629451095 0.95117097923681104277 0.00568166617676727978 0.01963966839213280094 0.01553577375922372480 0.00139878698815245413 0.00156042997061765516
6	0.04554563921338059679 0.00525749753368238894 0.00261968629074031808 0.00051561558680858184 0.03454388867042205991 0.00835274734025217951 0.90316492536471382202
3	0.00359238489168149568 0.11985697929873970202 0.00224260949217177730 0.86813977850902279698 0.00399711622206661617 0.00055424801268437560 0.00161688357363384632
2	0.04312646575439195440 0.24150178206572467388 0.39622318694761771152 0.02361486167304416642 0.06795648369555047641 0.20577848276488142076 0.02179873709878937804
2	0.00050435303253960732 0.00413261532631867268 0.99411310520526230405 0.00052076394256719740 0.00003649839882526023 0.00067344176511009268 0.00001922232937695581
4	0.00149056099191659437 0.00730501508145123529 0.00153284291126543374 0.00730548551253654838 0.97340988112528403775 0.00123444538847890619 0.00772176898906788700
5	0.04601322244209609530 0.10701767691914074176 0.01151104922300041217 0.00082750095054581654 0.03249941251267787073 0.79972623384561558613 0.00240490410692335019
0	0.80099669203179213461 0.06436407112697992150 0.01063902012343359745 0.00838294809781713231 0.07549433297074159555 0.00867113710027247846 0.03145179854896313493
1	0.04194164109004250990 0.60055717956999776774 0.00519828810889614006 0.18171943206481291910 0.07322289787792717053 0.05198815973929858669 0.04537240154902425632
4	0.00071112618534725780 0.03474600533172098049 0.00818523864375649522 0.00795943324114112630 0.94216450896194836595 0.00341935640712240927 0.00281433122896285887
1	0.02268082737736089316 0.85393463924131840503 0.05603816763294609121 0.00771166221148534680 0.04970110985992053781 0.00608805176761561834 0.00384554190935309029
2	0.00675460557381356557 0.00093919482088107131 0.88681364312806276740 0.00045991395965914387 0.03183843731523616771 0.00578180359537754096 0.06741240160696983230
4	0.05248902250601396313 0.04677151530292819603 0.00550919883447311895 0.00185699783044169717 0.88792287200204700337 0.00436678126903436784 0.00108361225506196489
1	0.01012706289724570573 0.86390085462328602972 0.00462331453410779088 0.05984065176903988897 0.02205637691399271738 0.02180193199870614912 0.01764980726362120819
3	0.00051722910471398772 0.00107762656416978786 0.00015644429990288930 0.99814144531690052187 0.00003279106950326206 0.00000849718425913084 0.00006596646055059775
4	0.02767367138535536952 0.07631353405356434971 0.02268440780402744550 0.01676736110100119845 0.81755104712080228779 0.03274777299181909351 0.00626220554343057990
3	0.00491135756939355995 0.04051607886208970916 0.00073097589982374712 0.95259787566413034465 0.00009265504189522085 0.00057399345380273808 0.00057706350886461370
3	0.06626556522002297056 0.00123194405774771872 0.00232458869543240420 0.89803922354475218537 0.02692044093351150802 0.00260570833737534726 0.00261252921115759807
2	0.00005013407682510267 0.00004330974030400301 0.99970173539133588836 0.00006065819838816810 0.00002979752200591983 0.00010552028206719811 0.00000884478907116278
1	0.01618766836513066756 0.96521812967523024085 0.00130925492740069350 0.00962039347157556124 0.00658042371204142426 0.00076132848477537568 0.00032280136384689451
0	0.99791433485774738710 0.00044522227675716807 0.00003331824734605303 0.00010630946636209879 0.00095884906420537182 0.00010979861768076994 0.00043216746990110729
1	0.03328970419541116277 0.93704674301430723737 0.00112593423662889929 0.00109192448570600274 0.01060705988939477165 0.00967719844852927245 0.00716143573002293171
2	0.00002219366419142793 0.00002019611453402627 0.99960715394054078242 0.00001895561382156833 0.00006380641536427796 0.00025797724692825589 0.00000971700461973283
0	0.99492417732787619133 0.00094622674019134939 0.00010666035998671360 0.00245587534689091069 0.00025526226115311012 0.00039732820327264331 0.00091446976062921489
2	0.00000511412902747212 0.00001813854102854570 0.99645383371551654594 0.00000202569423559963 0.00055684140647681377 0.00291731093760598005 0.00004673557611013682
3	0.19441182757529754110 0.01476617548305150969 0.00118974399460201820 0.77541984190807811128 0.00598635487596913159 0.00024410386228187743 0.00798195230071999627
3	0.00794207521692812460 0.04780069575306359481 0.00220117122477063790 0.93623755543066056184 0.00275206714811725801 0.00221712529145789506 0.00084930993500208685
5	0.00005088606486024790 0.00034668220990123426 0.00132622088839148876 0.00003794989503812242 0.00001435122306544399 0.99818745049964596738 0.00003645921909747503
1	0.00208562600817443263 0.98877266493855497931 0.00104481585918911389 0.00643959214894414007 0.00024164682040559435 0.00120291329271395627 0.00021274093201812888
3	0.01610670387902222653 0.07360781491810700072 0.00372851372152717409 0.89320893219215724557 0.00422869082644124466 0.00486868637792450213 0.00425065808482074682
3	0.00055598428691791036 0.00482743064191378923 0.00001262793231521270 0.99455788192404948056 0.00001786009774395542 0.00001938254242101419 0.00000883257463846351
2	0.00000705666538505934 0.00001767195100944740 0.99993680340473611867 0.00000810703862007900 0.00001853642830737453 0.00001002443923847461 0.00000180007270277829
5	0.00129479580280162970 0.00007415762265546754 0.00009145593562487994 0.00011956669434549618 0.00014601555260945382 0.99815929430499361619 0.00011471408697000887
6	0.00437935915933799092 0.01254844251065559586 0.00110094761763733138 0.00118590481334955871 0.02757784302123662129 0.00263792788063114134 0.95056957499715211135
1	0.00060634873466236083 0.63359101579786547553 0.00058605724147308400 0.36338176492264595563 0.00070502021524768230 0.00022075269643991995 0.00090904039166634081
1	0.00249940965923040612 0.98986662404780512148 0.00208212734587724223 0.00272010346489782269 0.00014104139110758735 0.00251545661216594565 0.00017523747891646545
1	0.16147892311687614408 0.70019770414742077413 0.00408351889655525751 0.00443703920045859877 0.06774474100192801052 0.02478291966418081499 0.03727515397258067409
6	0.00086873871279422390 0.00839447161356827835 0.00197999934962268722 0.00065170176042056525 0.00281247548879414149 0.00022173657487940525 0.98507087649992108869
2	0.00048721908013481052 0.00490427588665829240 0.99327908144212007091 0.00037854342530380353 0.00021227497679895203 0.00065255044930680249 0.00008605473967811956
1	0.00336210858768308920 0.99595322497266380868 0.00026306202667153385 0.00021705643469447738 0.00002947929668494744 0.00014102006430373730 0.00003404861729870054
1	0.00129528636364402731 0.97936851803478885969 0.00101200331045756355 0.01416184144381082109 0.00232106854611029449 0.00139122771992348094 0.00045005458126575664
2	0.00007852992091389350 0.00010286218313669341 0.99870384471778483881 0.00016089871330201967 0.00029284102466982197 0.00052964009089549106 0.00013138334929592297
1	0.04350808689304531268 0.73219729380109499495 0.09699243261434707664 0.05605603358298700406 0.01932588869958237060 0.03489734171695871995 0.01702292269198458358
5	0.00022976587518125287 0.00081324490055390073 0.00196751133086130701 0.00014271407834722685 0.00571940042776118186 0.98705332532566192327 0.00407403806163264548
3	0.00306191002322093835 0.01558860780927818698 0.00304413885716663894 0.97486208254356954139 0.00064367231403078637 0.00173207774242980410 0.00106751071030331164
3	0.00019784093090547211 0.00250991285334822324 0.00010030194958960497 0.99698189777788737143 0.00002776466822663742 0.00014616304430943494 0.00003611877573288006
4	0.00146442243574710523 0.00067749569992902215 0.00081666022774786612 0.00112422977396865569 0.99275510924157817083 0.00286537086981899667 0.00029671175120942741
6	0.00028976493436685648 0.00000986569905219357 0.00002567381214133399 0.00000164560904551716 0.00050170977814198274 0.00000286232350510004 0.99916847784374651642
3	0.00359134056553308623 0.01871828580998392486 0.00272524101267449751 0.96886500512517648165 0.00223375404628058018 0.00176153963524881287 0.00210483380510198461
1	0.02501931066821745653 0.95061775247134272515 0.00769435607491925685 0.00141863036107434505 0.00055420972849030926 0.01334718592626249305 0.00134855476969386275
2	0.00011892542059352570 0.00022191880432029189 0.99826412113750784272 0.00061999918989323231 0.00044635362193028893 0.00013518681671406463 0.00019349500904076078
2	0.00009003458536699328 0.00001885122937576678 0.99975456219104186228 0.00001978539151161466 0.00001559719713121597 0.00006522202193074499 0.00003594738364101505
2	0.00713285224079879959 0.00617278061540008256 0.94115325825474105415 0.00243577719989973877 0.00228741567398993775 0.03958046300735890144 0.00123745300781304655
4	0.01478560071997055830 0.00189915826030356274 0.01942855992263370704 0.00204514942279932117 0.93298573381855087749 0.00028851239769002890 0.02856728545805205938
0	0.95136293892744006051 0.00780981458669104903 0.00087648939533273805 0.00396601842830088171 0.00359448427655095900 0.00825183071976881566 0.02413842366591569671
5	0.00005183427070896287 0.00036477142008466314 0.00022228661284794479 0.00009675114127494104 0.00058315166495942451 0.99865133730302946269 0.00002986758709482695
5	0.06171849792704419552 0.03995476643419321183 0.00599754611620174037 0.06352790004421522696 0.00700960191311366353 0.81916152851876622432 0.00263015904646573791
2	0.00416538493235730882 0.00114540142175831436 0.98878521625877546786 0.00380121673876232871 0.00070421871775579712 0.00133157230130800811 0.00006698962928167968
2	0.00065323851330198544 0.00028588057887202786 0.99776328541828795959 0.00044345436774262815 0.00031664139645453011 0.00045592073357811520 0.00008157899176275993
1	0.00085427367548796104 0.97571692339899507296 0.00392822242359607866 0.00890981609933263856 0.00064854921891241164 0.00846160561332624794 0.00148060957034955071
3	0.01956404602243177679 0.08372452450304353200 0.03111937609166841659 0.80671749526844216405 0.02323846617466026818 0.01304215593008959360 0.02259393600966388624
0	0.99228951029014411667 0.00368541155571941751 0.00018397124497644435 0.00098182469819226470 0.00209938304190805192 0.00033775629424757480 0.00042214287481205447
0	0.99824617675106053216 0.00118695458226341396 0.00004676247461283984 0.00005722881880065746 0.00015602779650083053 0.00014410195560779374 0.00016274762115376420
0	0.85332761593836758962 0.05974640606716483809 0.00405652876435476980 0.01363756507412858948 0.01640836658243792837 0.03019291856754797998 0.02263059900599828991
1	0.00395954065422510562 0.98822996675995478100 0.00086883239689456685 0.00471213833727440658 0.00150988271919921813 0.00051572622283366069 0.00020391290961830523
1	0.00250833400846456594 0.97210150922701621390 0.00264492022744692830 0.00708567480439487030 0.00565419521173230605 0.00782578847582106503 0.00217957804512406176
0	0.98960986109797743904 0.00271569059683459150 0.00245507346530173714 0.00065746320641874012 0.00057660574015246319 0.00036580546894977980 0.00361950042436519999
3	0.00029692274226697914 0.00049710598401800376 0.00006481941749556579 0.99899050774166764377 0.00000831083025676365 0.00008644742158270025 0.00005588586271178689
6	0.10103228184677875978 0.00952144803911097841 0.00894609911940683414 0.01866176054369111589 0.24433575570260027132 0.01026723524129943138 0.60723541950711268367
2	0.00007014080900258320 0.00000596734218660350 0.99960522098197501784 0.00000073574503407231 0.00001602261266505994 0.00028843002264407748 0.00001348248649401922
4	0.00253101543109206370 0.00044307720284759419 0.01694850762294508942 0.00015226146426917478 0.96950244465219836965 0.00213349348043414232 0.00828920014621331580
3	0.00547112604633648476 0.00134175005312816122 0.00008928301999632743 0.99188387607190098283 0.00104832668413234608 0.00007523877977691375 0.00009039934472904045
1	0.00418230975157708480 0.95998720421344474474 0.00142255377142277745 0.00081435715958715082 0.02367604407638747646 0.00087975254920950798 0.00903777847837164069
3	0.00157139548434420424 0.00054705555523501840 0.00524999774737630424 0.99150916162818125699 0.00013890671379698905 0.00010266089442273660 0.00088082197664303690
0	0.70434529647937926811 0.27069033551822613282 0.00259169319229819121 0.00528781175065027535 0.00263845138911787550 0.01246898798938559511 0.00197742368094279896
0	0.99096066165400964465 0.00230153954597926485 0.00086462181012358463 0.00196384026722116935 0.00030957799258329801 0.00278620632354032111 0.00081355240654247876
5	0.02226399911946692206 0.00994969032266190129 0.00432415696035273051 0.00085657024681736740 0.00171711208538142829 0.95705791108687265911 0.00383056017844690027
1	0.00692247769801638754 0.89826478015761779261 0.00192846107205867133 0.00081700729907835878 0.04349019513318076735 0.03548368821193535055 0.01309339042811282980
5	0.02387182801250865849 0.26643621792373139989 0.18627658968025292974 0.08380079240845361710 0.00546265983135650526 0.43105839566684661657 0.00309351647685001535
5	0.00076504283145210786 0.00004790948441159753 0.00007257126122003658 0.00029584668191252460 0.00009636138696881095 0.99843445561428156854 0.00028781273975354176
1	0.03748366376166127611 0.88345373563931406391 0.00462974785915033511 0.01375303515218940023 0.05444188596519290019 0.00583747166240357589 0.00040045996008913610
1	0.00349239905301557086 0.99304999315650288594 0.00024553492257730524 0.00027040370259677726 0.00007859838754353408 0.00276731350528391798 0.00009575727248006007
3	0.00409351540668412544 0.10421444111963852619 0.00117412251969367751 0.88744660311241418960 0.00042149726503630628 0.00197179837704070712 0.00067802219949372852
3	0.00854315087308209556 0.22086771189598883303 0.00425224288509124752 0.76135428729464793562 0.00020125733824450704 0.00395189657848474610 0.00082945313445985478
1	0.03393451366667386837 0.88603634836458267099 0.03495901640199342020 0.01890727669112923434 0.01079333270029837408 0.01036068853928892065 0.00500882363603356775
2	0.02399844743891759585 0.17498385475580549575 0.72650661966754426224 0.01635132965797598051 0.02248515497752216416 0.02799638339076921181 0.00767821011146536427
1	0.00015769183255051746 0.99707081767232219605 0.00016861284896689465 0.00240875026069310586 0.00004027957901972617 0.00014662901450779653 0.00000721879193932618
1	0.00033496854385362538 0.99849007789506882826 0.00010063228108458807 0.00038663134385426306 0.00003866334813461413 0.00064106226638379596 0.00000796432162076170
1	0.00247121374280363489 0.98579636461079966914 0.00074634704762689306 0.00810619048519072537 0.00173618641814516934 0.00098185557970143140 0.00016184211573192143
3	0.00107207907660621517 0.17729119864039757926 0.00020557736365450384 0.82110943640281197631 0.00017016190331794787 0.00007429818032078738 0.00007724843289081754
5	0.00335792979362290345 0.06107541650157413682 0.00331286547838141208 0.00068844693234253521 0.03351997601870971427 0.89440077601657730355 0.00364458925879197499
3	0.00843408929257872565 0.00620548199720371164 0.00022906674437888226 0.98232708127247669871 0.00036952453329235676 0.00227953618766776238 0.00015521997240291357
1	0.00852210419814516951 0.98074123600530993539 0.00063522112196285512 0.00301441514710585039 0.00327556459812918107 0.00242168440380472394 0.00138977452554215676
3	0.00245651131623214310 0.00192957863795907873 0.00109934413735160723 0.99050983766066480474 0.00137495560693765310 0.00088629115012319392 0.00174348149073182829
1	0.00063645368099102468 0.99922236609985259914 0.00001451026910044087 0.00010667113118749234 0.00000540619469777282 0.00000481098475877974 0.00000978163941172740
3	0.03546636963959080846 0.04090302328727574155 0.00176449124505728520 0.91588450115072039814 0.00032805002606083771 0.00561157959144356362 0.00004198505985109030
2	0.00025502205079748296 0.00012856218928857064 0.99952186778888185703 0.00004847914461974839 0.00002457270834484867 0.00001623410536321926 0.00000526201270573932
1	0.00133232577839282750 0.69285578481549980889 0.00019777788091740605 0.30533395435906801607 0.00003069435289797772 0.00018203327171310117 0.00006742954151064658
0	0.93688639722541611210 0.00723656436775590040 0.00052080428900459232 0.04840312724735659072 0.00242116169054742460 0.00175651548632793230 0.00277542969359167524
4	0.00590581148434055070 0.00660652191314038510 0.00919584410559446015 0.00304499515334106336 0.94748419555147700422 0.00092947068254900847 0.02683316110955658029
1	0.00055587512899891544 0.99291233200880679721 0.00203721228591034276 0.00195743616516681936 0.00074306646959093430 0.00169583947750981292 0.00009823846401533526
2	0.00069557747841265331 0.00013502698498092005 0.99843117968266692497 0.00036569436085449338 0.00010996653173670382 0.00023100858972833165 0.00003154637162023024
3	0.00993955240302607859 0.04165513300773034805 0.00268070941279860723 0.94370638461273925746 0.00000801580569282752 0.00168431666244752906 0.00032588809556518525
1	0.17017302993647084874 0.74070476391495654322 0.01171340039037387440 0.03900009195210874663 0.00577232695818221102 0.00653222592443046274 0.02610416092347735140
1	0.05486608173485191253 0.86954656577131550499 0.00944522552491769418 0.02398502597030341063 0.01299286962902908987 0.02144304418609828747 0.00772118718348410900
3	0.02148697054814883295 0.01257958809485647429 0.00890982260432991897 0.93376052157473787840 0.01499308464024870849 0.00178710861165668226 0.00648290392602227268
1	0.06316615417566566471 0.86987260130960541993 0.00629242347393145583 0.01976854537507603815 0.00682338818872650979 0.01027863332753403691 0.02379825414946101780
1	0.02065233149377878122 0.89677528988597032811 0.00821000394292102816 0.04421325390478309664 0.01313220806535740637 0.01441743157446457625 0.00259948113272497451
0	0.71632862816371123404 0.25257828198116927254 0.00331890024325967115 0.00449435069337650577 0.00431927031485271080 0.01785045995100274091 0.00111010865262785373
2	0.00111219331973692165 0.00035114814564680432 0.99613057681871186588 0.00045753946857222223 0.00059307347076051494 0.00126048034161854098 0.00009498843495323310
1	0.00039337041499669568 0.99384460722866263538 0.00054115209322988295 0.00031295138941555292 0.00009517418663636109 0.00469260985922782294 0.00012013482783092592
