0	0.99085058469391129599 0.00318926038733110618 0.00014555395830169433 0.00498959829871397417 0.00027097272390581427 0.00015242762855245554 0.00040160230928355258
2	0.00026264644920360081 0.00022703514448147672 0.98706770328582793539 0.00037238975966902640 0.00765548814931489661 0.00401087289322692945 0.00040386431827576879
0	0.89701434550396830225 0.03247902057235615286 0.01686477224746724818 0.03257927542023285328 0.00955273979942960171 0.00561950705622217203 0.00589033940032350836
3	0.00000835874208561615 0.00007460680599834513 0.00000142127816949875 0.99991305935819640993 0.00000069089674921302 0.00000153758318092847 0.00000032533562099236
1	0.03545414688628299033 0.76033995874033133422 0.02396681269871490591 0.15271500682277133754 0.01047652132354527296 0.00378939725473109593 0.01325815627362227946
1	0.19207341940828948079 0.75288119264048658508 0.00114345968915730836 0.02399091324194051883 0.00238260558854415860 0.00361566916939572722 0.02391274026218619467
4	0.00216444609348258842 0.01920013914231535543 0.01451036583218554693 0.00257383875876505616 0.79949243079600718076 0.15720958374847479599 0.00484919562876912416
4	0.00193372458347591922 0.06228675277173724434 0.00749112256085341429 0.02920492288877469741 0.80189765867067908101 0.00680989628657932295 0.09037592223789946144
1	0.06448906183296744532 0.89404646553359279348 0.01551853470588596476 0.01678479314218093987 0.00159297335712013785 0.00447315181827914569 0.00309501960997342427
1	0.00028297060294255267 0.99862989460505968697 0.00007841187113806684 0.00018855827403550760 0.00010384285351112106 0.00069694642824646557 0.00001937536506678123
5	0.00168191290008453992 0.00751125458228829156 0.30605856719625090800 0.01247113841314611421 0.00010377383614246439 0.67060167675873727511 0.00157167631335032370
1	0.02894795653086637208 0.96849275558844016842 0.00051432516957087367 0.00020558390445931890 0.00036976771373624861 0.00084636775532631690 0.00062324333760060979
2	0.00001034111905562748 0.00001087240364121263 0.99931135793374525900 0.00015630747994799628 0.00021105595909443089 0.00014578282691194187 0.00015428227760179403
3	0.05697389666308649847 0.18426624745393219151 0.04417330537909371774 0.66104104362241222770 0.02944908134756853840 0.01078692547559976199 0.01330950005830731572
3	0.00057353207756840198 0.00079901447337357722 0.00070609634317340335 0.99778102869858564805 0.00003524369940751130 0.00006597064920923191 0.00003911405868285990
3	0.00041203189209026807 0.37891141511310116874 0.00040804518133866907 0.61606352767324146225 0.00303359893770466151 0.00083027469703506355 0.00034110650548859991
1	0.07589353595811279551 0.59896278121422841245 0.03892441455085252078 0.12916911132809169582 0.06638594653705265358 0.07089228793131839568 0.01977192248034312372
3	0.00017870480866052013 0.00217062746222385994 0.00042294194738792460 0.99692566570637197731 0.00005684163863863248 0.00017824727139833889 0.00006697116531871463
2	0.00016266185865132990 0.00008844845290176587 0.99582255388547635810 0.00076966551351150361 0.00279882862009871907 0.00033155576615485438 0.00002628590320517322
3	0.01290830369814281557 0.04264588204059607118 0.04435928586059390000 0.70059043350020488994 0.10510995291571451071 0.00937403443731281948 0.08501210754743522557
0	0.56718995039069319830 0.34056557417492322459 0.02595245043587884534 0.04735596782085581269 0.00388117742446424628 0.00827115102563861712 0.00678372872754604440
5	0.00359170344098022967 0.36990606488530058948 0.00658086658326161641 0.00136453908249326190 0.00478397863977296500 0.61309570603012275569 0.00067714133806842170
1	0.07872766451178961344 0.90002590927103520713 0.00405668487767218370 0.00897170563245760361 0.00141648757983489854 0.00486195757742310160 0.00193959054978694464
1	0.01297783831414796134 0.97108062281102425217 0.00218011610536801440 0.00988936435770171318 0.00064042691311183770 0.00303692890028171760 0.00019470259836531687
1	0.02929560915600104912 0.90862694859963077931 0.02181982895757561894 0.02107593698486057848 0.00810686472128042263 0.00684065304204490784 0.00423415853860707563
1	0.00758134781267450365 0.93776813051665386389 0.00589408501936814107 0.03187167227339099407 0.00281837893029611430 0.01243901007068125980 0.00162737537693519326
4	0.00073936133262792164 0.00448650058470966007 0.00843660330757347622 0.00164575912277801616 0.97964599188903656035 0.00146176365924564422 0.00358402010402825719
1	0.12367822888737924070 0.30616598356333318831 0.04974528040945869894 0.19339130044677108056 0.26935023272622821144 0.02830912636997213669 0.02935984759685741560
2	0.00012904541969689456 0.00023261500140825565 0.99912767165672389247 0.00009286031799352031 0.00007920159957107436 0.00033645684005180400 0.00000214916455490409
0	0.89568065482889380746 0.02162023312770675054 0.00543029676072822026 0.02531233387518879926 0.01293731185792714074 0.02488351849467395835 0.01413565105488125313
2	0.00031130632540490801 0.01065135772842069548 0.95083974926740144618 0.00639677093394966974 0.00593736455597556126 0.02087162392070758196 0.00499182726814106827
3	0.25349270874517981778 0.06643086039604557957 0.02202666299568512356 0.60443620440585776876 0.00545948302734745265 0.00498099485728791761 0.04317308557259626894
2	0.00093408203201671722 0.00017737660894764091 0.98363555487075737815 0.00006188041304634096 0.00022397257015901827 0.01472116366841545905 0.00024596983665686728
4	0.00005944603974885395 0.00009099244138208230 0.00182190884913052079 0.00001436757082048490 0.99621853989920827743 0.00059658441470348547 0.00119816078500653198
3	0.00058161794341843288 0.03144136569576188450 0.01994839518166014597 0.65900005937873529227 0.26796832542876097838 0.01525270352630628268 0.00580753284535674881
1	0.00304672739217072379 0.96212526712366597259 0.00532395472549760784 0.00568843738618554032 0.00845340572471671957 0.01394419351529782407 0.00141801413246596983
5	0.04455695649081926196 0.12582041229584331465 0.01680198157559572442 0.00126714789549302168 0.06044064391602729791 0.74547565558543793518 0.00563720224078341405
1	0.00399089520233454360 0.93046702944944026381 0.00945735877610281127 0.04809522518101868455 0.00167628480986850722 0.00521469807968889809 0.00109850850154642548
3	0.00027304760493215082 0.00115911192581491388 0.00035788719189755902 0.99773498913152303125 0.00004510497232159262 0.00026518229171918633 0.00016467688179132615
3	0.00216442114838590960 0.04876729789343309945 0.00690113792084520467 0.93896869052771980702 0.00046688396842920371 0.00043717608281693148 0.00229439245837016010
4	0.03349577615226221466 0.06799848234863017926 0.03869412545732812264 0.02938713781587957291 0.69479012043196219928 0.07457184084588652784 0.06106251694805125974
4	0.01730860441797880261 0.03924139318241321589 0.25927795474880543924 0.03807855808720006507 0.46620800263989126133 0.08965455179864248447 0.09023093512506878688
5	0.02325767940510350615 0.02575660754601661467 0.00486614007021297056 0.00408003157654612120 0.15264032782185077419 0.69643531940689951121 0.09296389417337018457
6	0.00011272451146462052 0.00046209428910742439 0.00030497511341357077 0.00027988560506847840 0.00144470840375014037 0.00013996194705108802 0.99725565013014383364
1	0.00025807734074244175 0.99905674157786672485 0.00006676229822719486 0.00011871314111066027 0.00012839687250782678 0.00004884883457984697 0.00032245993496189793
2	0.00014910656570817234 0.00202198684508051851 0.99094896417651412435 0.00080038247662064484 0.00164067764025641462 0.00369949456426657075 0.00073938773155288314
1	0.00932370361504955558 0.92185237139633446901 0.00421535247719553863 0.02099702731210277562 0.00149447790749929633 0.03983485278555949638 0.00228221450625885154
2	0.00019851198009316433 0.00112310571010173317 0.98812052206731559867 0.00121836595583616641 0.00484524006297267201 0.00304362198010773959 0.00145063224357512110
6	0.00212573392577468726 0.05537076191412999837 0.00808943889869341397 0.00682736945287402367 0.07992154245561909620 0.00380709677031406931 0.84385805658259505080
3	0.01423368795343313113 0.03704941939700380493 0.00045650623083327423 0.94545896787939176509 0.00079470353544821648 0.00118202726918122981 0.00082468773470946162
3	0.00107919842052872986 0.00201901636990222842 0.00028544187182715967 0.99654184037085546954 0.00000934254156277918 0.00001347608178752018 0.00005168434353524936
0	0.85416811889244226297 0.03337156228814892878 0.00258961979295470931 0.02102176959260720901 0.01816841616218181632 0.01834534099736250673 0.05233517227430255214
2	0.00006646899776879654 0.00059593383025505935 0.98906799329930372711 0.00019906108545317204 0.00127844196703504769 0.00839682172931259345 0.00039527909087206135
4	0.00028107007126366670 0.05622001079954081632 0.00197012996231716014 0.02794435035983396445 0.90721294747194181074 0.00342020720788791715 0.00295128412721472550
3	0.00089876993156301564 0.01839930096044947727 0.00014945734747646199 0.98001385387139350325 0.00044651877866607630 0.00006029121024646892 0.00003180790020467122
1	0.00075612071938977788 0.99621330182948508725 0.00037915393878004217 0.00197183092341808195 0.00007663261865860395 0.00057962353394653773 0.00002333643632232968
5	0.00076691409247253218 0.00017147053430791105 0.00043039747695143365 0.00029033277575137213 0.00029474078879445335 0.99745821828417879917 0.00058792604754308417
1	0.06952520715984490673 0.73421483985501911906 0.00450180401931107952 0.02108103980075467371 0.09294715486590050812 0.01995186389947697925 0.05777809039969247079
0	0.51110438213260833695 0.45852979487851963647 0.00149783971809351732 0.01897135774839408401 0.00205171081362995117 0.00660104558696629571 0.00124386912178799645
1	0.00215428446070055910 0.97888101834766982901 0.00044953286903542472 0.01115086142226362313 0.00555549409890159634 0.00115290295014050070 0.00065590585128904048
3	0.00002120490613507226 0.00071356674238867506 0.00083105249066168488 0.99768575211836663108 0.00001405481059971203 0.00065762702223938322 0.00007674190960976585
1	0.00034004092077998595 0.99818480408047050023 0.00053959919916568252 0.00048462376691438903 0.00017079108789493620 0.00022330477836236641 0.00005683616641272923
0	0.99738140499552407903 0.00057036362593757125 0.00002565083018642228 0.00039918209119419709 0.00035569405339691004 0.00013217977309646205 0.00113552463066421178
0	0.98758042768454390448 0.00369863048476729581 0.00080043131450524682 0.00540010922504083769 0.00101610920077548506 0.00051608823890347062 0.00098820385146338331
3	0.00028157206948846046 0.00728917595638287844 0.00007911086533337697 0.99183572834116895400 0.00007776719722096808 0.00005481346303148017 0.00038183210737484477
2	0.00029027424849030925 0.00036653196454522084 0.99770657241552662686 0.00082742100544909837 0.00035908994855536109 0.00038536051197545412 0.00006474990545631088
1	0.00527743838246553122 0.98651480294528270942 0.00132010425966565866 0.00477363470500703248 0.00139098588102735650 0.00027078209976628764 0.00045225172678595079
0	0.80558334877623627435 0.01365037182473076253 0.00838172597052298622 0.00851375128315969877 0.03486831022816767878 0.03534139249616443518 0.09366109942101814856
3	0.00110035821787119945 0.03633656289047425270 0.00008897625897195198 0.95353488186650381397 0.00795579947661258918 0.00063406450369306951 0.00034935678587247836
1	0.00012546912459624791 0.99777503079038665224 0.00008408685098317417 0.00076910546759363847 0.00030161061703621315 0.00012493786888979587 0.00081975928051406281
5	0.00002872115346760461 0.00037329187415235417 0.00015072594820452766 0.00015972669976435313 0.00010118718016288521 0.99909149094990479245 0.00009485619434337654
1	0.00169766936737737826 0.99408229347997278946 0.00039788024134731375 0.00292725162638384677 0.00014737994299523119 0.00046277585553408879 0.00028474948638979768
1	0.16926826958747212548 0.66591918606338040831 0.05234061694701402923 0.07716471700530516675 0.00655101440444114721 0.02307703370345662308 0.00567916228893004804
1	0.01344239138191397932 0.97143642410673392007 0.00020998184390174737 0.00289374254447612687 0.00311612473768988841 0.00575043916533890184 0.00315089621994571077
2	0.00120790878267997958 0.14641418825465907227 0.83319102069509809461 0.00082829904549421224 0.00074515231367815453 0.00923799326961719826 0.00837543763877287954
4	0.00005430986604508960 0.00012733648798378611 0.00075523697444988152 0.00652687954639067768 0.98634735496661340992 0.00051564564258258481 0.00567323651593589374
2	0.07676689058445841651 0.01354698253164361883 0.83945840760337386843 0.00480356607291315338 0.00604427202992310116 0.02462967048591249361 0.03475021069177516853
0	0.99792421742021031328 0.00014068423942542246 0.00000296674300825783 0.00165916668825701248 0.00003730398623894910 0.00006198182285173940 0.00017367910000819865
1	0.00123137798828688687 0.99735462824836518259 0.00008987260635961666 0.00002911963708840452 0.00016288665497581691 0.00077396662464841661 0.00035814824027510870
5	0.01026513516566644052 0.08093357550556404267 0.00937527332115714249 0.00851570313362685731 0.02982005462866483755 0.84591116950420619514 0.01517908874111432646
3	0.00027729538020931308 0.01077385032175785275 0.00078625031286326075 0.98759556709839690924 0.00017167139448016441 0.00025779302346442884 0.00013757246882873376
2	0.00000571883216124395 0.00005843747179280456 0.99922635816604299386 0.00005827520147232070 0.00030603495997642355 0.00025323486590333576 0.00009194050265068321
3	0.01827778053791919571 0.05756261959984876331 0.00342163310919543469 0.91400824724016982437 0.00190928049482889614 0.00070237874991908660 0.00411806026811857573
2	0.00129291111607218062 0.00008885514259582766 0.99545473511734516858 0.00079314837976844177 0.00130343577677326326 0.00101391194315924487 0.00005300252428616558
1	0.00016919092250916021 0.97301340740854613820 0.00046225406625726340 0.02239881541029973416 0.00031903930821139333 0.00284798566249787376 0.00078930722167570367
1	0.00019784908740058080 0.99815811416848909676 0.00023402359960554922 0.00051167221359973492 0.00011299067549379846 0.00062680609557290185 0.00015854415983879668
1	0.01508059330419368391 0.94045696864842309726 0.01325089808657982718 0.01219726587051476671 0.01246924930876774223 0.00171576575428485675 0.00482925902723610814
2	0.00005468491263351089 0.00006078529675453338 0.99839550424272482942 0.00015236185136484551 0.00026691055019487087 0.00057961724302481180 0.00049013590330290193
2	0.00045974913899616974 0.00055507558242112276 0.95869320823656900554 0.00040901012880203096 0.00335160451034635263 0.03625851052440644956 0.00027284187846000061
4	0.00084055354558089010 0.00075670540337838157 0.00156022800523144102 0.00028295360233253401 0.99401735343124875133 0.00006483765155380223 0.00247736836067410492
4	0.00024699236974019589 0.00095231064482120061 0.00126874102529773189 0.00006154149312714243 0.99507198159547982641 0.00059928140163824329 0.00179915146989695525
4	0.04790508213680149535 0.00092513063485526073 0.00243312106305950196 0.00029314307510671500 0.74001321945656717283 0.00346561783457458765 0.20496468579903523444
0	0.99486469256485143831 0.00306491978612736778 0.00002319679803064056 0.00034580552778861709 0.00038252904886396392 0.00094111634934721975 0.00037773992499084676
0	0.99267153278749808987 0.00101082788394877871 0.00009084906575642924 0.00027580345929141049 0.00187640058990107945 0.00012210011193254471 0.00395248610167164144
3	0.00001236213131456515 0.00005646398424984249 0.00000923541146509323 0.99991892571269380685 0.00000047475091783906 0.00000178037042520825 0.00000075763893163764
0	0.98535922873733328142 0.00126841877692481907 0.00011236519050353319 0.00881598439989833040 0.00107150718331218008 0.00030434007539991114 0.00306815563662786233
1	0.00572458468973911002 0.99031262712027345874 0.00065535191967122696 0.00083509871426011833 0.00011581759363156950 0.00215346348113062145 0.00020305648129393010
5	0.11217179828174747569 0.00677180300948796408 0.00215380048610475583 0.01768010744911134927 0.00046901723702102570 0.85982836680008312147 0.00092510673644452394
1	0.01040709595972710497 0.96248638591146218335 0.00244706202950709020 0.01292344770488988021 0.00903207949537062835 0.00244705168285030668 0.00025687721619195591
1	0.04731786873377213237 0.83974506444343843814 0.01798447255820046636 0.07916905452982188340 0.00371399916597360937 0.00651990503385952835 0.00554963553493411244
1	0.00085065634862749784 0.99805616809802999434 0.00002580320358136491 0.00019506359290258064 0.00003282492644685159 0.00082501108154774095 0.00001447274886557907
0	0.99481204283730551019 0.00174047044430826405 0.00009038119200432283 0.00089140050542834651 0.00149014931321452188 0.00006388064813541886 0.00091167505960339722
3	0.06561169840803754427 0.11748747186946828513 0.01304686705235271957 0.72492947881251168507 0.01225142196727218441 0.06016151672857544125 0.00651154516178222443
6	0.05073943913079461548 0.01301106755598973111 0.00736511409141967985 0.00046657109516610545 0.04789630146572011749 0.00341675668683810848 0.87710474997407150699
1	0.00026554195078486279 0.99618046289471962051 0.00012671269349346284 0.00004643461158088794 0.00001266087838555391 0.00314729604997726967 0.00022089092105680261
3	0.00007960967066087310 0.00064842070471121335 0.00001724501364304092 0.99850306806049426989 0.00044764019096475195 0.00003275151030413222 0.00027126484922280174
1	0.04194326461773278947 0.84920439735687969218 0.00227181957523269092 0.08239099233742325223 0.01045461106533542017 0.01214754579883152615 0.00158736924856460915
3	0.00162515583714571915 0.06645618921833756909 0.00772875615595727036 0.91190402523446989491 0.00508287995849900347 0.00583102419401010201 0.00137196940157982756
3	0.00185009127401025296 0.00189307306328159969 0.00501234491346987891 0.95069003744060143202 0.03150743688915496471 0.00444193958737746242 0.00460507683210481002
5	0.00039231094680981359 0.01269660640183000767 0.00122057017839704305 0.00136386981247805356 0.01128936662647190246 0.96850271608938187651 0.00453455994463130858
1	0.00621935139295525484 0.95421612275759071231 0.00779753580929602556 0.01620426873926310296 0.00500499308562549899 0.00440234168223249071 0.00615538653303674896
0	0.98339503745739498264 0.00166532448432970344 0.00017553157126926159 0.01339893656354442138 0.00025663310533900079 0.00010505360939520448 0.00100348320872730009
1	0.00000510765248639504 0.99862206479586934638 0.00006293839952253855 0.00044916909906918918 0.00009274408142260957 0.00056100720678235771 0.00020696876484706586
1	0.02583795906590763761 0.94549255794565945088 0.01374579061496793847 0.00323350071129848869 0.00316720706840661545 0.00833174179659694307 0.00019124279716301336
3	0.00739250013381801026 0.00260979287604075523 0.00860237736947140445 0.70423067426285834713 0.00565240696131648259 0.27121176112431055749 0.00030048727218446133
0	0.91289188191155989927 0.02453502340945894894 0.01536814934473948978 0.01224082214710578258 0.01233544468949167132 0.01546013799730502555 0.00716854050033913226
6	0.05260371299640839715 0.05805611710930169700 0.03214692142114199819 0.09939095330180805488 0.14872685189755266433 0.17263933470882522614 0.43643610856496184436
0	0.90888419229800465615 0.01608324193606898780 0.00035138588945732318 0.03389219116116764380 0.01206159696445466105 0.00648025338586748038 0.02224713836497949071
5	0.00263051127776696555 0.00391398368448106233 0.00126474669064712908 0.00102755296953497156 0.01593248697751195250 0.96873118260856616590 0.00649953579149216074
5	0.00022130598594395599 0.00244042442989541794 0.00075429635904192098 0.00134199195762071976 0.00019294013213886203 0.99500212216907368834 0.00004691896628427602
1	0.00041203935643165915 0.99702467930069937907 0.00005280438369851785 0.00080061832701149244 0.00109372572763073240 0.00029570630568078664 0.00032042659884836679
5	0.01208715163825454901 0.00539672064497084738 0.00010888247074957356 0.00165039738723318438 0.00065574813850391434 0.97995211965689854594 0.00014898006338951892
2	0.02941791223233903435 0.23357782212966154978 0.54527073294839478734 0.08689863238972533876 0.04359012787298362918 0.04210783109165245480 0.01913694133524354926
6	0.02705800008139754367 0.03263316935181287404 0.04550614526482772010 0.00359108847977924767 0.01845625669759963505 0.01759899304465124131 0.85515634707993160024
1	0.00391055714028203105 0.97799276577886473660 0.00025387971776327708 0.00904020103546251085 0.00840295968362773059 0.00032773607805058707 0.00007190056594792363
2	0.00748108369390701813 0.00182187450794891299 0.97854909414577539994 0.00002341557518279690 0.00214336694340401968 0.00908285507370233149 0.00089831006007850514
1	0.09140298876438208986 0.87398591612778875337 0.00549608111642447238 0.02137812421228336285 0.00493182866796098955 0.00128232378891741526 0.00152273732224235186
3	0.00092114451685467314 0.01455823032975620164 0.00198410619363893412 0.98053058576101370658 0.00027901053851186168 0.00044361055181487747 0.00128331210840955628
1	0.01920692845487279379 0.94226771424608968264 0.00548715309872647213 0.02549973996052319614 0.00352792717655213807 0.00276467826277537005 0.00124585880046054168
4	0.00006794095022374538 0.00070209685669637327 0.00067913256968706016 0.00015160453783433811 0.98571418306796410036 0.00059320690597701247 0.01209183511161756458
1	0.00028683767560249026 0.99421243112527613039 0.00006872070741105362 0.00518394578696848400 0.00008349834022613514 0.00012512603207957338 0.00003944033243867265
3	0.00295121776443904929 0.00793467538108166316 0.00059621071031536296 0.98549907466939379308 0.00198518966405005154 0.00023565042345046313 0.00079798138727026589
5	0.00296219470526645897 0.00030008330390263969 0.00240609883046075416 0.00161506523389066590 0.00185157148845356469 0.99001473716674215364 0.00085024927128379303
0	0.63942794305320027615 0.33026047928444035584 0.00332291485309796136 0.01336070650229844413 0.01004292340954855700 0.00029438025126654523 0.00329065264614788631
1	0.00338713829587157164 0.95314325675520894521 0.00564977923169111915 0.02103904056509096898 0.01352841392445653865 0.00162729500253375203 0.00162507622514690918
6	0.05224710745923506761 0.00243635399941220018 0.00156431391222777391 0.00041517310196444965 0.04191932166737683679 0.00632543212474919510 0.89509229773503429239
3	0.00289907216822976122 0.12893241589124976310 0.00284712596329589427 0.85804648625574742038 0.00441944955956871579 0.00081419984433601684 0.00204125031757231880
2	0.02546824095375508495 0.27074807537226519560 0.32925324229693436751 0.02853104279332425997 0.07905682429696457569 0.23926136518372234652 0.02768120910303449936
2	0.00008471374249666039 0.00155314699815583320 0.99748759560106858846 0.00025523132020838994 0.00003717263961652371 0.00057267911849259463 0.00000946057996143860
4	0.00046996341336604723 0.00702254833752243100 0.00204008400112678156 0.00553236068323706941 0.97340250773415126773 0.00139557103188546190 0.01013696479871130721
5	0.04890022706275416048 0.12407800012870554007 0.01333212360752051608 0.00160079240195052427 0.04017662536310583066 0.76833571076962403623 0.00357652066633937444
0	0.79081102136225778221 0.06855840028746432169 0.00992810471339043710 0.00892946029698779911 0.07928743184420626589 0.00953836880239102188 0.03294721269330235652
1	0.03677348252491895869 0.54654773053436489505 0.00595321317750677377 0.20235750897253210190 0.09125362147392770962 0.06398374343004598064 0.05313069988670327676
4	0.00016386147409014706 0.02825315499445603049 0.00956395094045610523 0.00516048747903129646 0.95003129071032133002 0.00324372666428134797 0.00358352773736303433
1	0.01500029216460840170 0.83931695903782410628 0.07012442988917083619 0.01023650335852590611 0.05253081155034920041 0.00791126296077631491 0.00487974103874443815
2	0.00424999729940635229 0.00107101907194958896 0.87002012671203887706 0.00058266971024976207 0.03640872718144057968 0.00800072825111566507 0.07966673177379859916
4	0.04652550285889131554 0.05375504702250263889 0.00614305740430415737 0.00240381947777067086 0.88431731202646368661 0.00551214315478259099 0.00134311805528493844
1	0.00731270406342014213 0.85193035940585459809 0.00468312589134837250 0.06491806711987913037 0.02758786274562109384 0.02417363853258284317 0.01939424224129539243
3	0.00031574668737762058 0.00108851383179062785 0.00012253520088097524 0.99838746703633973745 0.00002419854853207390 0.00000890325509119651 0.00005263543998736040
4	0.02189513295590991143 0.08688178518873798661 0.02794791995094120587 0.01847817347542209457 0.79766931592806511464 0.03864749571255524790 0.00848017678836851183
3	0.00365650740516987576 0.03711950373838311668 0.00093179649094781564 0.95676266252426789283 0.00014608608051149349 0.00074835011374606959 0.00063509364697335942
3	0.06558823437631321196 0.00187737301823443620 0.00246860449286157588 0.88986918864881259239 0.03320070649663106610 0.00353173678814994087 0.00346415617899731949
2	0.00001294748419774843 0.00003165704178139083 0.99969709637087988963 0.00005156114140608619 0.00004423146159235717 0.00015273676606579039 0.00000976973407744955
1	0.01274421444968843950 0.96807980933125159506 0.00147903487159785785 0.00991306198390390185 0.00661226699654081720 0.00086105107771856102 0.00031056128929752701
0	0.99860508058614938509 0.00034697065287398512 0.00000917143994800859 0.00008040660645874705 0.00054797808936295884 0.00006294542707508722 0.00034744719813158484
1	0.02993431309695000417 0.93662485590989918993 0.00122120300507208351 0.00135531329340071206 0.01124569858757254459 0.01165148043061097795 0.00796713567649447348
2	0.00000894115219154997 0.00001148739510487126 0.99957789953481557266 0.00001472701296151268 0.00008573989068943346 0.00029333231153494155 0.00000787270270392908
0	0.99677548376387692386 0.00046351228840832063 0.00003521545127002483 0.00165891706833997126 0.00015386821279990279 0.00021955148767676408 0.00069345172762810782
2	0.00000109967598550980 0.00000990958036425262 0.99625350419115044076 0.00000152228060556946 0.00066730776240220583 0.00303176277313312297 0.00003489373636082583
3	0.19022451762048264712 0.01854953577843224122 0.00082916584989148215 0.76628527094909548723 0.00886393452775165874 0.00038897867437220912 0.01485859659997449539
3	0.00668136946236814501 0.05827419530380573143 0.00256286078003179884 0.92563312488956006607 0.00304788265059840850 0.00271348241901304531 0.00108708449462285818
5	0.00002147377096000309 0.00021932686202572209 0.00114347181641076003 0.00005015120424447663 0.00001643882189401357 0.99851555949863868289 0.00003357802582469959
1	0.00150449246817325783 0.98976013107931271051 0.00084656664625120228 0.00631390963975011175 0.00025918742794680367 0.00113586889394214747 0.00017984384462494340
3	0.00906862755375482422 0.08416153251217479980 0.00286435515516971764 0.89330978976558106375 0.00326718233362123566 0.00366887052271517699 0.00365964215698362733
3	0.00028663115019070913 0.00583405805410858527 0.00001076799722643372 0.99382069756272417571 0.00001794486755822995 0.00002158385769640919 0.00000831651049722392
2	0.00000134484911146753 0.00001347680724508858 0.99993729643516870986 0.00000674261550671649 0.00002400162857814455 0.00001558153766086796 0.00000155612672922473
5	0.00128576295648938875 0.00008010125511825013 0.00006772694081731547 0.00015054969999127386 0.00017698784122817114 0.99813185947672400378 0.00010701182963187230
6	0.00209961590655848018 0.00493016399352174620 0.00082733542567162643 0.00071009861527704290 0.03335045503732559508 0.00186199704773943263 0.95622033397390582277
1	0.00029819634248251390 0.59009475125814325747 0.00042373157921776457 0.40768515067844102173 0.00055693834570820977 0.00020088426997477821 0.00074034752603187846
1	0.00247321570037101202 0.98874286125517241164 0.00215671411846802977 0.00382576487474560510 0.00019858938912982726 0.00241377735585191367 0.00018907730626129714
1	0.16013361001921055937 0.67060315849250240472 0.00408010445171522532 0.00550973972037898611 0.08257211216554671829 0.02925006799228342322 0.04785120715836286426
6	0.00035360837922590512 0.00417974786202323159 0.00149023262669250190 0.00053336544612227665 0.00364374603520783991 0.00017970865093293529 0.98961959099979568411
2	0.00024118038779386502 0.00356816230107945493 0.99444511839134308584 0.00028503839408422342 0.00033361397587722931 0.00104454116030515778 0.00008234538951778273
1	0.00409128814320635931 0.99525800731129843157 0.00018306744481638942 0.00027666190486919480 0.00003315173540569902 0.00013041701425417696 0.00002740644615082781
1	0.00090452189692574996 0.97544937673166487446 0.00123599854872577346 0.01759325486104965086 0.00279142825821778991 0.00151940720811771638 0.00050601249529941934
2	0.00002936522373778507 0.00006731667654892966 0.99861481515809069620 0.00012989041180471001 0.00040530175318910646 0.00065882049584580914 0.00009449028078447289
1	0.02430819343130913995 0.73430540515775122312 0.10403068268083248693 0.06134215229660782559 0.02041312735797682146 0.03791832264618934939 0.01768211642933294539
5	0.00010192134775673759 0.00087007002833901063 0.00259705239244021951 0.00019849079539191287 0.00916400978707864779 0.98186192942146688356 0.00520652622752599669
3	0.00196284675341628018 0.01444353021996759232 0.00216361051575024574 0.97845662597722338205 0.00071796672633588933 0.00143490453927888010 0.00082051526802787893
3	0.00010250365461424378 0.00261542736893781739 0.00007802934756585515 0.99697720904985287493 0.00002670712284953271 0.00016418878127693343 0.00003593467490282273
4	0.00030657583759756478 0.00038638587414038079 0.00085528320580056157 0.00084538632274902352 0.99537266746028174591 0.00184113339786765007 0.00039256790156336462
6	0.00021066195040086986 0.00000456757631202988 0.00001958885166611717 0.00000135958050995966 0.00071179257878020664 0.00000274924325778002 0.99904928021907291047
3	0.00183129658644577589 0.02130330656421072777 0.00174806552639511482 0.97107412362705636255 0.00142573242994130140 0.00124458173094889497 0.00137289353500196247
1	0.02267803931536084908 0.95444811130054130199 0.00676616173798752236 0.00174849180527975154 0.00050999767550357874 0.01268655577183108556 0.00116264239349625573
2	0.00003599207517501265 0.00014154388181873421 0.99862503082659692666 0.00042491100495640143 0.00044751605601105063 0.00019280980962020571 0.00013219634582065733
2	0.00003689257903479681 0.00001746618290392272 0.99977871345019653226 0.00001527710547517024 0.00002249031270903289 0.00010008560120324107 0.00002907476847683973
2	0.00415039664668083279 0.00690907947578014124 0.93953386862814480818 0.00313322851568587470 0.00283398346610168892 0.04195745320067152673 0.00148199006693502618
4	0.00518872752001771353 0.00149406386877800170 0.02305783931210096324 0.00146521434414531126 0.93829166223672522129 0.00029101753287019575 0.03021147518536281690
0	0.94997077236112736909 0.00717705777778584759 0.00046050336724488236 0.00562447076581807249 0.00368851798312256262 0.00727650386032662692 0.02580217388457448080
5	0.00001849032552357449 0.00020777040667724364 0.00015752657957007207 0.00009839591303659466 0.00051037841563328975 0.99897695866096292150 0.00003047969859707269
5	0.05885841309805159294 0.03474659346468735727 0.00421722034025922513 0.06513065712518821548 0.00703673954219024862 0.82794757666678475694 0.00206279976283858194
2	0.00177665727430342357 0.00085169352933993088 0.99221019695430612284 0.00255890381281287512 0.00089587638348492468 0.00165043545877623207 0.00005623658697581087
2	0.00022550085074931093 0.00022966593375839625 0.99822649920865247353 0.00032767641341475718 0.00037249921836150676 0.00055855270347356285 0.00005960567159181776
1	0.00051249183039799549 0.97267253142867282634 0.00494275916208397181 0.00934494790706580716 0.00078877094984025110 0.01012499975162391500 0.00161349897031489537
3	0.01374364689198473433 0.09454445949976106323 0.03364746202403018360 0.78994983687514142012 0.02732789139385598948 0.01405051632115301118 0.02673618699407370736
0	0.99411063866864668448 0.00259906097710329523 0.00008317112435652677 0.00100089522717013526 0.00146026573476485755 0.00029892739539841729 0.00044704087255993755
0	0.99880826886747153814 0.00089354353903423349 0.00001209159566980970 0.00003818714449862280 0.00007626144269956216 0.00006559572671313399 0.00010605168391308546
0	0.84250914175982782872 0.06379168205033976247 0.00353791827631305981 0.01195051913068930112 0.01941140692529436107 0.03491221654288201304 0.02388711531465384855
1	0.00317965992485376566 0.98675983482250484435 0.00091007607619461345 0.00649456069721183592 0.00183431675772888713 0.00060725377561157885 0.00021429794589394180
1	0.00174549518128816949 0.97044020472180358983 0.00274127483874075104 0.00825358529344314730 0.00677938962191249571 0.00750209611625768640 0.00253795422655419232
0	0.98952591479180762590 0.00298742020706353230 0.00207038665004666885 0.00075505277503840334 0.00062971237984319741 0.00048493927201930876 0.00354657392418093135
3	0.00017324283488651739 0.00065176938192890860 0.00004856735933466680 0.99895636520454467178 0.00000892038872299665 0.00010157083100393871 0.00005956399957693244
6	0.07409095317121207336 0.00864278892511157262 0.01296284916760376445 0.01639929445424317955 0.33091301224988778351 0.01373442430168830310 0.54325667773025310137
2	0.00002586387568652543 0.00000512087677808405 0.99957190047037003389 0.00000081058866016134 0.00002162989599891011 0.00036355910196744583 0.00001111519053821323
4	0.00059636339010132574 0.00026469468879331221 0.01655902062704928124 0.00010025023047631231 0.97342185092007948999 0.00138692926553397465 0.00767089087796651598
3	0.00343245814213334133 0.00180635041767446985 0.00008084320974336054 0.99385633421126440279 0.00068256885524552353 0.00006367145008848827 0.00007777371385105856
1	0.00284364376711871260 0.96137674607424206119 0.00118549219524735389 0.00095699683716415451 0.02511027539938187267 0.00093859121784105456 0.00758825450900508028
3	0.00064821782153886231 0.00060482046838286098 0.00267121130140702493 0.99537082264581222546 0.00007955732509824433 0.00008986543144905732 0.00053550500631194904
0	0.66405526652577540059 0.30607232386804822388 0.00240662946014545947 0.00738450343314837367 0.00342174027429823771 0.01431840598941519320 0.00234113044916902085
0	0.99336093045021034431 0.00173045636753706633 0.00055584594380967192 0.00161407270344683012 0.00028889406781961807 0.00172888195259540299 0.00072091851458082833
5	0.02018885004243786349 0.01150082708358771307 0.00470196013009709438 0.00101773172708688551 0.00228852636330213613 0.95565705919106314070 0.00464504546242537619
1	0.00541508506197514207 0.89325424631121197461 0.00182279774468958379 0.00098008215119930130 0.04579858989007696418 0.03928475566110819356 0.01344444317973978939
5	0.01582494889485063297 0.31519668557143321053 0.21121821533790016701 0.10342939174646638423 0.00693944395586213857 0.34349810731324231794 0.00389320718024500348
5	0.00054865356962469818 0.00003084507700525611 0.00006045525147652774 0.00027107803568855108 0.00010805774085934910 0.99878308274342519901 0.00019782758192041233
1	0.02713849200304012041 0.87135686978585424889 0.00533488803960961103 0.01239700584632101761 0.07648427086677363207 0.00661558409899898944 0.00067288935940235724
1	0.00307423194519467662 0.99351188959900582631 0.00017502286472227747 0.00030052494777444197 0.00008191604832077290 0.00277448156249760674 0.00008193303248496591
3	0.00347182492682669361 0.12697394282442323044 0.00061630497037831462 0.86696669041777507658 0.00030464979869615705 0.00122244714265469425 0.00044413991924615600
3	0.00960346139401167809 0.24622139203029400067 0.00654132764145128921 0.73034902681329094687 0.00034748040243953368 0.00564823567724909246 0.00128907604126396480
1	0.02405796328584706295 0.90051093385019864712 0.03255042492788364633 0.01774322830684654448 0.01096813177587558502 0.00973851679213717097 0.00443080106121174124
2	0.01388550558610193893 0.20362036405545277939 0.69401452037467326051 0.01868713276749352226 0.02680395688754632147 0.03307611928274189345 0.00991240104599084258
1	0.00010554310423125128 0.99696917068049617505 0.00020464039464985730 0.00249138064182509314 0.00005224658692286111 0.00016682046115184255 0.00001019813072110857
1	0.00026552330274233206 0.99851476566261188061 0.00006809322040452262 0.00043585629235134770 0.00004371646027911483 0.00066313616618134661 0.00000890889543040813
1	0.00172231289533141397 0.98664705315748324477 0.00073502047435904181 0.00810592148001531253 0.00166252052101050342 0.00096860954938766291 0.00015856192241318453
3	0.00083390431015634386 0.20058718556324314775 0.00016740270303260377 0.79815126320099816226 0.00012695866696969341 0.00006496495203863972 0.00006832060356084859
5	0.00192120053564825391 0.05986630028812902488 0.00448830449294652066 0.00101787377536810206 0.04373310834833332023 0.88265497962161920675 0.00631823293795594557
3	0.00309652095607053758 0.00694348127966092857 0.00014047887231955560 0.98799828030284098102 0.00023471533743769319 0.00146400088736613155 0.00012252236430384801
1	0.00754427634758310806 0.97997681406917280800 0.00062328306365496235 0.00307941750332945850 0.00467892684033836305 0.00273558964737871408 0.00136169252854331942
3	0.00126562506587103805 0.00221054038221257191 0.00132403739416958035 0.99003345306454337837 0.00188968435726490948 0.00115424635390717878 0.00212241338203071573
1	0.00067064005595563175 0.99916669451033368610 0.00001593910319917713 0.00012349247656840611 0.00000756265971358900 0.00000598766663547266 0.00000968352759314236
3	0.04097131915688431714 0.04917385844935679567 0.00144083438168346760 0.90300723072426136717 0.00031540595790813616 0.00504898852006866947 0.00004236280983742647
2	0.00008691406500298653 0.00010018004357504462 0.99970507574130507145 0.00003605546103720036 0.00003735557507438302 0.00002980130760990662 0.00000461780639391957
1	0.00088491764067277518 0.64999000218843694388 0.00013398548223309640 0.34878396701691671833 0.00002454806548351819 0.00013493649448896431 0.00004764311176846973
0	0.93062312701395255576 0.00808197865471064342 0.00031994513185249504 0.05329181191765546693 0.00253528876828595104 0.00155841261274859894 0.00358943590079436464
4	0.00164397961849958385 0.00486630495737197001 0.00971798993868868907 0.00167071537062534544 0.95276815150433602497 0.00085587912234540262 0.02847697948813229102
1	0.00044656503940452576 0.99109411815421200043 0.00259538935756385529 0.00270827630703086592 0.00074880321254747054 0.00227656534155657158 0.00013028258768587331
2	0.00024045046744225560 0.00010551267524088048 0.99895251629657877412 0.00028209216384427111 0.00012647947415360132 0.00027017050159830941 0.00002277842114217838
3	0.01041880689814414333 0.04383989643515251444 0.00188434826120502602 0.94185870531688398177 0.00000903627744795670 0.00167241865315993624 0.00031678815800765864
1	0.16337669442858732127 0.72373659903941844895 0.01373711461181002270 0.04996079115314187857 0.00770929616541780102 0.00876088681307326742 0.03271861778855168768
1	0.06324208213709445192 0.84966851196365478227 0.01045665286215296912 0.02648866801814069721 0.01499805964395104982 0.02655600784002399087 0.00859001753498224441
3	0.02002124421778501973 0.01310269027482555311 0.01094286983423521133 0.92770573606119954846 0.01777400666462286560 0.00235365215046970605 0.00809980079686205279
1	0.05798315201333167912 0.85990820831387482226 0.00830717078170298620 0.02268200372551974070 0.01010496785387783071 0.01310333526562463408 0.02791116204606840234
1	0.01614489528588490194 0.90174968596012794464 0.00805441204395460249 0.04325450268119816755 0.01327898589353856094 0.01501506624414359822 0.00250245189115293589
0	0.65882014092860863297 0.30770170050502537729 0.00317831190111361479 0.00550067915596658130 0.00508414696309957004 0.01850853314618960965 0.00120648739999647129
2	0.00045315663839502567 0.00028742286285840415 0.99658904980384110939 0.00036325629295121494 0.00073210290614529995 0.00149949418346371588 0.00007551731234581938
1	0.00032902709395508668 0.99301872806574686958 0.00050090090051556715 0.00044150653988623222 0.00011263669972376502 0.00546745278272838843 0.00012974791744461330
