3	0.03931728013370405783 0.18126394017075853071 0.01579614852703939767 0.71092973544673676578 0.03407350653673873325 0.00891351208320883930 0.00970587710181364770
2	0.05275624328514590122 0.00405881385652399548 0.86832780442667911736 0.00012361796149975361 0.04455373607209733161 0.01917931145307772214 0.01100047294497613452
2	0.00058718019464599981 0.05792282751104608357 0.89455439075890696987 0.01315210891231278698 0.00525937523374561677 0.00546482764187884978 0.02305928974746292506
4	0.00001823264263616534 0.00000067967917624530 0.00001306111274719050 0.00000628855767815461 0.99979223500484259990 0.00013827408874710390 0.00003122891417063428
4	0.00001275870724347178 0.00002872583798937263 0.00001607011056613645 0.00001133488482946125 0.99984759625169450370 0.00003769223871565007 0.00004582196896073775
2	0.00011507260779604202 0.00042620585443877069 0.99378681781734801159 0.00013077632542475901 0.00318915337054707405 0.00203074625477806881 0.00032122776966678662
1	0.04145077101962220401 0.86083294860775361190 0.01929037099305022998 0.00641837342012980660 0.05030113986760555156 0.00276950627511028322 0.01893688981672809676
1	0.03150199085681625044 0.93915270824979024678 0.00576773668665441289 0.01278397471563353684 0.00311733253842767528 0.00656720077497348516 0.00110905617770417470
2	0.00211375264786022596 0.00490125004660705004 0.98839830071992407223 0.00012600133051467437 0.00288862241194857766 0.00021994031010781490 0.00135213253303694513
0	0.90585609477125739186 0.00809391983146007070 0.00194372906186641341 0.00586884210800792203 0.00780199065070534721 0.00540821370234105623 0.06502720987436194644
1	0.00546994829481070675 0.66579193766390187825 0.00055397522230824739 0.32168130602523953288 0.00336573270455229213 0.00013014583792852070 0.00300695425125907002
5	0.19879479073548517176 0.11503884744115040750 0.04534613674415998580 0.04719133160012570216 0.08486056283279799772 0.42874486535772005080 0.08002346528856080221
1	0.00045987331531914169 0.99600333153278508558 0.00086104831748456522 0.00180185739105901766 0.00006694690291243193 0.00069268412884880971 0.00011425841158995060
1	0.00305281389115316963 0.99649550453209423395 0.00037795458888059918 0.00000129553730750390 0.00005796664088194698 0.00001015102733218367 0.00000431378235106397
1	0.00024416062505277489 0.99842748053194541047 0.00048231502188211687 0.00052372180836322748 0.00017228243561205573 0.00011790875098008938 0.00003213082616439574
5	0.03941487109624386420 0.03000040830607329789 0.00580332067073645232 0.00591368331923798791 0.01115722058434697773 0.89936390255184750497 0.00834659347151398695
2	0.00017969003459567613 0.00010863909677021830 0.99837520287091152671 0.00000805930782425729 0.00077007171774520647 0.00040023360673642662 0.00015810336541707945
2	0.00000110921540652412 0.00001642508153564399 0.98734972330851566991 0.00000024409075422199 0.00002208445840130318 0.01257088448741852486 0.00003952935796746999
3	0.00038183469083937443 0.02176869398727851457 0.00527034538298866255 0.97064424559614037591 0.00050632232005810352 0.00066293972790855600 0.00076561829478621337
1	0.06635309109100080704 0.59778171245009470436 0.04803091636282696975 0.04134437236296097801 0.10424615422314616187 0.08909344094641200029 0.05315031256355820521
2	0.00013089674623790714 0.00189479051784634278 0.99733389465811672636 0.00005963269886568113 0.00002690038155166392 0.00053979360833619706 0.00001409138904633471
1	0.00404516777402285331 0.65293882742221176496 0.00274244134415820278 0.33219385812665308544 0.00088904947883809617 0.00545320873489498013 0.00173744711922143766
2	0.00629177682088072083 0.01441605813544384433 0.80460613237604228232 0.00301795856035671920 0.15892383005588472944 0.00841363167778463872 0.00433061237360700402
1	0.00166639672748671443 0.99303518919228928041 0.00069902346054343889 0.00033619814129444631 0.00119703220690778930 0.00294139114384047969 0.00012476912763650537
3	0.00066178929512924968 0.00172571838489025140 0.00013122683045306839 0.99745136123922228943 0.00000357335700650485 0.00000449910062493597 0.00002183179267441628
1	0.01467402157757978325 0.48238570565713873028 0.46837944472857956368 0.00324994437149147154 0.00891841683092617701 0.01851595722887073789 0.00387650960541369464
1	0.00076453849165222386 0.91612577102941827878 0.00015586291260294270 0.08274398153517684151 0.00004780389817995154 0.00010192083320007664 0.00006012129976971738
0	0.79284315804016525231 0.06727485262555270296 0.04551684024101523146 0.02752991056428600106 0.02718668846325788743 0.01443316748632873098 0.02521538257939424932
1	0.05530689364155791377 0.60872816097078608077 0.07134341254133490240 0.03971791364663259521 0.12842666047467315993 0.06788302328566524213 0.02859393543934959231
2	0.01348942510632594564 0.00487914333188494559 0.93054126943479087419 0.00043246663991296122 0.03278272758023274142 0.01455297279258902649 0.00332199511426321294
2	0.00145191468543042477 0.00024189540820306358 0.99134953307075335260 0.00015720860137255098 0.00587310336923482345 0.00026758887793317204 0.00065875598707361015
1	0.00960051265141453197 0.93560524826206903359 0.00739576822829384872 0.03653626228212508015 0.00254134048847093038 0.00761441684038259743 0.00070645124724544133
1	0.00264452142867491061 0.98510036763376274127 0.00810686970305717243 0.00287815736461809147 0.00053677750251791942 0.00038474122864638554 0.00034856513872297918
1	0.00010799480377923373 0.99810988649463106004 0.00092062488427454181 0.00011333367013546812 0.00014157449502357034 0.00049785646067024216 0.00010872919148597525
0	0.77077192931714821889 0.00754766404876437095 0.04363188145678195684 0.10721422311139228167 0.01999797068218481591 0.03062895971721755692 0.02020737166651085867
4	0.00376855809966789501 0.01207695609155071299 0.00391806026792994918 0.00181297050986638057 0.96709164134742531260 0.00828149878325378820 0.00305031490030541674
0	0.88817593867093025395 0.00553588510577842155 0.00007134833556384096 0.10477218104512411867 0.00110628345170573857 0.00000387947496576386 0.00033448391593194894
3	0.02294052015439571046 0.01888716703090469531 0.00090560298402785923 0.94054451278751893817 0.01307588233830047145 0.00072165077240629247 0.00292466393244621451
1	0.02399989801415414875 0.96527161307523468015 0.00160725329904806919 0.00730454504585501506 0.00030749089315983087 0.00012484322393768550 0.00138435644861072474
2	0.00008006694389837262 0.00056914762855581611 0.99697150070443651959 0.00002478269888644241 0.00017507194483728426 0.00214823457325815769 0.00003119550612815934
3	0.10124777835072944210 0.03725197254792935592 0.01332633861977540121 0.79515261849183449527 0.01828911390031829481 0.00170428786993384379 0.03302789021947916126
1	0.05450717015974720914 0.85710027309779668325 0.00625089236124126875 0.06818899817560655774 0.00195217988477762038 0.00450008945093582132 0.00750039686989508163
5	0.00135677777772641017 0.00605515440155040587 0.00487302546644465939 0.00015965705362756851 0.00622902115913925077 0.98107879273921461127 0.00024757140229710153
2	0.00008420811373448600 0.02239282285207373421 0.94767829744572906758 0.00015200506264179982 0.00083764833573288819 0.02883856890115314014 0.00001644928893614104
2	0.00016622830998565849 0.00029087855404325052 0.99846040262902779894 0.00005002179579506916 0.00038623793379149155 0.00060744224878795489 0.00003878852856896211
1	0.06416081848841724555 0.87233673030141323235 0.00068369108644795085 0.05770353657571423989 0.00305633372872219896 0.00095323937308492898 0.00110565044620022858
1	0.00533803358339237938 0.97526417360884221086 0.00693411282024656433 0.00951808192689757547 0.00081958964834821378 0.00048090903645127745 0.00164509937582194813
1	0.03180613371945274770 0.94382846143108201087 0.00158965941486634743 0.00244111761795301040 0.00112838754461517697 0.01767707971478519116 0.00152916055724480770
1	0.00026457431024841957 0.99621881231102582532 0.00186103478780992896 0.00059990017223385597 0.00085571380849069282 0.00014211547547347806 0.00005784913471722192
1	0.00690269450248897753 0.97675355101286331916 0.00087555244576558659 0.00206108927410367064 0.01236200394657226143 0.00091151476480838512 0.00013359405339740828
1	0.10685247741817417710 0.83888594606070510107 0.00008063658933853647 0.03541105443429605482 0.00932744203868123185 0.00020320054362650536 0.00923924291517850410
5	0.00516446658871043841 0.00488697105601866664 0.01552688557260845439 0.00212544827902813030 0.02259994983447901479 0.94348698392404883872 0.00620929474510639647
0	0.99649801066768017854 0.00082612888383468185 0.00002822511832713154 0.00245643016493546579 0.00004383013976914919 0.00004012720373795280 0.00010724782171533172
5	0.01060993404502740337 0.00035870832063547440 0.00141902246154604946 0.00013205150863549001 0.00451158769599911257 0.98192793516646070806 0.00104076080169523467
5	0.00002670637602719465 0.00159276305831384732 0.01020996722214763223 0.00011990511631234845 0.00144513993325178750 0.98644331033660581642 0.00016220795734279088
0	0.90489204352340957271 0.05602045994652297967 0.00378185859996157253 0.00700016288677887330 0.02706802260185922626 0.00016160285776065694 0.00107584958370687215
6	0.00514435561504225387 0.00071259491725870669 0.00130404742516528754 0.00537160231588154711 0.02459825552142826111 0.00104776995018142968 0.96182137425504254935
0	0.87018744956180849037 0.05805639389513175125 0.00331685213586113345 0.04034729099083770448 0.01691759548769085700 0.00138008898881964120 0.00979432893985046800
2	0.00009829642442288621 0.00040908181377308239 0.99866550477471927039 0.00001174939930900405 0.00009023437512238022 0.00057725181895384190 0.00014788139369812750
4	0.00003038961981809454 0.00002845551692231775 0.00334843505297070842 0.00074821271201913793 0.99561496494751444697 0.00013178292677127647 0.00009775922398374028
6	0.00030783590453122489 0.00406858808262177633 0.00043861780133452340 0.00012398998643158479 0.00101480474597492919 0.00005888442494005786 0.99398727905416595085
1	0.01272630290918151837 0.98022084531923092676 0.00053604234877929118 0.00026939477788728795 0.00019152873721100603 0.00595834043200757762 0.00009754547570330546
3	0.00021469030653580059 0.01081174372376161874 0.00032180780012528001 0.98817820778042586571 0.00010968160358080999 0.00006104536195970644 0.00030282342361073945
1	0.01018442965786510793 0.92314646637188846334 0.00599737938109777546 0.03602289771583583322 0.00607276258432058128 0.00843664575067975923 0.01013941853831399655
1	0.00055375332593824952 0.99495751907403517933 0.00081927562640241969 0.00007431769281399172 0.00017805645773552063 0.00309699500928488662 0.00032008281379013317
3	0.00481804021378001279 0.04245891605929488083 0.00320936973855467629 0.93790773918478065330 0.00394872552565167425 0.00175311556516423764 0.00590409371277412793
6	0.00717713668056349334 0.00304304970514920458 0.00082602686269207391 0.00285660022008183117 0.00302928183385413243 0.00014190089278205847 0.98292600380487737954
3	0.01288227598482922544 0.01022100274613916768 0.02482131766301496831 0.85365477979571746658 0.05533118296047877943 0.02720676307088147616 0.01588267777893987917
5	0.00007270719404176060 0.02862178347249115171 0.00092647844025001646 0.00008765516180698295 0.00121810735482323976 0.96900384075599044209 0.00006942762059741074
4	0.00001986112991799440 0.00000442425070317221 0.00004252886073956309 0.00016487123147148946 0.99940756491531512751 0.00000120888098516861 0.00035954073086624165
3	0.00063080774881903699 0.00826007837654673359 0.00005755236124150285 0.98977778211171119072 0.00057927218007649867 0.00055710333465063401 0.00013740388695428237
1	0.00368259911881144326 0.96814629927604711757 0.00401988288958005958 0.00173678716271111482 0.00049842401693040795 0.00226520328747517770 0.01965080424844393645
1	0.00099367589993219481 0.99364208473052950676 0.00057985320453786198 0.00341401119538511065 0.00006729951611469071 0.00108036424923012211 0.00022271120427083975
3	0.00027717451349518315 0.00684117556796340256 0.00015841765542133962 0.99169267160195928579 0.00046904269291067011 0.00015415232977353499 0.00040736563847689508
0	0.47352349476947647178 0.09674844494506182335 0.05352153849608114883 0.08433813832893098661 0.19401300039739066694 0.01542137132927311194 0.08243401173378604729
4	0.04209182760717861821 0.00155273771086826898 0.00181565024460765556 0.00157355515647559781 0.94321797527891304558 0.00002086702837233337 0.00972738697358478330
0	0.82467462852047812571 0.00662876358937572897 0.00510199417020883433 0.15967922701106612715 0.00204846781233250031 0.00049803215703227209 0.00136888673950616804
1	0.02447448745652981011 0.74391364851982300088 0.05830541878156901558 0.09926053195193729195 0.03016447113158050169 0.02017395820324921832 0.02370748395531106084
4	0.12404974512896599359 0.10216117894118320608 0.00406552194784453279 0.01164927087963963173 0.73281542042890723820 0.00422414558677967553 0.02103471708667993892
0	0.89408233060994579677 0.04364722286821238334 0.00079416846316326863 0.01007002616987712380 0.04803039832517799756 0.00171960417596528858 0.00165624938765810792
0	0.91511576603673361330 0.06891012738014121175 0.00004543971673107815 0.00106035623971298203 0.01068031312993228572 0.00000959014228039841 0.00417840735446849566
2	0.00001115817609055117 0.00036303409088135971 0.99826658388851918779 0.00001130621408737036 0.00005654220179414784 0.00065914182429265694 0.00063223360433453430
2	0.02020830837620242112 0.03222241850495979193 0.91742461631760963137 0.00709542949828897117 0.00873370113740468655 0.00414459603455676496 0.01017093013097766264
3	0.00981286822915147100 0.00691882902321224770 0.00005094789140966171 0.98225287953567030907 0.00019455212524411162 0.00010962750673535924 0.00066029568857662202
6	0.00559366160347581510 0.00016250384188140212 0.00012266430585350903 0.00001359383602503733 0.00261689274034357508 0.00025861293168692436 0.99123207074073416134
0	0.93657157737693086386 0.00333307697330406270 0.00015654178625968659 0.05739229145364479340 0.00118035907613163373 0.00001673260559466467 0.00134942072813415046
5	0.00008485570250966516 0.00000240732298246481 0.00010000452719589002 0.00004692987286183881 0.00001090865055640226 0.99974079973032514701 0.00001409419356766457
4	0.00362082486662093335 0.01646554017991342170 0.00101174090643366132 0.01064851140936448615 0.95474201742563202799 0.01221968420220965329 0.00129168100982564359
1	0.00248506756495584348 0.98754177100011686363 0.00101842979925750648 0.00483949752306301467 0.00054810784315444041 0.00302030593644041050 0.00054682033301252787
1	0.02714391370845815887 0.92695254909118141029 0.01209163777754837868 0.00516597314960334352 0.00382738216325049759 0.02104624006297044908 0.00377230404698788643
1	0.00481112478620704821 0.82152363704641240272 0.05392204949470855158 0.00876513184310192400 0.05180759103759485784 0.04084075663810258355 0.01832970915387250807
2	0.00020035261416610046 0.00076676559451442996 0.99362424489954381812 0.00000753637376116130 0.00027650269206313659 0.00437606790454125785 0.00074852992141030391
1	0.00726785190987805016 0.91622239365423063795 0.01087909174173854604 0.05205881840901080415 0.00195475572321227378 0.00942771258152983599 0.00218937598039964246
1	0.06040734457278520292 0.81218376785208312718 0.00079794215085508282 0.12265046889511198314 0.00314109498486709162 0.00013303045856437001 0.00068635108573290415
1	0.02014762233243549625 0.90484850762368618238 0.01864806171109371219 0.02725816658496955230 0.01521310631148997325 0.01150789551868805667 0.00237663991763715316
6	0.00568966202891698671 0.00831603520920454892 0.00125885671906172253 0.00722071569326647629 0.02737459356051288872 0.00308050616527134544 0.94705963062376607997
0	0.78247734598652429749 0.04961584406153533855 0.00185436430067220138 0.00475516039701884274 0.07263889669526346626 0.01116133462996337158 0.07749705392902267453
1	0.15238245594708041408 0.75124236713582503988 0.01333428471287197506 0.03455870095293495786 0.01986937545592462953 0.00191796480398112308 0.02669485099138144482
4	0.00006456312332354217 0.00039721500141527737 0.00038079118813232001 0.00010053125311873149 0.99837702492839885959 0.00007451915938271849 0.00060535534622825897
1	0.09127036300108595790 0.76701066874571932619 0.00614779987272378193 0.02172796862312632166 0.06939112238367342589 0.00656027504449479323 0.03789180232917582075
2	0.00001131930919012194 0.00005437591368619203 0.98808144993144297885 0.00000177673543632615 0.00827127796073611095 0.00330688208090888303 0.00027291806859981445
0	0.97114923089361882003 0.00131016906081509810 0.00001218096857668081 0.00053969511687735564 0.02597910944729892035 0.00000673607360274000 0.00100287843921044537
1	0.01417995559678749892 0.95883057653436354340 0.01915969830458365622 0.00324400140745715205 0.00063560376061693835 0.00363614944647014035 0.00031401494972187779
0	0.99086649448754982039 0.00466275911843353364 0.00017708075149107892 0.00020401237001043451 0.00199329449011883490 0.00005656573411794625 0.00203979304827849603
1	0.03165537299579424674 0.66550456422985082572 0.10273966428425705677 0.09136228661474023183 0.02062142063841760492 0.07715869676487702167 0.01095799447206287011
4	0.00002365518772794643 0.00005105388307239133 0.00079499260159064038 0.00039019016915244656 0.99853280032911850839 0.00000619903780530937 0.00020110879153273034
1	0.02077790593350899162 0.70048842559520640982 0.03118388905121406013 0.16350970458011068742 0.03000630256129306964 0.01473911346511797005 0.03929465881354861356
5	0.00065889901601060225 0.00005528602125500862 0.00154627003955772600 0.00003064374934089174 0.00043285213371928869 0.99722528938207555260 0.00005075965804055447
1	0.00142270203424961516 0.99750477139741722254 0.00024663363027586352 0.00037448426395057175 0.00032563427382168852 0.00008723583107257046 0.00003853856921205648
6	0.04516497122929605951 0.35478600298217877196 0.00383976914418523475 0.01756571840659346129 0.01497210198270292059 0.00327789271753172557 0.56039354353751191784
6	0.12764470870201816144 0.03919788517404938083 0.03327500028269685106 0.07578576847782413084 0.08649018780885224522 0.00866895938561872657 0.62893749016894062720
0	0.99939686287804418985 0.00004663959870967895 0.00000336387722050173 0.00005811469255860623 0.00043365479655109543 0.00000191745915235591 0.00005944669776336524
0	0.93235710089401513390 0.04200405943338634401 0.00154700712862363169 0.01468670630653693895 0.00574514155894499060 0.00060813785080726288 0.00305184682768599438
4	0.00600729825611769942 0.00321280817296329489 0.00286838026503355090 0.00168030640555074978 0.98299100135168127057 0.00061569843127105611 0.00262450711738247341
1	0.00307591114692006701 0.98163455421578715843 0.00067018853055521874 0.00269828457459561633 0.00091586618921535919 0.00956825942470778193 0.00143693591822013824
1	0.02439688445151447227 0.83949924603826764358 0.00385687288815497005 0.06074500301202832159 0.05916839104020556878 0.00157914776770122500 0.01075445480212779310
2	0.00009179457367409851 0.00027991837821457580 0.99792532639926467830 0.00003234238380181387 0.00005368632081149356 0.00110963418696943448 0.00050729775726231913
3	0.01134931687705747344 0.06773325047611838956 0.00235058844604827885 0.84470917673608836296 0.05223056815746957016 0.01430805212021570190 0.00731904718700193864
5	0.00208450203415981453 0.00056493658596919140 0.00294253751566727305 0.00006971461509611422 0.00140243731730940106 0.99011351445028950025 0.00282235748150894009
5	0.02547693056956076493 0.08664528443998832652 0.00482867544768552249 0.00469628409916029738 0.00110178526379474243 0.87616700713919914989 0.00108403304061128547
1	0.00500809376842141756 0.99388759710229435118 0.00027393225778154270 0.00030161430725147206 0.00006796874494701215 0.00040480169321442617 0.00005599212608856299
3	0.05907594667026062202 0.06455387859824587848 0.00428922814424973625 0.85354509003865408623 0.00673810110504425436 0.00932256298772335054 0.00247519245582165882
1	0.00074527679364265519 0.99357349225974289642 0.00124511267545384112 0.00081413923244892054 0.00155343323003874294 0.00080248777376121629 0.00126605803491177966
1	0.00063303281275236449 0.99093838674726275606 0.00106372235308567877 0.00686403061856989422 0.00006204599693510448 0.00040711930603161000 0.00003166216536268546
2	0.01095700516468401005 0.01164649958750972603 0.87071469099376874734 0.00850104151235323534 0.01576289498398123629 0.01666165966100426749 0.06575620809669857625
0	0.95228298343704742557 0.01173776953446759377 0.00102506359402748551 0.01395962349443159722 0.01468961760368460781 0.00209968776375738355 0.00420525457258388077
1	0.00193375057316153053 0.85867855403682780135 0.00593321120633277192 0.12076070393572599371 0.00309980240985815872 0.00284752567523288095 0.00674645216286167120
1	0.04785923206823988058 0.65054125929232364811 0.03022934868014260507 0.11822461317569143979 0.04482627626234800267 0.06364798857241460439 0.04467128194883924347
1	0.07860340009279608020 0.90979596036000431880 0.00040602024170953622 0.00823276561434456433 0.00114717739377251230 0.00119054106811074451 0.00062413522926244643
4	0.12557314997130492040 0.08591892750369845011 0.00623332551597580772 0.02430458890178950268 0.72969215879814064429 0.00403781109507575595 0.02424003821401476619
1	0.00066470446662059938 0.97790172830686217242 0.00090968759511775592 0.01491007218443153766 0.00266628104166771653 0.00089011590754401663 0.00205741049775529268
3	0.00024299051189655252 0.00141076447080939549 0.00004677677531014605 0.99819385788322811948 0.00003381148868250439 0.00001759380556575838 0.00005420506450711270
2	0.00026401084562547108 0.00000994640627535405 0.99900649990719270210 0.00001717420227949272 0.00021590971601069523 0.00010976559537240798 0.00037669332724479115
4	0.00140476241146358233 0.00149536424722674960 0.00011133090507579490 0.00050382315877482134 0.99568102720074880274 0.00001938577436630510 0.00078430630234337204
6	0.00057599083823329795 0.00019408622247021019 0.00152530733291792483 0.00081981653245507635 0.12923918702118025736 0.00008393946530817689 0.86756167258743499549
5	0.01628312217448921184 0.03938139831584396705 0.00274363164517818069 0.01047241355792950107 0.04409057079696718229 0.86992321252251592067 0.01710565098707598694
1	0.00007633817179274709 0.99902314423769533747 0.00005997698062224015 0.00008483253882900877 0.00001238096867137122 0.00068758385310098706 0.00005574324928864073
6	0.00077703774300463932 0.01846712314427175275 0.00265198136033910174 0.00015106949077192222 0.01292150018824608261 0.00022929122514665637 0.96480199684821987827
1	0.00040716923119675909 0.99566166687984469785 0.00016771620649796932 0.00211979371997063609 0.00003880105031855996 0.00143064636412999682 0.00017420654804097024
5	0.00182217502266211317 0.00218958080343339403 0.01415638725613585849 0.00000562645732712885 0.00360207195544310060 0.97806372525140916618 0.00016043325358925672
1	0.00020080825119520319 0.99065703001577876119 0.00003478504702301015 0.00842328698863050590 0.00005916140710242688 0.00061646748360969785 0.00000846080666022042
0	0.98980121629928663474 0.00174807890768583743 0.00052704933328536082 0.00022120633362442160 0.00612506561940869779 0.00059874230230796673 0.00097864120440123306
0	0.96173184920869292380 0.00431514263036275342 0.00189424613182465670 0.00100065622727124343 0.01049772671393330026 0.01992354099355274702 0.00063683809436224299
0	0.99402493816777726110 0.00329654920773802184 0.00011196361868576576 0.00154410804081150368 0.00062078656971726177 0.00012882228320204998 0.00027283211206819146
1	0.01817585067901197893 0.94192297001587066418 0.00228061922400333520 0.02334927506080722651 0.00550157873621077900 0.00386211010681589270 0.00490759617727993310
0	0.91351290379925687013 0.04025069763282124874 0.00169376051655494258 0.01337507524708009439 0.00746424676053066959 0.00106836979528284674 0.02263494624847343234
6	0.02144693102873177978 0.07255994463833420616 0.00116707899375518729 0.00247392849196574789 0.13196477899917802290 0.00495002182684842890 0.76543731602118658675
0	0.72027446628631586201 0.08107739319313858606 0.00437490139876362330 0.12472643920752912727 0.00660175065316748969 0.00085977674962435253 0.06208527251146109954
1	0.00078243137829717461 0.99828400362932423473 0.00037758792039906721 0.00021948296007568639 0.00003404863213695760 0.00028339048340795105 0.00001905499635944946
3	0.00002683965706591149 0.05431966559424279001 0.00005523478716952490 0.94558362210424806715 0.00000735351863374713 0.00000326183557036373 0.00000402250306918017
5	0.00647732721247033447 0.01876797578551900325 0.01814554003480864028 0.00064082160245463302 0.01009867896807358466 0.94469830429091417034 0.00117135210575916972
1	0.00150991244465957498 0.99836750162629495087 0.00002314881436885948 0.00005102813362636722 0.00000128092057476270 0.00004555401149235476 0.00000157404898329970
1	0.00712704368931270805 0.96148466852890568379 0.01680972275000138308 0.00603295832869407168 0.00142481232468768615 0.00630473687258203096 0.00081605750581676111
2	0.00011019254797310808 0.00012117971380511251 0.99793372802993984827 0.00001506080454269551 0.00038349397329325648 0.00130405237223342246 0.00013229255821166512
2	0.00000206627269480645 0.00009611596314387193 0.99981341533254197707 0.00000508757579933513 0.00002098003879665104 0.00001604892273863397 0.00004628589428377422
4	0.07275473629976504653 0.00061742796536731455 0.00006049616758981946 0.00201884374811024973 0.92384311509414296371 0.00000443526954032431 0.00070094545548386711
1	0.49077757303527425048 0.49790100150628441300 0.00047926677457969628 0.00752347238047698479 0.00197454771543630146 0.00042588572735789053 0.00091825286059059351
0	0.97387168848934646537 0.00564505374835158093 0.00002130553598513712 0.00557979145097879832 0.00592180410395095388 0.00044689443887409568 0.00851346223251307072
2	0.00000240222031928905 0.00004894461894432771 0.99208680056971043637 0.00000066036927238351 0.00009019419390920005 0.00769179931402760170 0.00007919871381822824
4	0.00212517681967828260 0.00421548628312105964 0.00336625797627221422 0.00605750508662336595 0.98259673004969216858 0.00053124563418867994 0.00110759815042393221
5	0.00273899790417137835 0.06381265781922310087 0.00118103973793974256 0.00004762253970752682 0.00281773572749626335 0.92935668052745135093 0.00004526574401108883
6	0.00045902944052280992 0.00021376053451497152 0.00064569940586059807 0.00008927783107833845 0.00094396513842757274 0.00004465316254754189 0.99760361448704826248
1	0.02561020360055109996 0.88212865076682678289 0.01121524871731830950 0.03963457094472545156 0.02121689467158956871 0.00977703516089590760 0.01041739613809316602
3	0.00954085240403504745 0.18663114454057108671 0.00600867431194123443 0.77943033149429219453 0.00944330413535123502 0.00414045333515376465 0.00480523977865539992
5	0.01185167347566593726 0.03990922266779087235 0.00250611727783535236 0.00461776589669661217 0.15864185879447151306 0.78140807104839848929 0.00106529083914104440
3	0.00005636860465939710 0.00364302839313684207 0.00020386359701305654 0.99583602824490713434 0.00002481727248893323 0.00004578678049744963 0.00019010710729868349
4	0.07882621081633081617 0.00982298052658848661 0.00068434930037722483 0.00917579775518278899 0.86831287920234379030 0.00046508790971115047 0.03271269448946570457
4	0.00003705628908979432 0.00013246515165096003 0.00029684333204951140 0.00020627358452478213 0.99892727931882774328 0.00006029351123123641 0.00033978881262756153
3	0.00011033434903982481 0.00318000309769058721 0.00012318763135328847 0.99624263292520731650 0.00015119687965572441 0.00001470903065376478 0.00017793608640053737
3	0.00307113977293837527 0.01298127233509930971 0.00261343238255191262 0.96882698237808440034 0.00239948413275866898 0.00088888600265348504 0.00921880299591387557
4	0.02008175246978091341 0.16374976879184147127 0.02109983276231272922 0.09559511087298337706 0.66167707612340531664 0.00976475585531666641 0.02803170312435939934
0	0.95552600732894366065 0.01870006807885054440 0.00083479760351400003 0.00827206931881878556 0.00828887141957180586 0.00214681963382189461 0.00623136661647913891
1	0.00005845358876153046 0.92183048482252560873 0.00001130133476178372 0.07809326530136947997 0.00000104558596542893 0.00000471282826415577 0.00000073653835324186
2	0.00024053906390705674 0.00078229596817507236 0.99673161325563275348 0.00017555155506032949 0.00108842093651555704 0.00068624465347713083 0.00029533456723307189
3	0.00417757515738549287 0.00890217117103757859 0.00067217848590605861 0.98551537748624562507 0.00011320754489894690 0.00015271030104337471 0.00046677985348360325
2	0.00001390364515631324 0.00894825566857073568 0.98883742492592541229 0.00023075777413737172 0.00004360106315686948 0.00189189679344245747 0.00003416012961086204
1	0.08764760632858659140 0.80996839777937390537 0.00274657123742728156 0.01813113337301529987 0.03151053624261023617 0.01352973954065471267 0.03646601549833210221
0	0.72639415031924692290 0.25460893892507313607 0.00033425374095895046 0.00795818838109377431 0.00412650070559054429 0.00135188205576692168 0.00522608587226979990
4	0.00908044994807212513 0.00258430065956853985 0.00002723516490013678 0.00075033187892384161 0.98580395331504533374 0.00009500893709883860 0.00165872009639047658
2	0.00005309815500400285 0.00038208300278481586 0.99754851116821963153 0.00000389052051440645 0.00020692454626893944 0.00171167396470122573 0.00009381864250573837
0	0.95355703153686954821 0.02154828043335366844 0.00051020035203568363 0.01443224082905313760 0.00432136168841333861 0.00087525674797996175 0.00475562841229453144
0	0.96444897103637827751 0.00443598635176732387 0.00801345395971965122 0.00641239994609801162 0.01170891119699032749 0.00124799708966387489 0.00373228041938247204
2	0.00008832698592047941 0.00835944454292798615 0.98002581077354589123 0.00015570274493332430 0.00045855309447651683 0.01040143122954135212 0.00051073062865439561
2	0.00004430975385235242 0.00195897289304466059 0.99483719400842940406 0.00007587518972398537 0.00099901485783055561 0.00120274920153925265 0.00088188409557629914
5	0.00521947740469703297 0.00284842380327325574 0.00954362636624322622 0.00149640432223007271 0.01563110894091549949 0.96294522539552862561 0.00231573376711217060
3	0.01114613320165561312 0.11251522465220882563 0.00639935977068321199 0.86252965070157294747 0.00557832313792701578 0.00032703717715647896 0.00150427135879603558
0	0.79600634896560962250 0.03947311399847523022 0.00223407062959197870 0.11499840122926249797 0.03532706194273993461 0.00173707219514070252 0.01022393103917998598
4	0.02301611813968603565 0.00408501843878428684 0.16349581477229063742 0.00166868542849865479 0.79613031008276491374 0.00565487304265811092 0.00594918009531707290
3	0.00016548146034378451 0.00626595051843049054 0.00011941330480631917 0.99294154009325219512 0.00003760567047073326 0.00014756343161289662 0.00032244552108351361
1	0.00860236510721585322 0.78238325852203693955 0.01049114536652238049 0.15618460818283105840 0.01302576155524984118 0.01499027780887494422 0.01432258345726987979
2	0.05214616440682059983 0.07629214983974016984 0.65497729023011530547 0.05266671095219020715 0.05615714175978581829 0.07224954414887588272 0.03551099866247128811
2	0.00003390672310293996 0.00029776519111710030 0.99547899112367033148 0.00005294049578492070 0.00008172689440037896 0.00383059727767126037 0.00022407229425397328
5	0.00020860029679929502 0.00031259679371092993 0.00062823970494524871 0.00015601786870092803 0.00067403296672305965 0.99800067158496796882 0.00001984078415409893
6	0.12018872007203049157 0.13392611695640627145 0.14648382533753612211 0.14155794556407130802 0.05054383291887674934 0.04399242520082641272 0.36330713395025271417
1	0.04987099380180597813 0.93433828729374379662 0.00061521408314654184 0.00219875245102770607 0.00027636047869021362 0.01131696984054318157 0.00138342205104242922
1	0.00080162387473533365 0.99116643269724624687 0.00046050517703165035 0.00358642805231910522 0.00009416562621723141 0.00326565230389459305 0.00062519226855483462
3	0.00061601565672285343 0.00299715924464554655 0.00032665532678890087 0.99587540390329554185 0.00007983434622129184 0.00004358162382585551 0.00006134989850075501
0	0.99433260662944833452 0.00322483636490496304 0.00009391304588288878 0.00070639375492795016 0.00073031836994786497 0.00014455040015722820 0.00076738143473097814
5	0.00058501051196195608 0.00154219059246600023 0.01526980864786425980 0.00006751076299356126 0.00095710159444269149 0.98132363668682076607 0.00025474120345028603
0	0.96400419333546194522 0.01054684135230945195 0.00098317244960833237 0.00233942893027166022 0.01926642757124837416 0.00029592010011205458 0.00256401626098800260
3	0.00028506029691301974 0.01430831197612961528 0.00025022367201047661 0.98494880075424495747 0.00003345299758610978 0.00009040325028637974 0.00008374705282989542
0	0.98415372397784128822 0.00689155044042529495 0.00039367040614939937 0.00070705032159103307 0.00007415665345246118 0.00697250131178178776 0.00080734688875886904
5	0.04073651096213065648 0.03076117968989954682 0.02605400837216071200 0.02656008387815845043 0.01829770836737698581 0.85216462367121381671 0.00542588505905976671
6	0.00041743174359299616 0.00006445899499448336 0.00002260598353750409 0.00000746145350341325 0.00645073254913383371 0.00007653121883096301 0.99296077805640658998
1	0.12924229641748510855 0.85979923407703340299 0.00002653215543855719 0.00148575754620213526 0.00633180919868685330 0.00125169446479540553 0.00186267614035889374
4	0.00167675654996750313 0.01634472526712409460 0.00500097720566723258 0.00229833330009693131 0.94020706457785618859 0.01180549398045346865 0.02266664911883516792
3	0.00987237496838572898 0.01631656822878340893 0.00418285831986555702 0.94493402481340393884 0.00761781751181891259 0.01679446219831432288 0.00028189395942845635
4	0.02038567909114356869 0.00686932440402339330 0.00552397195046817023 0.00439823579739340425 0.92380916714998040362 0.00986500524497372494 0.02914861636201708864
0	0.85858839441356382682 0.00580559051435421310 0.11294079735108888962 0.00695301267220293194 0.00512461825476746326 0.00135887062050842381 0.00922871617351428593
4	0.03923090465177921093 0.06870561602043488703 0.01222807199374716450 0.16432311671372548667 0.67647922833069418225 0.00707001423338995526 0.03196304805622950107
1	0.03637090344074213333 0.85140796185302902721 0.05487615711301568194 0.00849836905825340078 0.02352327096364176945 0.01274242463541404302 0.01258091293590398244
5	0.00012706504316036145 0.03172481675448036303 0.00888379135108242381 0.00208972334450305058 0.00066952290596869577 0.95631568392718158123 0.00018939667362371219
2	0.00028788697156157273 0.00109138913019376192 0.99350692747394320214 0.00011193700133342811 0.00069639636299471312 0.00400308910721280595 0.00030237395275806741
3	0.00058075525008035298 0.01029970903822302955 0.00024076331379144358 0.98720506159671805868 0.00134405870830599586 0.00008620163540808256 0.00024345045747308414
4	0.00814780424212847160 0.11885340277524762687 0.00442225201203159425 0.00138550046839586117 0.84292471633292076483 0.01902880530002499029 0.00523751886925090220
1	0.01285312062134946059 0.50998563865388635286 0.00040413845449179756 0.47349867924396910057 0.00094385463933419859 0.00072735417809083856 0.00158721420887933569
4	0.00482783664025933281 0.00824862913312310493 0.00726987313175742403 0.00384822858721525860 0.96921697836139009130 0.00297596358919007160 0.00361249055706389143
1	0.02411610327957649375 0.97418834804674159233 0.00040562728766475951 0.00048045085057152862 0.00019308126958611407 0.00030510461793717267 0.00031128464792213293
2	0.00846617889156745483 0.01351259983536064191 0.80906776563485238718 0.14166307381719694947 0.00531132714531489664 0.02167542052633781441 0.00030363414936940720
2	0.00280352811835994078 0.01421592076237327210 0.93283671432932369072 0.01159591325819812196 0.00352620869769564070 0.00353476882529969250 0.03148694600875000943
1	0.00157153148102052455 0.77240632579266177427 0.03805821643223426809 0.13381923676010654134 0.02923285092684380776 0.01105991612000229753 0.01385192248713036645
0	0.58804525938616203362 0.37955618207649610696 0.00147252013201980086 0.01323865610420468970 0.00190315457541954101 0.00699097597780908887 0.00879325174788877541
4	0.00001032411466357384 0.00126021298326028019 0.00018804633605038946 0.00011827456349591668 0.99800335415690100138 0.00000926848074867021 0.00041051936487946386
3	0.01028047142135956812 0.01580537733870505945 0.00984906389968572514 0.85919621215043140428 0.03461879911627001316 0.00278027526890299234 0.06746980080464551333
1	0.00089212521799987338 0.97560834776054350392 0.00129959899260205340 0.00860576878489053947 0.00109789160813317721 0.00255169388142343495 0.00994457375440568024
1	0.00857374562778634962 0.94888314253378225338 0.00190959090889983004 0.02270185229279397116 0.00268630285739318141 0.00714865920356750478 0.00809670657577774878
2	0.00043183245789968843 0.02299148572436768637 0.88583827056446884374 0.00010917293870698583 0.00328161785064475702 0.08721455970442573702 0.00013306075948726947
0	0.92526733065723631988 0.02661556235963542447 0.02324021834153295815 0.01703362545996998934 0.00392150244429890615 0.00084752516565316329 0.00307423557167294708
1	0.01087958699066003503 0.90664703726070972056 0.02091130697898273966 0.00772134605416601588 0.01610629919642708741 0.03072361027502664224 0.00701081324402705233
1	0.00008418135009982048 0.99865129709010591608 0.00002441533004919326 0.00120429913936088788 0.00001763623633407581 0.00000726036355314698 0.00001091049049756265
2	0.00282670447923371974 0.01370658154264127460 0.98041174491615934450 0.00004045349112342985 0.00005165949646199267 0.00289841482292605172 0.00006444125145438232
3	0.00019469938530599425 0.00868576897730088254 0.00018674691614073454 0.98896118773151908687 0.00047476277352357814 0.00031779800382325475 0.00117903621238474657
4	0.03724574513985746266 0.09426857528495011240 0.04302246404069701158 0.01524170841676092750 0.78287419197406471483 0.00636087637910893924 0.02098643876456059154
0	0.80907736789202178151 0.14638924921283355540 0.00087775269596466316 0.03829364607819035066 0.00452308679353909636 0.00002201129189907247 0.00081688603555178912
1	0.01687954928216828243 0.93695854427975988621 0.00208725862916519372 0.03460397524880944042 0.00564376494706136326 0.00102586595520518312 0.00280104165783042532
1	0.00466748451929953345 0.95934064594798562631 0.01165058092986112626 0.01027539662591666833 0.00491239179909591824 0.00701830606179645530 0.00213519411604374924
5	0.00026036568343120055 0.00832641565809728694 0.00407609827481883371 0.00280359057509154113 0.01511424935928007418 0.96749769426954224105 0.00192158617973868821
3	0.00168854822401505239 0.00004984654533498747 0.00016782653374961749 0.99772309394174341080 0.00031884026807688527 0.00000614969237454956 0.00004569479470479234
1	0.21262652226687636658 0.69558594164070786103 0.01173574898283885094 0.03295464771279124627 0.01298507752263575524 0.00795063432429136269 0.02616142754985835081
2	0.04253207781067266935 0.04852968203624705851 0.86388211231601785833 0.01875090484754025205 0.00718294157257233935 0.00243188072890758488 0.01669040068804242272
1	0.00428823639128915468 0.93109024267721729462 0.00114950199691447028 0.05136145338469896154 0.00344253171483078829 0.00134565043225037990 0.00732238340280023242
0	0.76335942159997960399 0.07080904387014876067 0.01717840945562866539 0.04306967346161590798 0.04580072287591553659 0.01694360373144064916 0.04283912500527087275
1	0.01297186482726799157 0.58761427389447373759 0.00339878726366031267 0.38927182999051457291 0.00315734744216678714 0.00125400263951938660 0.00233189394239748668
6	0.01626768010554658847 0.00092768083356291591 0.00150908470807466590 0.00215687735920365225 0.00789985522182674003 0.00833438502309686441 0.96290443674868841928
1	0.00129024496246034391 0.98746118050378217657 0.00013817094611392227 0.00877903442430926287 0.00064007102346209867 0.00033274836002276833 0.00135854977985025438
