0	0.99135921367046075936 0.00266782573772733492 0.00028559215031070148 0.00418471329200687837 0.00039140234584209672 0.00021275585011824432 0.00089849695353427480
2	0.00055145189480278515 0.00025399821318546230 0.98945694782156423663 0.00017671551008315654 0.00750831011848689805 0.00166434477807502618 0.00038823166380270741
0	0.85968116489366031008 0.03879120596665828341 0.02318438864391905024 0.04730000307587640257 0.01108527671936720103 0.01124853399409241755 0.00870942670642652593
3	0.00003741549533239271 0.00006874561431553416 0.00000161428145606617 0.99989102202018642629 0.00000019955651579421 0.00000079779993240226 0.00000020523226149392
1	0.03193864356153551520 0.79773447921407170114 0.01437178899405951692 0.13459670393390824050 0.01005126645650446585 0.00325517202374149810 0.00805194581617943266
1	0.18405813616399033239 0.75985611527609697724 0.00144891457719581516 0.01954000132541970983 0.00173546898561259002 0.00334121964697630964 0.03002014402470816815
4	0.00399813818782743767 0.02586690633735918080 0.01009563884769244801 0.00165579725375755108 0.78710502996812481413 0.16726490554477593808 0.00401358386046277507
4	0.00007359236887772940 0.00037659700148964391 0.00006225263445297137 0.00014914362948066341 0.88747671523972460061 0.00001870729029557241 0.11184299183567925073
1	0.02564357590366555043 0.94312749488819436205 0.00028024504290900305 0.03082413319901553678 0.00001123851940506013 0.00009453552360117722 0.00001877692320937409
1	0.00093523294182101466 0.99798154895727364533 0.00011639811799912960 0.00019873642203491101 0.00014188407384940218 0.00059661661682551006 0.00002958287019569253
5	0.00517865242350293124 0.01307713516087729948 0.23471041162029132598 0.01526319569924950402 0.00018590662704567323 0.72894381067468094759 0.00264088779435212246
1	0.02549984888370085065 0.97196602808481580293 0.00042670833364992646 0.00028914178816792586 0.00024868559964068954 0.00080063877400141971 0.00076894853602345120
2	0.00007941676161829432 0.00001377239604888449 0.99944696367320384756 0.00006997740024382197 0.00017228144730429556 0.00009465193082306343 0.00012293639075704792
3	0.04866323785486334486 0.14905338748710902919 0.04286906545563073934 0.70811403721291454882 0.02560747365900643141 0.00917070770967880720 0.01652209062079736807
3	0.00474971031023127196 0.00123376098097593436 0.00075910628229680470 0.99317458256906232528 0.00001642654298848359 0.00003770251577891347 0.00002871079866636823
3	0.00150123423452075411 0.35471636212719570569 0.00082348443474199813 0.63693476267007420599 0.00461431912414377466 0.00099737840373968593 0.00041245900558374842
1	0.06643766548757901180 0.57021687415936006538 0.05031739334103709632 0.13460586869431639956 0.06339337032129765959 0.09180309810102714463 0.02322572989538293844
3	0.00152874313493187811 0.00307040896956950688 0.00064360605716455100 0.99450893757259062333 0.00003986207830231725 0.00015247906987780072 0.00005596311756294121
2	0.00051532992063347898 0.00009777253180689398 0.99751618115979334700 0.00019106865125913079 0.00128564898464221750 0.00037360343036079514 0.00002039532150394037
3	0.01436173718825696846 0.05583650650849854291 0.04076704677983991609 0.74984311346084853156 0.07395355139502338138 0.00904184860863286970 0.05619619605889945163
1	0.39953447810733005996 0.45666291609454462419 0.03746286915492320208 0.07086282873429927687 0.00820450404989517268 0.01406229109168156272 0.01321011276732615009
5	0.00549262908646610572 0.32411180422619695340 0.00869846738023268701 0.00099940061381058299 0.00349474493920033224 0.65667255207791719318 0.00053040167617643603
1	0.17759911062790273428 0.77940715996188436598 0.00015754463145079776 0.00250843665391790828 0.00075318297382006693 0.03731905497424836682 0.00225551017677559163
1	0.01662764122285729368 0.97255689095084385531 0.00279128735706484291 0.00527639646040848915 0.00071528118791688909 0.00186717741315650361 0.00016532540775153509
1	0.04968185213212272106 0.91186165083033177137 0.01608406614386487590 0.01354410273609492517 0.00515765830470875895 0.00196598224630196343 0.00170468760657465539
1	0.00279808554915731344 0.96830234925884173247 0.00011096359761788850 0.02837442010233286876 0.00005287040816412671 0.00033525114999126507 0.00002605993389385178
4	0.00127498221514790581 0.00517582181063741716 0.00457825274776116082 0.00113263979775998693 0.98382656448283201112 0.00074444684551111875 0.00326729210035017238
4	0.00408777378267091793 0.00142162587164083344 0.00070793583801442763 0.00055726846550344371 0.81480477655363470202 0.00012663857823503021 0.17829398091030052020
2	0.00041397421299988434 0.00029771517169346087 0.99884876088875396150 0.00004303192528388930 0.00005117426062243865 0.00034189056865758345 0.00000345297198957004
0	0.95371861190136775210 0.01098938358957821278 0.00236086697694201739 0.01133559079489906106 0.00635200085922299571 0.00694589765299666231 0.00829764822499317461
2	0.00077840011310930811 0.01570879188835245036 0.93993737751757300281 0.00742853193002400089 0.01019011974827669677 0.01614935965895959724 0.00980741914370398746
3	0.16352569512662809559 0.07305548597731154059 0.01749481422270937961 0.67973996726003294011 0.00427163875312131826 0.00404352281464967662 0.05786887584554693126
2	0.00454863598503145276 0.00023361582633448834 0.98937339228640142075 0.00001630747722904417 0.00031556489086877491 0.00520372168926949100 0.00030876184486686571
4	0.00010654087919911506 0.00011916756583630864 0.00051215527497181792 0.00001174608768645872 0.99777072434043756477 0.00029265419215628540 0.00118701165971210739
3	0.00089787117596783965 0.10287750236797310599 0.00051989077243967642 0.87030746984082973938 0.02489374029430557744 0.00042261396867216214 0.00008091157981220096
1	0.00672594239331700174 0.96681344551880943339 0.00611298105324979343 0.00279926494930492556 0.00647908201636090714 0.01002635603395106087 0.00104292803500718317
5	0.01162766300989624690 0.04653242345992611440 0.00056252402153115870 0.00007893339100356092 0.00514150860998598483 0.93601325064049967217 0.00004369686715753963
1	0.00533032572836818208 0.89749024521769760199 0.01062121933921769679 0.07642192745846818069 0.00238364548503259242 0.00672578682253908728 0.00102684994867706836
3	0.00080863526100979205 0.00107590585853881778 0.00020673091018668239 0.99766417783283700693 0.00001978923930919740 0.00012703158099542505 0.00009772931712289367
3	0.00625323541485038777 0.04137217195777997958 0.00651091122842790623 0.94429861765216538405 0.00020342968464490873 0.00018213140439401167 0.00117950265773751574
4	0.04330747797205574540 0.07489719112191950412 0.02896867335113105513 0.03643726141824881609 0.68965104280139155613 0.06881117926221842762 0.05792717407303488858
4	0.00977288740334238300 0.00010838045646758670 0.26555154318397417024 0.00006604299615607984 0.71678755272628202899 0.00198603941332279547 0.00572755382045523741
5	0.02922970870291890719 0.02452347581565082063 0.00394837288556167381 0.00459994501791614972 0.13859140910126077628 0.74026264937326757831 0.05884443910342396916
6	0.00009441945860539367 0.00038137233181925707 0.00016866070563140341 0.00015092474963178030 0.00079848701119745416 0.00008041535353581088 0.99832572038957878569
1	0.00022483934187661744 0.99937035840009114107 0.00007222582043715546 0.00006957417874604952 0.00009981911981957252 0.00003402582222781919 0.00012915731680061474
2	0.00033592636931971067 0.00167665140829404910 0.99451152332987324822 0.00020335262680436637 0.00072132084169621545 0.00203188015187380109 0.00051934527213811157
1	0.01572792685469168866 0.93854582172902689674 0.00534946201735263509 0.01375304425578275855 0.00173129387998136107 0.02279009065075414397 0.00210236061241046365
2	0.00031342532088650854 0.00071829994358113861 0.99149437386287120333 0.00026591435092562771 0.00333904938496170246 0.00298923193888357740 0.00087970519789099205
6	0.00582493448246151208 0.06118888433382724257 0.01231323005868204153 0.01153338936251834847 0.06718460097294158551 0.00356565259747612662 0.83838930819209300793
3	0.03485369866815041934 0.04795425007504114379 0.00047511428332668932 0.91494561882709901646 0.00042103088910325085 0.00090997088108845867 0.00044031637619104436
3	0.00256579766226049588 0.00121108173389465699 0.00016983354338167780 0.99602590420575454200 0.00000261498198693014 0.00000626173381448064 0.00001850613890731340
0	0.89226969668069300301 0.01510328083958868348 0.00266888823874270520 0.01626249322599417416 0.01405560329137621640 0.01090910455915527350 0.04873093316444981199
2	0.00026955108604578550 0.00035268235651780334 0.99335659237872209193 0.00004452912616613854 0.00075227967404927984 0.00501070044858251129 0.00021366492991679734
4	0.00046207192583606454 0.07112288548945322475 0.00184127585218775923 0.01628633654044659915 0.90824488042449436076 0.00109421233277456789 0.00094833743480743414
3	0.00478731383077810220 0.01413779831540157815 0.00018628267511999644 0.98060505940694653315 0.00021571528590841432 0.00004321808420034106 0.00002461240164506591
1	0.00184130017459381633 0.99552510290849460795 0.00050443661851164775 0.00140672191303525384 0.00010890570308239101 0.00059014982960144417 0.00002338285267984880
5	0.00422682625252703090 0.00048564501895415139 0.00109792108600690491 0.00101103826509557539 0.00100204074385792301 0.98956791041340752546 0.00260861822015071715
0	0.61398249035170349153 0.35163843189867455274 0.00018468852478593125 0.00306746445091249072 0.01706445491016504029 0.00190441068073707006 0.01215805918302150304
0	0.58384366927197173247 0.39775351706739847657 0.00138707096020012082 0.01093713128854793132 0.00106347690686852585 0.00419812938252956801 0.00081700512248369136
1	0.00490075722669755260 0.97927593141620639106 0.00065805363297829946 0.00782512142407633046 0.00608257121445356271 0.00081394538753236465 0.00044361969805653100
3	0.00010304864373722747 0.00053268371478174502 0.00093845628503011361 0.99804528910607070991 0.00000682245812296504 0.00032433717611424472 0.00004936261614323709
1	0.00074629282942937313 0.99793426643588323266 0.00050043184190427586 0.00038722977954576095 0.00021111379317415531 0.00014572893067553910 0.00007493638938837265
0	0.99603531553812529875 0.00044243830532786571 0.00006533373438220914 0.00044996823303456102 0.00075113529337767263 0.00013118841356777859 0.00212462048218468565
0	0.98826893787014347126 0.00219028914869049459 0.00103093173928864843 0.00530689030890024640 0.00117610239401940786 0.00030306646598906472 0.00172378207296880167
3	0.00052716379222023026 0.00700183059566261701 0.00009760431929166502 0.99211178411679035172 0.00004303917334360117 0.00003349007616555379 0.00018508792652606302
2	0.00049734538512370837 0.00026383433306209939 0.99837944752450247243 0.00023804471911873450 0.00018859641200112221 0.00038570295831670987 0.00004702866787466212
1	0.00774437336242868139 0.98613396255566199144 0.00145347460584771657 0.00300514845983769919 0.00097946155566396064 0.00022303095155100613 0.00046054850900990819
0	0.98985586530175329045 0.00404640592551589254 0.00008745049052484696 0.00034670618613519023 0.00125613496081956205 0.00081819155957103189 0.00358924557568027431
3	0.00670247333845443161 0.02775444807810193912 0.00011838293268905707 0.96028972000657353281 0.00438454923887336961 0.00044668972852362630 0.00030373667678374936
1	0.00208230298557669519 0.99385395673429643981 0.00019337852373171226 0.00092720612413221739 0.00100899348466686536 0.00017776063116303636 0.00175640151643178784
5	0.00012299117076079646 0.00160788787064253475 0.00044968928343160444 0.00034221233223914982 0.00017493531127884176 0.99712615424779293960 0.00017612978385400240
1	0.00350017511900949400 0.99249965301069009715 0.00077582448886352284 0.00213499412797124588 0.00026976777596347676 0.00045587185629486645 0.00036371362120763052
1	0.16715116470507146440 0.65508102627838815657 0.05862971870775606636 0.07912442427150132018 0.00762403592554773343 0.02762430840916134389 0.00476532170257424042
1	0.00597208349436815101 0.98696950338876321407 0.00000533954941898331 0.00691327246891707686 0.00004771201640348232 0.00005974916426800654 0.00003233991786107923
2	0.00132103597460988642 0.15611702312348038624 0.82516950011341849702 0.00145741167774372750 0.00085589632558107553 0.00733048143356594597 0.00774865135160013232
4	0.00024682866847564755 0.00036912665713550075 0.00085269351897134546 0.01316969928436408956 0.98078045875825248245 0.00081447357344315409 0.00376671953935874687
2	0.00452656279545052363 0.00007698573355132634 0.96428860881651401460 0.00002334407226657703 0.00028136674343327926 0.03068900096268346867 0.00011413087610095374
0	0.99695240754943859063 0.00013834402763179772 0.00000638934261985596 0.00220789038453673286 0.00007716287616037761 0.00006042657756284070 0.00055737924204970416
1	0.00095965460338909108 0.99791460934641407210 0.00008635857779709423 0.00001400308126467725 0.00014970589085281800 0.00070068924764448565 0.00017497925263821801
5	0.01401199655068415678 0.08417555050451236420 0.00912560367739059276 0.01115736807196667651 0.03492092514417241556 0.82997385144206514695 0.01663470460920866978
3	0.00111239695818790368 0.00931066874008480011 0.00065434367879693592 0.98861973569591676814 0.00009007603003609772 0.00013080807340037356 0.00008197082357716698
2	0.00005724066676045423 0.00011197220676081114 0.99875546203236242881 0.00003449780959586802 0.00071742036568592325 0.00018439139323594053 0.00013901552559984491
3	0.00145061668256324036 0.08495671905823473646 0.00004336306456184224 0.91350415569174547858 0.00001176241833681817 0.00001095228302297887 0.00002243080153580298
2	0.00248511580315430042 0.00006993563377263416 0.99584794909215845760 0.00014562750562296516 0.00072713403704982669 0.00069173257416612829 0.00003250535407558998
1	0.00042533671726375963 0.98228686505709517096 0.00048757507181714844 0.01350458811209575595 0.00029296296286957288 0.00266190919898820749 0.00034076287987079280
1	0.00045150870547303008 0.99827633640690349726 0.00023043256875398025 0.00033017315117166737 0.00013517055371602070 0.00047555152413615044 0.00010082708984551605
1	0.09245449807242403506 0.89982256474704747085 0.00052368380530435558 0.00412846419650666520 0.00185847275932609821 0.00021318723791784370 0.00099912918147317380
2	0.00017795379945807297 0.00006404153341962396 0.99915028198504252099 0.00002349605254888060 0.00013050943627555383 0.00028945041846712940 0.00016426677478983227
2	0.00240424165885749904 0.00055571629276782890 0.95830136466613813351 0.00016823238876740251 0.00437531825820076676 0.03394675384199526136 0.00024837289327310502
4	0.00135585560275525954 0.00092844022673833427 0.00091670567416525062 0.00022527341722526376 0.99270363770811054227 0.00003492467909877184 0.00383516269190738082
4	0.00030488822457331791 0.00129900903166695991 0.00064829274803611533 0.00002981280528130088 0.99593021654841151769 0.00022312221290229491 0.00156465842912730858
4	0.06343067022764932450 0.00167007779994650125 0.00173752425722504666 0.00033443360296394768 0.68901720477229688733 0.00279031534204835299 0.24101977399786989054
0	0.99236606624606926719 0.00398329407150174123 0.00007761413822190530 0.00073780913073254412 0.00094288903297605638 0.00093808462960548249 0.00095424275089309846
0	0.98791948350129743517 0.00136041386417457650 0.00021041617744175668 0.00073199402146973064 0.00200512210733794303 0.00020869708312884030 0.00756387324514951834
3	0.00005618095978322394 0.00003800588999295637 0.00000836801887125909 0.99989454397896881943 0.00000022565437463724 0.00000214473042073119 0.00000053076758744927
0	0.98513734518781792548 0.00080527428150252542 0.00017543002032693823 0.00906881725428142736 0.00074725449557085620 0.00023662325498159361 0.00382925550551882141
1	0.00550283150605042522 0.98729947524130556857 0.00077503491886240551 0.00145254248536661476 0.00010155364729936542 0.00459327997618258922 0.00027528222493292869
5	0.19756874587658007636 0.00580295775930224529 0.00419765465469982765 0.02504149536110006694 0.00110976942438019226 0.76333340727316112417 0.00294596965077640379
1	0.01222275978753456678 0.95508600182790093225 0.00275979532864304485 0.01926084542354208548 0.00735351713636900935 0.00303702184397705620 0.00028005865203349655
1	0.03826417981435406568 0.84557093432776408992 0.01998882693664176535 0.08020609973141830384 0.00323705582159949544 0.00622519218656405159 0.00650771118165821300
1	0.00098714918036802183 0.99839357593846189687 0.00003574977963916731 0.00010038591356476708 0.00005536158367321151 0.00041693351027435790 0.00001084409401878762
0	0.99519003058251265248 0.00088289894864827096 0.00019754924432288369 0.00082900269958680788 0.00166673984945268330 0.00006622581770518589 0.00116755285777165414
3	0.06365890559349510203 0.09706119953518252408 0.01340474546058134132 0.73462099379795609000 0.00994297801094135708 0.07606870293597263466 0.00524247466587097165
6	0.00053929727609632885 0.00004055298107270531 0.00003581214116723896 0.00000073363591821559 0.10821282745937345349 0.00001049782814250081 0.89116027867822988906
1	0.00024666307617779811 0.99770898679260344721 0.00006405239836340352 0.00001748069985326077 0.00000837103613500358 0.00182574833562518290 0.00012869766123862190
3	0.00021549699349312208 0.00038289326873807187 0.00001340504684376129 0.99918576733884767460 0.00010827283310196469 0.00001214089847509228 0.00008202362050129036
1	0.07065690904291878349 0.84732687342984869261 0.00236960831637665452 0.06397522695801946546 0.00884498164608184083 0.00574239127749261950 0.00108400932926199000
3	0.00946173470120420176 0.06398082495308610174 0.00493861954640021673 0.91601765106605681499 0.00210244237861707166 0.00280171003203764360 0.00069701732259769777
3	0.00196597628075907737 0.00125778959638280560 0.00370698204810484275 0.95970497327181969460 0.02336301725382147754 0.00420795803779814345 0.00579330351131424146
5	0.00132779771295156901 0.02648702926643171224 0.00254064530395625189 0.00320843561717209895 0.01981180576976674865 0.93757015711971902761 0.00905412921000259795
1	0.00830266008335583949 0.96097807088318931701 0.00721158368657380620 0.01179690252068146816 0.00504006695510484867 0.00165898703258723413 0.00501172883850805207
0	0.97406700865180440019 0.00188897275283695472 0.00044917094498332552 0.01850791632613405305 0.00083801378779906912 0.00012938206633850429 0.00411953547010383229
1	0.00004753729788673285 0.99844307851902724948 0.00011712065145394216 0.00061955509326683559 0.00007832928892810200 0.00048805184677719603 0.00020632730265932609
1	0.02098071670485511173 0.95266303956751074988 0.01403736478108912576 0.00320492903039823820 0.00469937790276315701 0.00418512372163583769 0.00022944829174761740
3	0.01860151078445701142 0.00400672144422159048 0.00930382142342518585 0.70040174750682093752 0.00364453044103472045 0.26387651702964598499 0.00016515137039418320
0	0.70125080336280332105 0.01957952994855441387 0.26468978134494358656 0.00038814373620617662 0.00732871329181915710 0.00659507520024976961 0.00016795311542347187
6	0.12484018179088127165 0.00011979626742499442 0.00008945683543441698 0.00110163687407626516 0.00785105689430424733 0.00133669676156935495 0.86466117457630942145
0	0.92856219027051123405 0.00691026850978307839 0.00041055659572944366 0.02952940381665554448 0.01440876604545427396 0.00437581936166034184 0.01580299540020605603
5	0.01511945831433039907 0.00008599660781667830 0.00001649345234983920 0.00012459597989289493 0.00050405584369182679 0.98386592873905664991 0.00028347106286087128
5	0.00037491842407050459 0.00191672595785745675 0.00069170736569798476 0.00069120246769387443 0.00016484297735315913 0.99613624213162754728 0.00002436067569967832
1	0.00050513877981387604 0.99803317113689027362 0.00003599247458629733 0.00047283606467053946 0.00055760798556644270 0.00017882259296163173 0.00021643096550985096
5	0.00833708547827827391 0.00404654177467666035 0.00013303614528649898 0.00097465025816626471 0.00038409917325584890 0.98607269807420572238 0.00005188909613133291
2	0.03823883985143777114 0.16579755598466336397 0.61214628435987594735 0.07518714623784317208 0.04469313092101448448 0.04596893130917267117 0.01796811133599192020
6	0.02453858215138793666 0.03023919344682726718 0.04165638535859848834 0.00356213495519878401 0.02214193118646632166 0.01493951670975322658 0.86292225619176776696
1	0.00529177899758171560 0.97879099609734576681 0.00046976290811916838 0.00537143410377466206 0.00961569733228284478 0.00038539684458058416 0.00007493371631512481
2	0.01534902720128634990 0.00190133050234065314 0.97406063311946955441 0.00000997551294288238 0.00159786781535346985 0.00632351037285243042 0.00075765547575458469
1	0.12217420192410602398 0.81350805091193922891 0.01185210977339066704 0.03614397892676080026 0.01046253143220156855 0.00338398323965169012 0.00247514379195016166
3	0.00093722105337310391 0.01294332194842653591 0.00208982710629944911 0.98212449083609132394 0.00020403383755414483 0.00044652394508478728 0.00125458127317098697
1	0.03384334847079710495 0.93176259807431360827 0.00730960881036114753 0.01907721737152045377 0.00382870121308495322 0.00315599483557536418 0.00102253122434647144
4	0.00004922154527778183 0.00006843231267997227 0.00002527667551483776 0.00000815987543074525 0.96160676183491611280 0.00002574481039657406 0.03821640294578262237
1	0.00033399246975298008 0.99692114767399653275 0.00006887769907838467 0.00254619879107592043 0.00006366702271454165 0.00004818372812099889 0.00001793261525972217
3	0.00117077714736565290 0.00642034950842228919 0.00126660092043180336 0.98789773668643621196 0.00208897302541104397 0.00043916552973673119 0.00071639718219652557
5	0.00289058597587487764 0.00037530342005756318 0.00345867169530562207 0.00164123579672940641 0.00227955756566951100 0.98907427920688006928 0.00028036633948222666
0	0.87185377520416196262 0.11412149437077120928 0.00000610309277410623 0.01396557114110605520 0.00003367080101930069 0.00000041154471318997 0.00001897384545419957
1	0.00776115623596071794 0.95209279935170376685 0.00665482337484570724 0.01609520663689116213 0.01451487639288585874 0.00122154910175163787 0.00165958890596115552
6	0.06183772894574358220 0.00335703727701517057 0.00133567405887180090 0.00054211267929892904 0.03196924164238808264 0.00473283791416555938 0.89622536748251702132
3	0.00201098580863703393 0.10970355327592999639 0.00285941073779115082 0.87947086607877178466 0.00373583984137962344 0.00070295392997903397 0.00151639032751158930
2	0.00345606982442844216 0.03032208489505272900 0.93015697699538257837 0.00010673809131161832 0.00718256259444349267 0.02861177619673903674 0.00016379140264175337
2	0.00049362432473689874 0.00445155889895729011 0.99441098250439596828 0.00004876367237489018 0.00004215397170006536 0.00054240941463134075 0.00001050721320362526
4	0.00073331706011579769 0.01036868297508005722 0.00104735936706223639 0.00270674823292085028 0.97690038907254062028 0.00090374198512577165 0.00733976130715491629
5	0.02087024469501446572 0.16302455361814327528 0.00040917007241493054 0.00009904757806618590 0.00458382465492743717 0.81096059971799905330 0.00005255966343481014
0	0.61516455507087786092 0.03240588362387507304 0.00024726654459091154 0.00018857959779315631 0.34587443550531510317 0.00023882694729437544 0.00588045271025370436
1	0.06046103425223718630 0.64648726771210429654 0.00371210725480125223 0.15391785888857026365 0.07009209932132287602 0.03129043256370125925 0.03403920000726315398
4	0.00021848547658603727 0.04331093573567072058 0.00682084783835570137 0.00363985186184820168 0.94089602750911249807 0.00164878287501152537 0.00346506870341561609
1	0.01395579307363251087 0.86659987691634754459 0.05540960954118031440 0.01089510395794985112 0.04197517203813153075 0.00735580495554838225 0.00380863951720874453
2	0.00003868546342191720 0.00000764116738270283 0.91635560609979382907 0.00000078964183150941 0.08170608880687212083 0.00029095461674157416 0.00160023420395556475
4	0.13775556545390194030 0.00619884613295383548 0.00009294741475327067 0.00402141689681280359 0.85146478738338315928 0.00003558356404843428 0.00043085315414642558
1	0.00584627373273246837 0.84020499693973704769 0.00646680896552184140 0.06785597518062448652 0.03321989441386327679 0.02222571299898849773 0.02418033776853269548
3	0.00078143196809126131 0.00067245321923429754 0.00014337047767346540 0.99835506531754092396 0.00001107933229156362 0.00000456920285686939 0.00003203048231117493
4	0.01902391327446924935 0.08262021074153112765 0.02420562558912793885 0.01619926727597037486 0.82285241204812076266 0.02896625036132335559 0.00613232070945662986
3	0.00452711468247335783 0.04325291225555586566 0.00115667307233112524 0.94933016395921365760 0.00024097776469225333 0.00086378648811505062 0.00062837177761927070
3	0.07085456564544764801 0.00158080359450734047 0.00252621134761517275 0.88569246919850608268 0.03168203742480339008 0.00402397445337996339 0.00363993833574096509
2	0.00018636239950526058 0.00005347934522009103 0.99951710573738128396 0.00001967502723875077 0.00008315250548736001 0.00012733719530911590 0.00001288778985850172
1	0.02783866415803526798 0.95528614563824321149 0.00210370563067184720 0.00766871495062381500 0.00609841088254956497 0.00073234973883501723 0.00027200900104163643
0	0.99746184882625466006 0.00040837555850693931 0.00002689455485014075 0.00022448416658928929 0.00098349151332947807 0.00008731742523260506 0.00080758795523684971
1	0.28673017790039828645 0.71018800944484550275 0.00003136120982411592 0.00020207900842623706 0.00146369904840430352 0.00061794710365090295 0.00076672628445105669
2	0.00005573768297918073 0.00002399186395215670 0.99949704052418497646 0.00001026117102794005 0.00007994393032187858 0.00031861170115332431 0.00001441312638025689
0	0.99495866758797246732 0.00049848142553392879 0.00006733810487323023 0.00267305496813146628 0.00015065470934232106 0.00029843338483944993 0.00135336981930715044
2	0.00001501641908094565 0.00001987435745067995 0.99638081412238066470 0.00000093900945084959 0.00069196292971094003 0.00280827810042619339 0.00008311506149762479
3	0.21353375902175772416 0.01668612146618037029 0.00088383210970536662 0.74299938305433788077 0.00934640190958189315 0.00030846957129012764 0.01624203286714686473
3	0.00371621657548986545 0.04736579100886544741 0.00271996242812710303 0.93886801641934958251 0.00285963169890649524 0.00346834496634232077 0.00100203690292005403
5	0.00008421751516393409 0.00035244636681924872 0.00136493361165287660 0.00003208992041158234 0.00001628948397840983 0.99813589704562788452 0.00001412605634700763
1	0.00261946300598826049 0.99114226236859370722 0.00090933772013562732 0.00396002716486169859 0.00032580637061880571 0.00088815982154296193 0.00015494354825752857
3	0.03702955130133365330 0.06931576218576453174 0.00259915861463669599 0.88638018615761138275 0.00123215264975724045 0.00197123216211637659 0.00147195692878053204
3	0.00180253106648382171 0.00861346607355164932 0.00001463287291449239 0.98953213375375181915 0.00001258961968273556 0.00001906211319572499 0.00000558450041977740
2	0.00000477617604190115 0.00001270328992588286 0.99995587327760493412 0.00000132608283645420 0.00001365625463993571 0.00001016947057734712 0.00000149544837453299
5	0.00188606327828096001 0.00017456348950837660 0.00012764182330330897 0.00014720623700169552 0.00020815601070121821 0.99739505769208525177 0.00006131146911869757
6	0.00257454028155833020 0.00330740379023437359 0.00038919731233304683 0.00034614661157967539 0.01607542773820820267 0.00052371461684250133 0.97678356964924417660
1	0.00378452386667431796 0.75833767943188346017 0.00151965429292378186 0.18177790061919299469 0.01357942512690457799 0.00094151635098515629 0.04005930031143649372
1	0.00259516551149075207 0.99176333956777906753 0.00169349012808217808 0.00191231926776621241 0.00016873456738980520 0.00170502439699300712 0.00016192656049949952
4	0.01190341124590374097 0.20506643024449913715 0.03808461079626628693 0.00003104819608135331 0.74001672990386846429 0.00329366806635047723 0.00160410154703043541
6	0.00106736076928167748 0.00526743685002742726 0.00071979601291147514 0.00043057232571312032 0.00243707721515908646 0.00006023877768325740 0.99001751804922411004
2	0.00067914688852214274 0.00379556556139175024 0.99373799341577051525 0.00016240584573422507 0.00057591158536257105 0.00097229921202436371 0.00007667749119410041
1	0.00220413515858912520 0.99732673366500146361 0.00017664373476747769 0.00012069597839612343 0.00003084994270383718 0.00012805438171974815 0.00001288713882333819
1	0.00217990903789905353 0.97621223925106381802 0.00170783232192638882 0.01475164849963692126 0.00339052316204150423 0.00137837078077698307 0.00037947694665578475
2	0.00006608608383352581 0.00006278447960592774 0.99891797917864566525 0.00003892243766239393 0.00019107877949745681 0.00062938560879211328 0.00009376343196269758
1	0.03259309003790704373 0.69566885629915009570 0.11315241775107291733 0.06238897925544632794 0.02602148227980285305 0.05206774198310895607 0.01810743239351164657
5	0.00000531232562513434 0.00000189746172680589 0.00255615304659832484 0.00000040403902332537 0.00029218087764497456 0.99712952240858421238 0.00001452984079864800
3	0.00539767494165207477 0.01672330920874271626 0.00128714724330274968 0.97508854677686074286 0.00038971012239153439 0.00051762959825466144 0.00059598210879633316
3	0.00082778511874233166 0.00395441564193083767 0.00007920293006793160 0.99495154636485949595 0.00001571166252301265 0.00014004157731435632 0.00003129670456294028
4	0.00070778383600798302 0.00046943651622040848 0.00049770424251134886 0.00062646727951435038 0.99617564090075394478 0.00104146694398639622 0.00048150028100479793
6	0.00057639860347712254 0.00000986081478953241 0.00001479462140663141 0.00000125941352503320 0.00070612827265952385 0.00000254433195928190 0.99868901394218312362
3	0.00652002910098350898 0.01781760021038644379 0.00156866165632083801 0.97209579529604706050 0.00063527512086901567 0.00063220885348911650 0.00073042976190485377
1	0.16065219077625528254 0.83803292384333483156 0.00012752729677154788 0.00022977450012548375 0.00004349165446483119 0.00067816546240703670 0.00023592646664099081
2	0.00014913409335218851 0.00010972740032748481 0.99916471827217034907 0.00010466857905632605 0.00018476420407931277 0.00009550625437687417 0.00019148119663908543
2	0.00012482285015131951 0.00002526857573620277 0.99962372147009992407 0.00000985417890868137 0.00002673602727457868 0.00016483485088141618 0.00002476204694891261
2	0.01194999368399865015 0.00738576264168280903 0.94009070196715815992 0.00356170982218915588 0.00289437226367365245 0.03238072264936714406 0.00173673697193102916
4	0.00666519981873242486 0.00306288474454305230 0.01014456195453033484 0.00133694998067666534 0.96075027824339820359 0.00016916564356785473 0.01787095961455190812
0	0.96104637055336217255 0.00422253431879153398 0.00043983528411336648 0.00517730870558014838 0.00324972633991903355 0.00416881226308075861 0.02169541253515277351
5	0.00010089771937603425 0.00025437818348781808 0.00013675052041874934 0.00005478146994136374 0.00046049433562799543 0.99898088983524180318 0.00001180793590657633
5	0.04655659243385580626 0.02627074309618882691 0.00492620473005490542 0.03943580312814568001 0.00599931247477310768 0.87600904233374576879 0.00080230180323576973
2	0.00378678663121752952 0.00070023948109838310 0.99214541895229424462 0.00093512854206192954 0.00056679778004467822 0.00182359040819093086 0.00004203820509154861
2	0.00054495578584560340 0.00017255577361489991 0.99829625429311974472 0.00010591042873494577 0.00025055313552951853 0.00057635115540657076 0.00005341942774907622
1	0.00072783222961533616 0.98132085974908245252 0.00438390428173987979 0.00479575308832295294 0.00074241170010279649 0.00718936846117723422 0.00083987048996056360
3	0.01019074777100017169 0.08754716996306342869 0.03628710531314924270 0.80584726302408693499 0.03094734388418500515 0.01051559183719399417 0.01866477820732153833
0	0.99186007503931294949 0.00326493439550339104 0.00025261376053126221 0.00155223353779245670 0.00186622357387311978 0.00035869952634305495 0.00084522016664355815
0	0.99628251450776073028 0.00264870033198205028 0.00004047798715605940 0.00012256984083364051 0.00025175622340928825 0.00014887637839487686 0.00050510473046344324
0	0.81589630956044567611 0.08535664885900387522 0.00435693517102903917 0.01460756850549214080 0.02473335331894160535 0.03130113390837282322 0.02374805067671480890
1	0.00749042371028966342 0.98385709412025301734 0.00132672704372726225 0.00447670872548325965 0.00217481245550789608 0.00046859056736702978 0.00020564337737175826
1	0.00652260194020296349 0.96572898731615786083 0.00447858345386489397 0.00707051421854777446 0.00808862697018331370 0.00428607974042314807 0.00382460636062031088
0	0.98200703281137535772 0.00539113713946591609 0.00426518487434647195 0.00142751883660645730 0.00066647564104237980 0.00109354459964482262 0.00514910609751862910
3	0.00048681023117058030 0.00063103448197109578 0.00006195772887739943 0.99872311018091319834 0.00000477713088735419 0.00005439441065915160 0.00003791583552117290
6	0.04672848671043469682 0.01556068167502092266 0.00578623331221435853 0.01381442736890344664 0.30087376182682928905 0.00806159891974127067 0.60917481018685593064
2	0.00010744058359247366 0.00000948137729772565 0.99957606900637818725 0.00000057886254504163 0.00002284778813806314 0.00026957587019173413 0.00001400651185765551
4	0.00232364618871511944 0.00049646597296328836 0.01250465449703449736 0.00012880896675105047 0.96869542590843638052 0.00163892199595600603 0.01421207647014312465
3	0.00776840502584822713 0.00143772095256852164 0.00006290550702835167 0.99021821429202905307 0.00041619636124890218 0.00005363229836625774 0.00004292556291100502
1	0.00538445781772351004 0.95971123748838638168 0.00117021926962918498 0.00106664613480616502 0.02544090951114543961 0.00111956482305505963 0.00610696495525272446
3	0.00486209633673506322 0.00062525847659161097 0.00276043019354741716 0.99118653519263155705 0.00006572202944178132 0.00009877754770670713 0.00040118022334712091
0	0.85432108059427780411 0.14429625058515294089 0.00004001277732524494 0.00033750031760348590 0.00029398275718214991 0.00039023208610032090 0.00032094088235826190
0	0.97867515404856664230 0.00622629736017406548 0.00261759496689395162 0.00507343056337595730 0.00049945970365904689 0.00495113060198118602 0.00195693275534897281
5	0.00533218786054719552 0.00634160047399767376 0.00011807766253366511 0.00003298362954570955 0.00008859977175236199 0.98805809072801620285 0.00002845987360716123
1	0.00348356999932107310 0.84693558818354419682 0.05992880344330082931 0.00004432196792821390 0.07185180052206997792 0.01701358526648644523 0.00074233061734903054
1	0.02139073667804983897 0.32591773547502411734 0.19225801205885187373 0.12572053692860751806 0.00977831638614087492 0.31965489603083024894 0.00527976644249557227
5	0.00073013345237400761 0.00002512169875138795 0.00006032682805648823 0.00023829993027669550 0.00008341191661780453 0.99878728147002504567 0.00007542470389866223
1	0.01561652638251916601 0.90151475038161821285 0.00274661934567988321 0.00740029218745163336 0.06888427805633086376 0.00317387310954243612 0.00066366053685742662
1	0.00456942373834210835 0.99264642759030208286 0.00015544599545544294 0.00013791268625329601 0.00009206535178277936 0.00235186991122551294 0.00004685472663975724
3	0.00807648035346480997 0.12073186235182724324 0.00048543125209381558 0.86971885691586769962 0.00011658680117772341 0.00053718789500530647 0.00033359443056318736
3	0.00950239348723466888 0.23385241863582015287 0.00774199353664443025 0.74195627057937529880 0.00039544748181126520 0.00522166800660997087 0.00132980827250358505
1	0.01785431545067597825 0.86698990432465683487 0.00320533959649680310 0.00238837495469508597 0.00229854729725815577 0.10713861811408889602 0.00012490026212779999
2	0.02637646822639887201 0.16070223104598771457 0.73214728104588588931 0.02249244627348578884 0.02497605067570293075 0.02497559858366680055 0.00832992414887168998
1	0.00010932073630723840 0.99642609291171402308 0.00022621739039820640 0.00296272205500307468 0.00007408030574004292 0.00018474968413051946 0.00001681691670629118
1	0.00049176649641825636 0.99883076542682314169 0.00004356704845816696 0.00022967317917939900 0.00003903813610363859 0.00035899842147627605 0.00000619129154071639
1	0.00375728328979574918 0.98504210107772760541 0.00082710214472659163 0.00792665980779039790 0.00159253358264962444 0.00069657377283126602 0.00015774632447920216
3	0.00153083835383054090 0.19423468488516010266 0.00014348489248906942 0.80397116090048548198 0.00004882539672790549 0.00004455143267266347 0.00002645413863371749
5	0.00427571287157401184 0.05469339501276176269 0.00477073329014861356 0.00188485049185868224 0.02746695432626399327 0.90103079834653954094 0.00587755566085372549
3	0.01429183754429806663 0.00993139911139387724 0.00016463957424225648 0.97455444710612049164 0.00014725918904257262 0.00082182077804740983 0.00008859669685601913
1	0.00896968351374061168 0.98295586679456514734 0.00046803882819964720 0.00144626210315823198 0.00312185990148502882 0.00222813127958992148 0.00081015757926077730
3	0.00199406077307452863 0.00225263597530208194 0.00104492730316085489 0.98986483010406123295 0.00148130006055878093 0.00117974384993782370 0.00218250193390525336
1	0.00093513252636009492 0.99889743249568707650 0.00002216325463015182 0.00012584246864536864 0.00000673396422197655 0.00000545227020276497 0.00000724302025224548
3	0.05767242802253490924 0.04361906912465846053 0.00108720710893233752 0.89419502329280253772 0.00009448406125204526 0.00330027512504283077 0.00003151326477686334
2	0.00048733357560031812 0.00005919904085877222 0.99938412905920614993 0.00001178975995290041 0.00003420023660940203 0.00001914526547693747 0.00000420306229518777
1	0.00406012943098829886 0.71328747366017053455 0.00019156990988329335 0.28234351650678035650 0.00001477162382124661 0.00007500668371888687 0.00002753218463841546
0	0.93198548345516163405 0.00546262904807136383 0.00065330209668214290 0.05115580171160567097 0.00561837879698203532 0.00113031059098712581 0.00399409430051005966
4	0.00147835667763531603 0.00697372251629341158 0.00550404242183091721 0.00091098873912667311 0.95160292149550673724 0.00052724940257447997 0.03300271874703170766
1	0.00091128949435774725 0.99138701663708561629 0.00306146828002428015 0.00185827912077108953 0.00073636142450600440 0.00196236938892129301 0.00008321565433374796
2	0.00043889077147193185 0.00006611905000798753 0.99906117473593480938 0.00007766685570378253 0.00007533237363189223 0.00026127584828731864 0.00001954036496276254
3	0.02641971762121025219 0.04172557281914677368 0.00128228436942394333 0.92955163498396653488 0.00000468900627800043 0.00088388530688798426 0.00013221589308612218
1	0.13843786628991483489 0.74537406347516022009 0.02057775693211026657 0.05083187636117440095 0.00729648266600723457 0.01330039464484907528 0.02418155963078390605
1	0.09499510022017577937 0.82317627891756750547 0.01255055598918029813 0.01948170474553091377 0.01206490030624516978 0.03122856830227985561 0.00650289151902087772
3	0.01527315044593765929 0.00986477119038213154 0.01194079743172119304 0.93250589939863470779 0.01861440617480696058 0.00226254939074688665 0.00953842596777137140
1	0.02834123698037989067 0.90885436198625446647 0.00025924371191982939 0.06166443283738697045 0.00015941102075446242 0.00033568229456269012 0.00038563116874160407
1	0.03007141229014001493 0.91429033471054688142 0.00727603032279877226 0.02525823617881409536 0.01057221664226789398 0.01114980471754335560 0.00138196513788848706
0	0.72852970042631626235 0.25305067594212610205 0.00313467027668552041 0.00259017864001476411 0.00389489499827586376 0.00803586612607182227 0.00076401359050964825
2	0.00078137895093321628 0.00023339694286105795 0.99695744617103720930 0.00010637458214443178 0.00046480988642625239 0.00138911182355886016 0.00006748164303857337
1	0.00061011451358958062 0.99483533974972426783 0.00052129580706700358 0.00019906806709016169 0.00013053731963207996 0.00359989270793235807 0.00010375183496399291
