0	0.99383177786082144145 0.00268679300472692657 0.00006950782901477647 0.00256039149037045688 0.00021419098405251971 0.00007942041796786493 0.00055791841304624848
2	0.00002351571878284443 0.00044006289539198811 0.96868993087581722889 0.00135329019272820822 0.01938608047776951837 0.00743492829220379972 0.00267219154730688338
0	0.99191893066346703556 0.00344428951476353530 0.00098782630949339383 0.00216557107842590534 0.00062110560605060168 0.00046174474665050964 0.00040053208114887190
3	0.00000070168793317968 0.00018524821010699053 0.00003419554358166732 0.99973146295326031918 0.00000851638455512109 0.00003069178007400580 0.00000918344048843325
1	0.00250548803977803389 0.72863802901599217243 0.02856487901140977378 0.19392649034658970830 0.02043063508193539851 0.01111754115161849889 0.01481693735267669045
1	0.14401153011823300543 0.75304796841387511286 0.00137692919058733675 0.03420977975417874295 0.00566224451415310841 0.00498130790870352381 0.05671024010026933654
4	0.00010859820548037953 0.01879008938464035716 0.02401975734006800423 0.00600426656780400463 0.65216383115122866787 0.28705995934679606751 0.01185349800398349460
4	0.00000050937381834746 0.00067023551367407337 0.00060770963672767298 0.00098633586157100841 0.76323532785769554465 0.00050090691956179365 0.23399897483695206168
1	0.00181181642710682338 0.97288332275291800055 0.00033398912747681852 0.02469094514563899626 0.00004189999691591067 0.00018868057919192095 0.00004934597075246501
1	0.00041798472942396219 0.99840001458577820603 0.00017983377192363478 0.00029886619550124899 0.00019825546140729358 0.00042748962442790221 0.00007755563153825905
2	0.00005393557540573219 0.02688792205620326933 0.48970918679200725609 0.03469615226077649162 0.00213993704585544375 0.43456315808752832286 0.01194970818222300564
1	0.01212952975936607697 0.98154793913014704021 0.00106620839118921180 0.00081337021418623179 0.00102978448672349458 0.00175054088426061967 0.00166262713412698411
2	0.00000473354562286369 0.00001809891402057602 0.99787704190508053070 0.00031605410650777869 0.00069302245460790574 0.00050197943183563371 0.00058906964232329439
3	0.05879429940686003303 0.29639411943285076667 0.06160614839014515176 0.49765259903275871345 0.04017664676441533300 0.01970754984355656964 0.02566863712941360592
3	0.00011993962494455652 0.00168209011624420850 0.00359861049949997645 0.99350472353980257001 0.00025495914103565166 0.00048265669056854081 0.00035702038790230418
1	0.00381656455936032384 0.61950543417893733089 0.00330881769161369115 0.35840797689367298595 0.00958091560346852750 0.00338857478540831531 0.00199171628753855214
1	0.04723693984113509770 0.53959853365938870162 0.06294538360778531572 0.15712245927600801410 0.07988823132292909024 0.07926022517422795510 0.03394822711852611696
3	0.00001834422481774155 0.00279268993280643854 0.00213737282408271636 0.99319157809144642535 0.00039388049796240855 0.00092625019923588982 0.00053988422964876205
2	0.00004670202823588727 0.00017633632334133813 0.99441459100055240583 0.00109275175641858151 0.00284581201333200138 0.00126661429487746847 0.00015719258324231814
3	0.00469196591630388366 0.08135615335646766144 0.05889634046538790718 0.58198572695229999763 0.13604729312214092207 0.02554665477404814700 0.11147586541335127719
1	0.28452663682107598442 0.54199447472206230270 0.03867623519163533585 0.08384379763502454452 0.01211791440781734980 0.01976034172127695207 0.01908059950110746125
1	0.08243539801822356849 0.69204190292073131108 0.01658436623919647482 0.00504300243706993535 0.00792574933130717023 0.19309395563184267308 0.00287562542162876330
1	0.14682497904876753991 0.67483988376612924487 0.00106023977385675291 0.00907661672274578599 0.00510067007104959141 0.14852809142963460665 0.01456951918781657085
1	0.03287810609089224234 0.95568975585137194706 0.00234033174270089663 0.00573128593901722251 0.00092356279854098567 0.00205315283011881780 0.00038380474735812700
1	0.17436940746987839024 0.77555164072740823134 0.01641168365891027686 0.01911335921543688005 0.00833049465191369916 0.00334496839291987961 0.00287844588353278284
1	0.01052132275948578118 0.95080115237841078546 0.00030389930767196890 0.03712857900485226625 0.00028269776121921222 0.00080009702732462612 0.00016225176103552518
4	0.00001821267974369853 0.01238196792588313298 0.01490874935323233640 0.00426621468154109867 0.95399695169198317490 0.00357410440452089577 0.01085379926309550970
4	0.00019025785637224652 0.00183796557306562620 0.00320850247429256682 0.00269646284631572686 0.71532997219888594387 0.00115900100522485961 0.27557783804584362608
2	0.00000740776732817022 0.00038012680852517200 0.99798135918322128379 0.00028644072286198349 0.00029122416701293568 0.00101191926888739392 0.00004152208216363945
0	0.99360297075379155896 0.00256042449267919513 0.00009412339200260025 0.00129643250317659168 0.00064873735538039496 0.00043076003023615682 0.00136655147273342416
2	0.00003556702068458963 0.01692995380636321337 0.89494721875142146938 0.02110044172095233012 0.02056368741218218138 0.02912149950630027115 0.01730163178209448774
3	0.10782498199970801112 0.14188311170830633645 0.02616556475058219589 0.50076230606661842337 0.01411093360124287231 0.00991223946337628677 0.19934086241016613084
2	0.00035451798936991460 0.00038873714088929866 0.98926274184516871379 0.00017498714289784586 0.00136025961899163893 0.00699971530487542189 0.00145904095780856010
4	0.00000257099641414595 0.00040027748648429891 0.00238372649036300028 0.00013015626601805774 0.98909173432273400639 0.00216976032138108468 0.00582177411660506853
3	0.00000074913212414712 0.12921515836496141882 0.00152685188869171882 0.79696780843145242912 0.06853592940185856963 0.00291092702438530129 0.00084257575652580080
1	0.00870656449389689557 0.96741597067021167788 0.00403966401062792139 0.00342388862933542268 0.00555225371105309840 0.00913495558838117901 0.00172670289649344230
5	0.10803313045136994641 0.13619267300897680562 0.00170709287907688735 0.00094554715414548666 0.01590924731290200081 0.73663928777029674677 0.00057302142323208951
1	0.00186083903452485756 0.89712076647258198747 0.01685650784797224425 0.06407395622619554976 0.00480535133284800287 0.01163391749404113842 0.00364866159183577232
3	0.00001197508419094010 0.00194205485640719573 0.00088376280374307336 0.99522782915914220769 0.00022349078141994580 0.00104943974991597816 0.00066144756517881977
3	0.00036490457188566414 0.05513816313790743245 0.01531390997677443445 0.92012291519633337966 0.00167033330348840279 0.00204585320570206154 0.00534392060790832811
4	0.01527136481811385178 0.12055323244540414040 0.04480408729323860639 0.07808108705529948068 0.50030645585485511440 0.14398333226372508897 0.09700044026936421870
4	0.00010603402678936866 0.00024978275396626951 0.16959252786075815211 0.00063387421054769656 0.78373294493186373977 0.00659970660390067371 0.03908512961217457810
5	0.04793987143367747783 0.03518389953250539159 0.01143585886063723349 0.01771105952027416872 0.26554891276217518215 0.49145288606459291980 0.13072751182613759346
6	0.00009256395130217523 0.00108940892491714595 0.00099811633526249296 0.00138388109933548688 0.00457409808822568670 0.00088244584465970073 0.99097948575629646317
1	0.00042070898569143754 0.99783126976415659204 0.00023550290642142412 0.00034679309482605589 0.00035990079411230897 0.00026979679801387708 0.00053602765677754046
2	0.00022375569495156820 0.00376814284884438057 0.97983608929670618082 0.00140057651108425256 0.00413426813005761482 0.00739821757114426590 0.00323894994721095992
1	0.01779846887312480294 0.94400594567495377252 0.00524624086019843342 0.01234548031768845783 0.00277848012437399879 0.01520330289789028309 0.00262208125176980689
2	0.00002055321198864911 0.00065501718347425752 0.97650899584081640725 0.00132049173017330097 0.00973933589118356792 0.00818531778919463944 0.00357028835317066591
6	0.00101580409982006924 0.10600924573865608269 0.03777733273607920134 0.03429080552156976019 0.13139103767496226882 0.01594822224833349761 0.67356755198057871592
3	0.00898081183504235298 0.06674945469226750694 0.00227334780746212559 0.91226746314647855218 0.00281824317044490104 0.00419452949366982009 0.00271614985463500876
3	0.00075676241078793569 0.00207157843075071041 0.00070484555064697393 0.99608732031183111477 0.00004252931090831046 0.00011073003663616199 0.00022623394843808805
0	0.96244407084022398635 0.00580356846054589856 0.00041855012341166376 0.00605476705319969808 0.00444640243297931507 0.00230995598167463333 0.01852268510796475573
2	0.00001564360096741126 0.00078682741153688707 0.98448396725266718033 0.00041597498145790442 0.00267854904034657343 0.01014020123917219220 0.00147883647385206314
4	0.00055076065791556802 0.16211242243943693730 0.00802569199451367774 0.03980644264872081062 0.77964814646707725210 0.00526860220876588809 0.00458793358356935146
3	0.00083091124748624757 0.02459753025576912402 0.00105278877790128986 0.97159699292417656125 0.00121065456565522906 0.00044103351077589030 0.00027008871823493364
1	0.00194472664410593539 0.99480079244141650374 0.00055482415707698172 0.00175790742791446099 0.00022045031962357529 0.00064490538374908999 0.00007639362611338743
5	0.00067657437514034142 0.00161313139973327411 0.00383970831181803347 0.00408142226060528163 0.00705774878427957095 0.97126037059707481802 0.01147104427134948597
0	0.94904605918120032992 0.04699453130823615793 0.00001421570929016721 0.00053642282356495944 0.00140164199931133476 0.00018623569193379182 0.00182089328646337740
1	0.44083079678992204142 0.53791833801209476551 0.00223651342501406114 0.01151695026113602055 0.00188273543790577346 0.00417556136836558234 0.00143910470556166364
1	0.00340909754220783704 0.98184834068448012534 0.00072638511376210127 0.00873641522077894458 0.00369777517060274237 0.00103083303726457087 0.00055115323090173239
3	0.00000098701881109569 0.00090330670378108613 0.00441432050605644263 0.99160244269275210627 0.00017357790001425638 0.00229620115172581843 0.00060916402686018621
1	0.00031545571690032840 0.99724566651721702204 0.00072186372835266214 0.00078884225322685343 0.00042236277340466851 0.00033059741672434624 0.00017521159417670430
0	0.99925188521292773736 0.00011259068779999226 0.00000803851161301716 0.00011975847666103844 0.00011496464881772500 0.00001872252054460467 0.00037403994163571032
0	0.99880909609163981422 0.00019280081318987570 0.00003791967453979131 0.00056128817254520974 0.00012731419839925951 0.00002565827352517201 0.00024592277616114516
3	0.00056492273305118555 0.01034767814164315458 0.00067675135342085211 0.98612500178398643236 0.00041496951866823044 0.00047147670031050937 0.00139919976891944532
2	0.00026793036277598394 0.00048594479179694770 0.99546704579922706824 0.00108055048615657268 0.00084758926212921237 0.00151889297898705157 0.00033204631892615351
1	0.01034051962804754567 0.98295205844502753223 0.00169482062800481231 0.00318112137239582671 0.00100190927446928350 0.00039959695766102985 0.00042997369439454674
0	0.99891504559950017317 0.00037655354756584641 0.00000300732873863796 0.00005959662961427702 0.00013468858184648825 0.00004830520665061808 0.00046280310608376630
3	0.00115016118630192963 0.02447073341252192433 0.00066980992586079498 0.95719480685788638219 0.01238781885557262846 0.00223978142546846270 0.00188688833638722751
1	0.00826240377396499602 0.98375321168342844125 0.00051198908208998717 0.00214247873659071178 0.00233356468719172518 0.00054469841389490038 0.00245165362283960046
5	0.00000311432882217178 0.00297206707871130451 0.00270717799488734380 0.00238950267913410567 0.00118058123571476541 0.98929849457067986496 0.00144906211205055426
1	0.00265341114129493457 0.98958781019010089164 0.00167201245970754315 0.00336543728139039903 0.00057121813558675468 0.00107679720318926359 0.00107331358872914009
1	0.09871216908304138171 0.67389124918216058990 0.07844595420556868537 0.08399572632154096719 0.01751955089261286388 0.03644611979708033828 0.01098923051799542867
1	0.00569450544942975197 0.98473154110747929124 0.00001787371882345526 0.00910616840422042231 0.00016054779825667870 0.00019656306623684055 0.00009280045555430041
2	0.00001432785771408447 0.22949323352295056266 0.72680810473582846409 0.00748828664098860099 0.00386200138025285080 0.01753426441707238784 0.01479978144519296553
4	0.00000522053992174000 0.00113288636698774146 0.00318573593156266759 0.01939469629553895735 0.96186951901766837292 0.00380512647049680236 0.01060681537782303015
2	0.00142733684390890865 0.00009204519015112371 0.90268234434914418340 0.00019629583464429419 0.00200053802680577684 0.09284671863839570605 0.00075472111695005042
0	0.99956327554930191059 0.00003370061181905049 0.00000084471808793136 0.00027061261919340574 0.00001790229226403552 0.00001007656073976716 0.00010358764859383865
1	0.00096130114195055387 0.99765236000678947370 0.00009634466539741663 0.00005025528152650506 0.00022463347696289370 0.00078527323006277977 0.00022983219731025740
5	0.01040602329329404219 0.16071375800215698115 0.02511252750287392907 0.03191380853133936324 0.09252019569857687642 0.64052481263216032303 0.03880887433959828714
3	0.00017973571975354207 0.01854160187522313138 0.00247601370139502192 0.97644826190962141776 0.00063044322105319621 0.00101175797796072744 0.00071218559499272539
2	0.00000004728018669551 0.00012437700521207091 0.99728904027880493910 0.00017559010341227350 0.00123298636679958001 0.00071343386215102209 0.00046452510343071742
3	0.00436595601330845920 0.14594660569765163793 0.00026915168874218657 0.84882954021305501158 0.00014215068321912647 0.00023933795169951065 0.00020725775232407261
2	0.00117452278310550308 0.00019369212402870300 0.99320164311566394577 0.00049506881507125245 0.00235850901049991686 0.00230298082540964476 0.00027358332622180194
1	0.00120892109669122594 0.96458284284639161932 0.00134483386330569313 0.02380754490957839170 0.00149550412426758248 0.00608775572032666228 0.00147259743943809070
1	0.00021062032894761463 0.99864421255416102596 0.00021369562262370196 0.00026952252164268576 0.00016448320636425104 0.00035557844277580376 0.00014188732348404087
1	0.42834070002575602709 0.56452994584173410431 0.00016828744519272796 0.00437218348499554283 0.00116176112162125786 0.00017502002770900500 0.00125210205299140591
2	0.00001930889211170210 0.00031308373826134482 0.99657749790184235739 0.00023614100666001609 0.00074882026478887732 0.00126025632229391808 0.00084489187404149626
2	0.00004061862751014605 0.00075508219702459935 0.91041031236387048864 0.00086387103304573813 0.01474194747446331763 0.07116056355498347197 0.00202760474910232023
4	0.00001451651117932539 0.00341879386863532930 0.00519003447897927947 0.00154824023820371629 0.97792401265672834754 0.00056120930753293912 0.01134319293874087517
4	0.00000194225656789225 0.00265807410430994899 0.00313999095697519836 0.00029883281574512435 0.98820696635821614340 0.00130251452697914397 0.00439167898120652010
6	0.21209956014957789816 0.00077629926218556638 0.00383124938420388323 0.00149170565733483529 0.31179477489456447481 0.00855833920239827337 0.46144807144973498669
0	0.99985327601429918598 0.00008271553973681736 0.00000060841105139971 0.00001928396059098310 0.00001298318718188607 0.00000723572690000412 0.00002389716023963238
0	0.99704043029054301162 0.00027237304516432726 0.00002320827501615717 0.00024363140052103164 0.00042868545269802386 0.00005359288434689250 0.00193807865171093325
3	0.00000127322332274821 0.00006522238724759790 0.00011895636842578224 0.99973130387134367947 0.00000872138588578220 0.00005541983903181194 0.00001910292474284066
0	0.99079741224604556127 0.00049683813960611062 0.00006814868492795624 0.00471913662762974296 0.00052905829062870351 0.00016024693450531873 0.00322915907665664208
1	0.00162008453600173403 0.99111153248100036794 0.00094716155689617768 0.00208633259961832742 0.00030338206501171643 0.00332788921905156085 0.00060361754241992655
5	0.11295951400788700747 0.07285415735974867801 0.01061762880682294054 0.12145334685088587934 0.01166832606540382268 0.63344090463482016773 0.03700612227443163954
1	0.00983781958852551763 0.90388182737779110276 0.00885307992095236106 0.04527023929277969316 0.01925171978831218336 0.01047854063664241213 0.00242677339499565783
1	0.12118844201408766892 0.65772563764001434894 0.04217988882214314394 0.13450865583230653399 0.00941036535406953971 0.01814664918291396950 0.01684036115446465448
1	0.00035167766646061548 0.99850185755048481706 0.00006030130474335469 0.00025649497585189366 0.00016299011563186198 0.00061900272204867054 0.00004767566477805427
0	0.99837918231970101957 0.00035015398816067180 0.00003549687776892645 0.00035105733038784354 0.00039586743296282639 0.00002336010886090098 0.00046488194215773935
3	0.01972925847224677245 0.14459405447615383822 0.02638993362079866331 0.62460146039995856349 0.03310490514598816991 0.13140881610098475996 0.02017157178386914246
6	0.00002731135141787180 0.00002366721524829388 0.00027338356932677635 0.00001555786501460227 0.15570943214804233712 0.00018515783008175431 0.84376549002086775886
1	0.00067991726200262407 0.99746489959922013391 0.00008321561580402650 0.00005945643422166665 0.00003829361800604929 0.00146632954092428317 0.00020788792982107948
3	0.00004300071713967528 0.00105726016302291784 0.00020703916373780636 0.99680609044511780947 0.00100073952056983924 0.00021407447478134472 0.00067179551562985239
1	0.20627675165757922149 0.71372498191742694829 0.00388040794141725730 0.04958785890692154336 0.01263563742612144707 0.01103448824511578906 0.00285987390541780169
3	0.00030208396577624053 0.06312818083230162247 0.01242481899629693277 0.90375868225735767059 0.00683532440025315640 0.00965470728287479499 0.00389620226514106544
3	0.00140387322346718999 0.00625368895797547095 0.01215357782201784663 0.89912769558554661575 0.05072755122586764670 0.01247077070678354743 0.01786284247834225847
5	0.00044350637067782592 0.04335996145946724445 0.00688195899978565843 0.01185299441488422111 0.04646150967465240145 0.86470563979425074663 0.02629442928628220738
1	0.00375511383332743790 0.95159876383612407302 0.01041247881915646073 0.01386795102315487027 0.00815784862476798094 0.00415139045870678309 0.00805645340476320200
0	0.98911678734458130524 0.00094251045885605344 0.00010046619030801743 0.00721433180842590265 0.00037234070804894790 0.00007081099348323548 0.00218275249629658634
1	0.00000429689037200818 0.99788007279489510104 0.00025035053616768993 0.00076289120217057360 0.00021076328988393713 0.00058909107955939491 0.00030253420695070633
1	0.00054374934385163017 0.96464132180305484088 0.01632475343888285454 0.00580090995439375406 0.00697367714361949928 0.00512279209040420423 0.00059279622579325023
3	0.00028256115367373831 0.00659529326723820239 0.01988873830848529589 0.53030964770775579353 0.00883533129167060269 0.43298085635022082185 0.00110757192095626016
0	0.94014681120931209435 0.00849437431050036398 0.04394814302972169934 0.00035759876532085361 0.00337433823799883521 0.00342033730262524677 0.00025839714452101820
6	0.40533348477026992507 0.00013039655970852735 0.00010822873282156768 0.00218610570970451893 0.00775754518315618490 0.00152628699037298194 0.58295795205396638838
0	0.96447604570108169675 0.00297832126661310651 0.00015636509370329317 0.01213997353831913935 0.00626556087735745306 0.00173933465571681259 0.01224439886720823066
5	0.02093341059011346802 0.00020406529559581206 0.00007277238173602785 0.00132866729422865485 0.00327809403066808228 0.97023683711642960681 0.00394615329122816917
5	0.00000621722736510198 0.00434317881710751842 0.00231643621193262841 0.00348485423184523389 0.00142415124641077787 0.98814015033274837929 0.00028501193258961914
1	0.00095180950166413392 0.99454229398425331166 0.00013205860677632691 0.00168382296202968158 0.00145704773495920043 0.00064601672920145856 0.00058695048111591537
5	0.00948411945167167494 0.00807518702019785657 0.00066945438619066256 0.00378923139415338972 0.00241029342195397522 0.97507596668097717973 0.00049574764485471026
2	0.01345735718399105295 0.27393460952923065488 0.38615312164160675579 0.13666945329783947161 0.07873458383094314450 0.07040979458351419307 0.04064107993287399689
6	0.01888699652382991659 0.03594131386555696195 0.06416704059106509428 0.01411658134836879346 0.05647274638175038552 0.04385091300355816596 0.76656440828587069092
1	0.03093672989887254199 0.94527075910256641578 0.00139985063301250809 0.01008585086210577950 0.01063758426961170303 0.00127656676623857761 0.00039265846759253180
2	0.00231658626384663707 0.00452204909385733791 0.95824321109294541277 0.00018322488240281049 0.00867649768078120574 0.01987029582396828559 0.00618813516219838666
1	0.40893985093706813894 0.53738870848471487207 0.00998160367414078348 0.02771526776267000183 0.00790607849165095647 0.00450163315862631055 0.00356685749112874758
3	0.00030919796635580889 0.01324463397446823398 0.00560831188019875453 0.97497268442919726716 0.00130550118147717458 0.00173204361233323854 0.00282762695597059497
1	0.13990559105255037653 0.82667405413203853826 0.00700819934905741720 0.01736886475888235401 0.00375426143301098953 0.00370861852955064889 0.00158041074490980352
4	0.00000049556999238618 0.00006567594918530904 0.00021726700192323606 0.00007404397835177458 0.90828594706989085328 0.00033885489480562443 0.09101771553585183416
1	0.00025377455173105040 0.99579535745078850972 0.00012765674067564495 0.00349940991328699137 0.00015622688547770969 0.00011622773787956917 0.00005134672016014899
3	0.00021436160047557835 0.01445115825913610708 0.00415809461241422717 0.97134114975994956254 0.00492708375847793374 0.00228955484453866346 0.00261859716500830028
5	0.00075837185225693872 0.00101101274498217744 0.00666056333786609837 0.00465190991598146437 0.00567128593334230002 0.97966821367446843549 0.00157864254110209597
0	0.89856004245098319849 0.09116210883049617741 0.00000320604261165213 0.01018090862295231713 0.00004442869655679430 0.00000159617370669810 0.00004770918269308707
1	0.01074479572638037395 0.95918819421980139328 0.00503994789787145028 0.01379070636568118305 0.00762103245409684413 0.00163650174735820598 0.00197882158881087719
6	0.06747915686759557718 0.00306740591129724518 0.00352136854776043031 0.00259342979750739819 0.06555996269056114933 0.01579527898716731257 0.84198339719811088333
3	0.00033866277744277291 0.19521067943922673638 0.00901426799978318795 0.77699083228904530785 0.00942343255038162984 0.00354683099181529781 0.00547529395230481400
2	0.00386301682446200728 0.07294328480442648088 0.82107014606357830999 0.00128119468800847402 0.02620011066761256807 0.07266340826575162781 0.00197883868615972899
2	0.00001087841607204937 0.00467983324440481539 0.99287543253758114847 0.00031624728258163796 0.00029410362548096692 0.00170330725808270542 0.00012019763579517592
4	0.00000406699288347219 0.01708792264093520266 0.00499578149551591945 0.00701086714797210294 0.94840124384644419742 0.00374226478245967857 0.01875785309378826676
5	0.00751634099617661151 0.26643731061628778134 0.00148306079125320599 0.00104465145063403742 0.01131356135303620072 0.71173416006369483178 0.00047091472891731552
0	0.53112026662780964514 0.06445677855984756344 0.00042210319284518254 0.00138749911610286489 0.37528795506188300513 0.00122683141663581727 0.02609856602487576477
1	0.20806178418671372743 0.32169975332905986765 0.00852384974886123692 0.24135010229372927393 0.11611345826393693059 0.05565858851894708859 0.04859246365875186796
4	0.00000019710753112608 0.06190434396159940483 0.02087624126301268826 0.01004033398830535447 0.89127233646240688891 0.00581495499103113368 0.01009159222611353580
1	0.00227650274288682033 0.83996814197720592876 0.07109053146918975497 0.02240839138568124361 0.04094116608607296925 0.01499702999084502088 0.00831823634811890318
2	0.00000001552545105813 0.00000879092789165564 0.84968728449518315937 0.00001120009442875405 0.14404057983335594173 0.00142964100156872556 0.00482248812212039430
4	0.00658902520249293050 0.01329648212557290460 0.00025426130942314480 0.02088484600239864930 0.95393502743418301382 0.00037063327329478230 0.00466972465263506067
1	0.00085821019449926574 0.73233629449378812026 0.01542288111441057763 0.10381268102258596475 0.06400196438082748907 0.04346605423487710090 0.04010191455901156860
3	0.00045538328988637821 0.00287885370468536758 0.00088525177544292709 0.99518885271093782130 0.00016112937234398993 0.00010786336756940392 0.00032266577913421963
4	0.01451044105938266611 0.15013629060852101693 0.05710974990981203953 0.03791221973643468107 0.65503999185824490770 0.06302457806717527700 0.02226672876043005525
3	0.00061187004399453125 0.07343499158673530425 0.00443475668455499752 0.91384462590932191706 0.00160565252816729327 0.00379592857474083918 0.00227217467248499484
3	0.04724141574680097710 0.00873758031464534797 0.01094147915016504061 0.82914683353284990286 0.07237431863237718532 0.01875695111395927692 0.01280142150920236463
2	0.00000399908082451177 0.00012815056429337594 0.99818593301813984819 0.00021204165528337723 0.00050115249479503637 0.00078008610407152292 0.00018863708259339861
1	0.12946642605728178599 0.85752228550778875071 0.00185551102995921806 0.00669732770296551250 0.00325367306671392464 0.00082920871068539596 0.00037556792460531835
0	0.99984530387263848006 0.00003798265985916007 0.00000070236756237705 0.00002237201500982274 0.00003623192339440482 0.00000443433255762383 0.00005297282897815167
0	0.55182942089578024270 0.44473328039389248278 0.00002117773722762334 0.00036883724677958592 0.00119335387194298014 0.00050336192577360309 0.00135056792860337562
2	0.00001712882463774688 0.00002986899712809084 0.99760786723459171643 0.00011510845108527270 0.00072202716772605004 0.00135015927316411489 0.00015784005167004597
0	0.99978535756889130859 0.00001435514779889652 0.00000169128285317652 0.00010950153744036445 0.00000829243748807966 0.00000924055692121748 0.00007156146860710382
2	0.00000008962955267764 0.00002858000185936224 0.98515674184083579235 0.00001852406788792721 0.00398770907913166810 0.00998095742964695207 0.00082739795108522848
0	0.52705926247710210841 0.01965762256195133575 0.00096881574581548797 0.40490807295144509714 0.01381582953805226589 0.00075643023094018136 0.03283396649469356304
3	0.00021966546840095324 0.08583195200622069365 0.01128640715179102250 0.86073543753530845635 0.01243600702885756457 0.02131906565068742918 0.00817146515873414837
5	0.00000048084086012124 0.00079910874773262450 0.00629948198969039301 0.00037599701572511748 0.00021461701696303914 0.99213774549446620554 0.00017256889456287146
1	0.00267935217364342979 0.99014670354204592506 0.00103614196290878827 0.00430981149142481597 0.00053892853220148475 0.00097725050547102944 0.00031181179230414623
3	0.01083882423293371436 0.11410908879225380164 0.01208822674019260218 0.83233428296234346355 0.00812769169752360250 0.01162546056517696144 0.01087642500957635913
3	0.00007249822213472143 0.01635845155654979191 0.00016785484616051557 0.98279220452396831575 0.00021542986866147557 0.00029458248562921804 0.00009897849689552551
2	0.00000032735217387469 0.00003462123324862152 0.99966879006682818343 0.00002612690231680485 0.00011412696780790071 0.00012514521455058485 0.00003086226307412043
5	0.00220554233908617755 0.00053077695126922772 0.00070617856852237156 0.00088690722093260320 0.00137092659582760813 0.99379378196585888006 0.00050588635850271936
6	0.00092424437177851038 0.00201572697885912810 0.00180513409092694557 0.00139868862985072315 0.02426090149102834784 0.00245454326529838222 0.96714076117225766804
1	0.00020934675690524991 0.62014953835848163344 0.00769946073219115925 0.17617017284454944415 0.04595104044191215126 0.00671183192850148894 0.14310860893745705469
1	0.00164408169707581323 0.99047651383073587184 0.00182699682345402502 0.00352267829369823241 0.00044460082051754743 0.00174248816832283824 0.00034264036619576052
4	0.00082832339888857490 0.11261265135389587899 0.05514212124859915742 0.00023988335312108799 0.81494007504797294494 0.01003811194262726851 0.00619883365489506608
6	0.00002443606721572354 0.00577889939523546815 0.00373096906461058749 0.00225092458839479866 0.00698636027717874225 0.00065271114482719325 0.98057569946253841930
2	0.00007030189895285563 0.00291785178549560731 0.98865474929730212672 0.00085191115905436160 0.00262431684933208103 0.00416096403021748787 0.00071990497964685425
1	0.00759216306756429430 0.99184442407298734068 0.00013819547136995487 0.00024503247046624892 0.00004225166401663597 0.00011469140515175790 0.00002324184844441204
1	0.00162757362855945687 0.96871991084607400602 0.00258506819931940022 0.02010031073864085305 0.00440045237681411724 0.00181248088400994163 0.00075420332658273433
2	0.00000903921655057821 0.00010120659321477401 0.99544708904160950080 0.00041261945515037049 0.00115052894211243434 0.00231027814395856667 0.00056923860740177928
1	0.00377420191158136945 0.65757641147062095843 0.12378059311506474371 0.08477037888820553035 0.03967564018534285725 0.06215361766134715887 0.02826915676783718981
5	0.00000028599923958693 0.00000798557803133611 0.00993155846038317261 0.00000806076476752989 0.00199258714405204165 0.98790734834975979517 0.00015217370376775026
3	0.00026469413795600068 0.02517641416330455850 0.00515514613670254793 0.95888787121187191165 0.00401883764171317211 0.00339572104214079691 0.00310131566631159953
3	0.00001643706548729147 0.00611961853176903273 0.00090875884631437325 0.99035901884343069401 0.00038424470308464297 0.00167923114355976715 0.00053269086635375951
4	0.00000738576637197790 0.00106587053109880709 0.00309738917894477380 0.00396314856282374214 0.98417634521963914818 0.00472319276252403802 0.00296666797859708453
6	0.00052080653814872107 0.00001515350385441426 0.00016112185673036812 0.00003126779653460304 0.00271454006625321351 0.00006367503359511945 0.99649343520488398163
3	0.00184769399917629885 0.03671346959470172394 0.00562308189001932239 0.94564982246302065061 0.00318212554173202171 0.00344504221771156595 0.00353876429363832483
1	0.30260219090776707684 0.69601928694185943858 0.00005301735319132779 0.00053526989272756440 0.00008478442709255489 0.00032639818582004201 0.00037905229154189946
2	0.00007311874013978193 0.00015387501443811153 0.99644089323377438294 0.00061372058257874056 0.00095217591943088525 0.00075896432948783328 0.00100725218015007773
2	0.00004173830694614167 0.00007670374034772337 0.99770078289396313398 0.00011867133399608292 0.00035468079393306492 0.00134403995179317075 0.00036338297902303710
2	0.00593311375939073460 0.01316779344235838659 0.91932683625514122205 0.01065231243770477579 0.00764568679441616963 0.03814708437091868937 0.00512717294006905574
4	0.00006269184383908834 0.00402714240917504632 0.03170304570324467691 0.00629325589119741034 0.91716206721307425020 0.00156609509354264432 0.03918570184592611028
0	0.99050516130369214984 0.00142354054062815145 0.00005179325204273233 0.00198076011399756381 0.00074935143938224087 0.00054621917867712770 0.00474317417158010273
5	0.00000048739058473675 0.00034246433015915572 0.00084260896580255447 0.00035751351405648456 0.00194689859512661061 0.99631909780357297279 0.00019092940069802148
5	0.04449493291231371161 0.06138491649609732759 0.01236613256769145304 0.06135976390512776907 0.01693669109718870178 0.79979211847671283220 0.00366544454486820992
2	0.00159139028782722368 0.00126714599310351664 0.98594578445443081804 0.00322840958582752040 0.00240106964986085180 0.00515317191173818214 0.00041302811721222779
2	0.00038355424382441517 0.00041467777810109854 0.99482074481756499473 0.00068414550063720686 0.00114594008182138324 0.00213919547963651625 0.00041174209841501544
1	0.00003109878753966601 0.97393117269929163626 0.00634317808825767774 0.00856329798570111371 0.00178989731667700399 0.00771164866320739155 0.00162970645932472807
3	0.00276441206246831866 0.12519419429109981956 0.06169327654677483203 0.67954718095587129945 0.06140094698259303263 0.02738054280622994122 0.04201944635496222824
0	0.99870854608704962008 0.00034824977081383211 0.00002273022294885518 0.00034925079548353343 0.00022300791224211811 0.00006223754120139744 0.00028597767026051173
0	0.99944647463584013192 0.00042986459193556747 0.00000222372544608939 0.00002320195921426825 0.00002195682964045256 0.00000911735273810417 0.00006716090518571321
0	0.94252413953630997945 0.02146260362656739890 0.00183245497733518768 0.00357266052136592707 0.01038020122050899337 0.01171143163512519680 0.00851650848278746701
1	0.01892934551053659237 0.97184930665475732781 0.00113340101319494863 0.00543060487036716409 0.00174696454049497662 0.00058886402382980990 0.00032151338681920340
1	0.00489400328848114529 0.96641641721208493276 0.00413861347228425096 0.00733683706571871836 0.00893703564143169017 0.00428482471011811753 0.00399226860988173733
0	0.99821963317363193724 0.00040485216697401700 0.00028405005232747470 0.00020809117078528398 0.00011600074495587955 0.00020752861776841147 0.00055984407355668092
3	0.00004042626995603608 0.00153307026778758734 0.00049850174601751419 0.99653084400720759461 0.00011794391182959804 0.00075043518720065410 0.00052877861000165068
4	0.00147221926288104428 0.01976952645275621007 0.01435877933242039363 0.02285464286607806136 0.64835858320584727199 0.02478729834827764211 0.26839895053173984385
2	0.00007121144341613699 0.00002460699569254236 0.99784469637507544615 0.00002107759742816928 0.00029433343718128626 0.00153113841487380461 0.00021293573633341954
4	0.00000239558740145873 0.00060639888610305309 0.02252441209037811184 0.00064813372038851269 0.95000665388233462849 0.00452783291266234574 0.02168417292073224895
3	0.00188619448506782694 0.00587389605917471112 0.00061988694874899998 0.98839909008701842819 0.00226778828728764438 0.00050368184527606178 0.00044946228742726669
1	0.01180608003417341935 0.96218815529357604177 0.00133301838632617401 0.00178455430909942449 0.01760116869446908330 0.00157991744377143964 0.00370710583858411278
3	0.00008736600291668315 0.00071685791663522627 0.00408859533876459753 0.99213754357487105029 0.00039963212048402681 0.00086063062252514106 0.00170937442380246908
0	0.96844710267118772062 0.03108421844033516790 0.00000535154386952419 0.00015352244362178220 0.00008521298890803448 0.00006602493766829696 0.00015856697440965931
0	0.99936271972821522080 0.00024318843292093500 0.00004421690211445556 0.00014311019774035385 0.00002493592517384438 0.00010882517784101789 0.00007300363599425156
5	0.02768941397884134778 0.02351608268985534711 0.00047865793383579055 0.00026806350242399387 0.00084991776450809805 0.94693023908276441336 0.00026762504777107552
1	0.00320982580608692976 0.72280258414494258368 0.11205919555292606637 0.00061957906477695787 0.10904010638067082595 0.04737456592756941059 0.00489414312302721612
1	0.00332280643146970478 0.46868389901232354600 0.17939673090571539582 0.15522104248651924507 0.02031623820601004965 0.16015747174597244618 0.01290181121198946852
5	0.00102959727304669912 0.00007034760991672124 0.00040723439889339691 0.00080367355005938918 0.00066733932818610316 0.99653136305661571548 0.00049044478328234993
1	0.00108825292834549016 0.86355238605298245691 0.00518505388891406932 0.01380677196672304950 0.10302166325547100489 0.00997245374710925558 0.00337341816045543495
1	0.00822800691962805898 0.98897057059742310425 0.00019345226361701154 0.00024132131420236358 0.00021763783706748229 0.00203886512021141846 0.00011014594785042934
3	0.00029409082299113943 0.17269395722413219407 0.00161637102128679385 0.82123221275975910594 0.00077916054152656847 0.00197210560461862951 0.00141210202568614455
3	0.06617610163663310840 0.36174755660283425263 0.01822770659213361621 0.53446361706930423097 0.00207537914208576592 0.01253024943615208692 0.00477938952085627325
1	0.03036883402848908342 0.89094602390279065141 0.00341315641495887074 0.00347445873901801663 0.00264860289008648098 0.06884334728272585580 0.00030557674193128247
2	0.00236207612316149344 0.28732333245232899444 0.53331394339906523783 0.04886097279595356252 0.05826847743343025604 0.04902121295916330584 0.02084998483689742485
1	0.00003933861550307724 0.99059632439215861144 0.00108307019678464738 0.00695885769231730650 0.00045727266696925548 0.00071372699286629474 0.00015140944340070507
1	0.00046965961167560647 0.99818226041414725991 0.00007246943323900754 0.00047111015998359994 0.00012069303433297153 0.00064291664851546680 0.00004089069810498256
1	0.00908519360433562156 0.98265145110555973673 0.00076316743457925283 0.00540100473191988499 0.00120857916578852006 0.00065922904136845402 0.00023137491644907625
3	0.00002867397448106111 0.29319494957665093171 0.00109204714361382099 0.70421702961229437623 0.00055174023781251816 0.00057349606641685948 0.00034206338873130749
5	0.00227843623123858948 0.07812336514314333069 0.01352605002859652572 0.00678971806163470529 0.05957829531461287381 0.81739079409888804051 0.02231334112188615437
3	0.00007777031945111340 0.01541912274897772744 0.00068157214098223703 0.97982989186072932952 0.00066344670314598842 0.00274390134728295411 0.00058429487942908680
1	0.06022273050661212240 0.92460640531713955692 0.00083374195288431284 0.00287132348505955226 0.00609076912259287877 0.00380356321055523366 0.00157146640515593797
3	0.00115189823304307631 0.00449855623256368090 0.00405699803596229393 0.97190354073154827663 0.00639668007746696781 0.00501111462847947386 0.00698121206093714041
1	0.00803367957358497309 0.99136327018384629017 0.00007494422499686415 0.00043683405742519203 0.00003233843102473828 0.00002629768055792696 0.00003263584856403172
3	0.00195055247840532071 0.07929024132492884513 0.00268306533649703737 0.90619144300142806525 0.00074438441929701286 0.00887222656001400087 0.00026808687942990732
2	0.00010676921676841698 0.00013626285757344626 0.99905605543754572029 0.00014528372041745110 0.00025182424247818412 0.00023066233832299310 0.00007314218689280416
1	0.00008450911600912102 0.54328919572591471976 0.00086334094239240205 0.45475959531827553350 0.00020687705890535263 0.00057389428032717914 0.00022258755817416989
0	0.92682138416367332301 0.01174769415711599853 0.00048642717034575621 0.04683583310451503584 0.00598321668426622568 0.00096505838259747722 0.00716038633748637427
4	0.00000739393315711827 0.00979224743106150812 0.01684180759363246294 0.00315244387321077105 0.91852610845894866465 0.00304691490275774655 0.04863308380723108809
1	0.00010320832395954885 0.97655813560946758134 0.00771456428367542010 0.00709626609986435501 0.00226953391198091159 0.00574146926432725184 0.00051682250672463275
2	0.00047656421557190658 0.00018086766637720575 0.99673357928361316915 0.00062498994614170714 0.00051101504878650573 0.00125782307706052282 0.00021516076244824814
3	0.00271855305439695511 0.04411114599473649200 0.00608949095069818893 0.93634984011259581038 0.00018773007726656163 0.00818533878478750095 0.00235790102551926284
1	0.37632700307682404040 0.42383399821741590818 0.02945112730320508659 0.08070849988728286128 0.01795911991684426626 0.03082168391071891944 0.04089856768770919193
1	0.20952429746125170174 0.70822762417364815146 0.01150555439342217622 0.02269188815499285569 0.01319297799289850803 0.02628547632713826299 0.00857218149664836469
3	0.01634049338242281671 0.02216866008973744639 0.02883344181189476454 0.86164847586280945979 0.03655088501726907330 0.00861429550079624053 0.02584374833506982924
1	0.05308705164095021273 0.81497701090591723183 0.00116861612154286337 0.12573632708040552441 0.00125963332130721111 0.00204104115940694376 0.00173031977047004510
1	0.04741539021166608220 0.90757504458177484796 0.00610395130850727944 0.01891237884104477948 0.00921456540473339185 0.00875845639864175282 0.00202021325363228909
0	0.89737295138305561704 0.09763853371275593718 0.00079927538782167040 0.00098409259998708779 0.00110404504467887877 0.00171924618737057436 0.00038185568433033958
2	0.00082119445255318777 0.00051819558643255979 0.99139943795308294039 0.00072260799602552172 0.00193094852086587196 0.00407394336312672054 0.00053367212791368052
1	0.00091159145424087615 0.99382583284871017781 0.00064801885804197036 0.00050901001895030211 0.00033263203489355996 0.00352792158855941458 0.00024499319660269288
