4	0.00480161893399151402 0.21948048760618876774 0.00139231544270975089 0.00178706962630133725 0.76461140798876525704 0.00269774781926250800 0.00522935258278091342
1	0.01588449041171449694 0.80915665808273629089 0.06039091129327690821 0.03060063234384222466 0.02322439198819917228 0.04275333863093595116 0.01798957724929426197
3	0.01339944518180550236 0.06621549813068181023 0.00078697030285221098 0.91755357835871043104 0.00047576947581423227 0.00086161671296263646 0.00070712183717238665
6	0.01854780352321379333 0.04417365959107021067 0.03813972780224217374 0.05638426727219707224 0.03765264736550472807 0.01182396522514632571 0.79327792922062556613
3	0.02498073076840492610 0.00505678486477393555 0.00519637186180062303 0.93925161528094358587 0.02208010703729551549 0.00045689734133503212 0.00297749284544690258
1	0.15904438375695037489 0.28223835576388872637 0.07000633893828929477 0.06834258081839343635 0.04520362470287976608 0.09718332032109808227 0.27798139569850027764
1	0.00108490834559105609 0.75345307951292295190 0.00250437198918244822 0.24037881194020921383 0.00089859820379884392 0.00035203264578968638 0.00132819736250529155
0	0.68384854715266785163 0.04904529611290663754 0.11294889824803362732 0.02123369441973814789 0.08082117372636005159 0.02529979961150151391 0.02680259072879220827
2	0.00039833395022042053 0.00074778135897358056 0.97257568363927526800 0.00267336022719481424 0.01038914860673662705 0.01041637964066941847 0.00279931257692883325
4	0.02232826791412260981 0.11840780601099923364 0.00702435981248300968 0.01568228789099183895 0.72432961883785329515 0.03765945249086072311 0.07456820704268915523
1	0.01433686578364056809 0.96123506045247675278 0.00429794927115178822 0.00474825830829721414 0.01005900566687636943 0.00414169993821885980 0.00118116057933696414
1	0.00026154039711009377 0.99518709643064251491 0.00103956204905398804 0.00047320237973822902 0.00077782825702792731 0.00207487574412455397 0.00018589474230449338
0	0.90555519097742986911 0.04976070672540152534 0.01014015959709429864 0.00517752926099932561 0.00977644564800319096 0.01017034345609313904 0.00941962433497883084
5	0.00033704053607307220 0.00120839139814032286 0.00021592017347557419 0.00500854290598607213 0.00645972618231599027 0.98638799908966434682 0.00038237971434480165
4	0.15148995029658055000 0.14004627454559973043 0.00466812681014834759 0.07756031173825873870 0.58681939153074424986 0.00680856341328634016 0.03260738166538217075
1	0.09562339663938677903 0.79937668085889213021 0.00188375230867258298 0.06373668197708631800 0.00481225178876603776 0.00601075540517654987 0.02855648102202015468
1	0.14763865704243464561 0.40723203565053783803 0.05634136812444146686 0.28441288348460158630 0.02518703409686246300 0.04246776941664195254 0.03672025218448025929
5	0.00045013975075237483 0.00005497092442003923 0.00033227958941408475 0.00955677829676924821 0.00018935853674090868 0.98929001603927146924 0.00012645686263212943
4	0.02394289229551217063 0.24306103887328775470 0.00689438357158005284 0.12272919056355197087 0.55223685066717032033 0.04327011034434379011 0.00786553368455431522
1	0.00602452332639928992 0.96680531749493658911 0.00302785740139217396 0.00356195147713390123 0.00104737600423865829 0.01056247268799915054 0.00897050160789994791
1	0.07995993562935650723 0.30522111230130127835 0.30364571569465531597 0.25028465697006085922 0.02987482138911382382 0.02115914784201010021 0.00985461017350279175
1	0.01725576588101659231 0.54561511182209398996 0.01315710514486699567 0.40922719681488606280 0.00279222720394023925 0.00325212224432006990 0.00870047088887676914
1	0.00081418703646528626 0.98680002420616352854 0.00050357294766039187 0.00113042812261591867 0.00060213203474210905 0.00824217487961200271 0.00190748077274144096
3	0.01088615315604114960 0.04506259434222929794 0.00424080851165072829 0.90768297867681924096 0.00126069024909300454 0.02527992506199890771 0.00558685000216855004
3	0.02577677004006218714 0.00206108994071419957 0.00012002710350930790 0.96978454723081108924 0.00187775314230167805 0.00036821880490083594 0.00001159373770065583
0	0.39226231879237027922 0.23483510185379996571 0.00915719161660153921 0.11857721739052055898 0.02595938296030315603 0.16543208356549166105 0.05377670382091249979
1	0.01417395075213510533 0.91540186804575873758 0.00024814646772945974 0.01100825000506873777 0.00312797615938685721 0.05562737510698637089 0.00041243346293464675
1	0.01036012931359076364 0.74061812023814332928 0.01923217065414795091 0.20847381586060662051 0.00222093221905375745 0.01629286571460614175 0.00280196599985188489
6	0.00018087011565399210 0.00083542528732396518 0.00527305633909259941 0.00075433747309967120 0.00049427313314457809 0.00029689639341028639 0.99216514125827481863
6	0.00773081718917635087 0.02868282966171760082 0.00557537779288472778 0.00236540218500604603 0.02382391420024283085 0.00334666488246751536 0.92847499408850464597
1	0.41066255527449652130 0.48198430161955779782 0.02589141592279877932 0.02385143276861233577 0.01824573157841352308 0.02602499429289216459 0.01333956854322896311
2	0.00025420750907103641 0.00306296674674057896 0.99347925715462559459 0.00191396026260038667 0.00038800897211253019 0.00063605894726246682 0.00026554040758624588
0	0.75108092847508023393 0.13417570659751601458 0.00990201849076574082 0.01039545402285083769 0.01639850729081335570 0.06340996676534896292 0.01463741835762470862
0	0.80344129609913328416 0.00790710836164028145 0.00073649010707631430 0.06872086270162122701 0.03547632441656956709 0.01831817712607085313 0.06539974118788874358
3	0.01867642106670521288 0.05299968951553885727 0.00072311594572562897 0.89771071253412448865 0.01138570769685205882 0.01429895451551020831 0.00420539872554317150
3	0.00025471528710278808 0.02180034975211214351 0.01915057330011497166 0.95804959585796578558 0.00038606463010715524 0.00028256675226350696 0.00007613442033442357
4	0.01451706602128213265 0.02687571309506906619 0.11321928043410510456 0.00305665912171878456 0.80553179712202505058 0.03403526602501617121 0.00276421818078428179
3	0.00025808875379579625 0.12140482537529229123 0.00113358168661073164 0.87290834665775596246 0.00043241883190827670 0.00198439499651345682 0.00187834369812375020
2	0.00903394407997328702 0.12056775767624727802 0.81931002857015189367 0.00962094187661755897 0.03774581771500658961 0.00084522483065718507 0.00287628525134616016
1	0.16260525967460529029 0.27921582441682657461 0.16134477206871036814 0.23482840661561901752 0.04397746408759621584 0.07340487373335251309 0.04462339940329022869
3	0.29521751301024679037 0.18014027085195180589 0.11991751222765055507 0.34448564259354802486 0.01244129073079008711 0.03242018562924287028 0.01537758495657001734
3	0.00011093733639903593 0.00016113891201382876 0.00013468916955887520 0.99935740812355911000 0.00016887383221221810 0.00004576838915661238 0.00002118423710163204
1	0.00250429653268047919 0.95503394325014678845 0.00592645000685843460 0.00025972302506382190 0.00158109300437121693 0.03371314277980771296 0.00098135140107235728
1	0.00001014849963367207 0.99967680332625452611 0.00005240530070961657 0.00006020586900483270 0.00005523120769333332 0.00012096336603632924 0.00002424243066805813
1	0.04136272736339140221 0.90825849733535080066 0.01910215172404093956 0.01966269776240705744 0.00714728499678689549 0.00247924309222206582 0.00198739772580116235
4	0.00142197408728835764 0.00859442052416268393 0.00237458962875489567 0.00090330379991672145 0.78470671320206619725 0.20095988240579648609 0.00103911635201455626
1	0.00479532312316765207 0.72319500791100166381 0.01422783326401010073 0.02874860084825190190 0.21599531052308068579 0.00770090103296904201 0.00533702329751863710
1	0.00173251266445831787 0.88087559152480665592 0.00891202456563016006 0.06566255464387769913 0.00947057355073804841 0.02597911083823621625 0.00736763221225284533
1	0.04788171906781359816 0.88477086557860851190 0.02845123534367142645 0.01437238166049868184 0.01027275430260570985 0.00508575361079669896 0.00916529043600567035
1	0.00002090328041423496 0.99971189607125376941 0.00005680633453061938 0.00014790173761791819 0.00002880174620256031 0.00003199403642310794 0.00000169679355768532
3	0.00260657410095146893 0.00021597586606333341 0.00003712476560065133 0.99635643646260563244 0.00073861138499393129 0.00002584204400889269 0.00001943537577550287
1	0.01297218636821494131 0.78477538163750593103 0.14402643932039285724 0.03524536341058367300 0.00873444562841357852 0.00771691218046630014 0.00652927145442252447
1	0.00274873103438197635 0.99032429790273457382 0.00204871855266336748 0.00105543489948736096 0.00058528429448778403 0.00291966209447289300 0.00031787122177175960
3	0.00170923210136884993 0.00139100843370109175 0.00014375351239803374 0.99657449614339399524 0.00002333055366301552 0.00007746849268794990 0.00008071076278691109
3	0.00302084173072670117 0.00798073329391690151 0.00041523724573507817 0.98775093465055330277 0.00010968786049215397 0.00064487029279104951 0.00007769492578539060
4	0.00263368498841450114 0.00959044509350599240 0.06259588114043446172 0.00192001676802575679 0.89850895570148714420 0.01864266746384425980 0.00610834884428767405
1	0.00744197642107607624 0.96014197209434459790 0.00405343583675884730 0.00619274696090782884 0.00871952857144896176 0.01230087873069739962 0.00114946138476644034
1	0.00058732944824121665 0.98489474682143640649 0.00494976533598626145 0.00114421247738248221 0.00078351404007980993 0.00617403864169534852 0.00146639323517805116
1	0.08334169285457350418 0.59497842189414129610 0.12125923365456621472 0.09376307377009412969 0.03419748762741230130 0.03471531602398741922 0.03774477417522509315
1	0.00254623808230983791 0.84146884561639012645 0.06167444700905160698 0.00121524747944276156 0.00184801762079509890 0.08851899218295863903 0.00272821200905161345
3	0.00136808493495690626 0.00487707196808499256 0.00065521115216964792 0.98924776279745330054 0.00071640988401052309 0.00100519692431326945 0.00213026233901031673
6	0.10076498364002028918 0.04011035968944742791 0.03366689060056993893 0.11342763281868421810 0.18208511068441951553 0.02226826854001987335 0.50767675402683887231
3	0.00160978298836926916 0.00170801886447814765 0.00003465209481007879 0.99651021450769095011 0.00004206397370976730 0.00005286374109932614 0.00004240382984279115
1	0.13307414657130886559 0.67477665609932124813 0.00228874666297640720 0.11785365429879200716 0.04300735690112941767 0.00753480452384956874 0.02146463494262201843
3	0.00171535641592486954 0.05051800987381521030 0.00081528651258898301 0.92803232381387834593 0.01793537107937494268 0.00018225350817125153 0.00080139879624648751
3	0.00240045578409719094 0.01078101880955727176 0.00003660279777433047 0.98666654741992443345 0.00006475611178100237 0.00001548437504004503 0.00003513470182624574
2	0.00669885662782288525 0.07664717634091958165 0.42296973570740770132 0.15369979223555921277 0.02926173846654112065 0.07143533449089181642 0.23928736613085824225
2	0.00065588880801016288 0.00644704270076983978 0.98961846823340438029 0.00029973849293815147 0.00136734649841815806 0.00117361979703436959 0.00043789546942504359
0	0.77994554730030574152 0.00225601592622223009 0.00371775121665112764 0.03746316015269057775 0.02071925821612125365 0.00502470240707083432 0.15087356478093816303
3	0.18259436762820724365 0.02175551017324558675 0.00936909013922240623 0.76930745228559471727 0.00246810011413161386 0.00038306363617910007 0.01412241602341914384
4	0.00093872000203367410 0.08398089569121379439 0.00200853972307039799 0.00125558117158608819 0.82008462594285358449 0.08956514114475214172 0.00216649632449015693
5	0.00145688975997199360 0.02384763681829325105 0.02570023871507931199 0.00028960611794969665 0.02623473674555150056 0.91584049862903815775 0.00663039321411606000
2	0.00772058197622300848 0.03787002784768991881 0.81566624580710944681 0.03445426319930022102 0.05043674050504942663 0.03798595006774421745 0.01586619059688405137
4	0.08657774447970045806 0.08573647644108574328 0.00187522333626467049 0.01913110675118197962 0.66509261389178497836 0.01714145554959233334 0.12444537955038996457
1	0.02051394092669967667 0.90903471185766748786 0.01465712165009921790 0.01808837401662816841 0.03317727031134004578 0.00399891701392691371 0.00052966422363857142
3	0.00972234547358536219 0.07594534368461007545 0.00831017811564472089 0.89462537104020056766 0.00241055415489532581 0.00690867724674790445 0.00207753028431581456
3	0.00500386907085691949 0.08970415923468939845 0.00192626582133247700 0.89547290782020882993 0.00179759663313276133 0.00467969919403521829 0.00141550222574395946
3	0.00230731906765533311 0.00459108115514636397 0.00035765171749736074 0.98871546551152500459 0.00038140214358413637 0.00014643112638796943 0.00350064927820399694
1	0.00617592686158131322 0.97793853785927908895 0.00090694048207456848 0.00095455452057993141 0.01205457511825818069 0.00092452854309645679 0.00104493661513034640
2	0.00000416314836758134 0.00001070825938094483 0.99986282837988327277 0.00000109335902113594 0.00001523339944274845 0.00010068455356443808 0.00000528890034126238
1	0.00029269220929578567 0.99430958691952842088 0.00147578880001666382 0.00236641296065784454 0.00014915991115797158 0.00109088391226710556 0.00031547528707672400
1	0.02535771636895593067 0.71480738299029478178 0.04929938923525927635 0.00612103321604922333 0.03183813083579976888 0.14383219089653268008 0.02874415645710854880
3	0.04582070113922738497 0.33841997791265704398 0.12082216712083064525 0.43234708342697986128 0.02621619038284242129 0.00824787775623883265 0.02812600226122421651
6	0.04491368371639033186 0.00088308229871987857 0.00101471761769018117 0.01101159021261782084 0.00773325385080526635 0.00057645535366802837 0.93386721695010876942
2	0.00006995206987547152 0.00603793188959157387 0.98961573758678389456 0.00165199888834566266 0.00001414771859761478 0.00243585548547717258 0.00017437636132903325
1	0.00078810565663584606 0.98313827743644521817 0.00188549078059981599 0.00290666503725532828 0.00108449691947896032 0.00944783567509138722 0.00074912849449400461
2	0.00010149667228414910 0.01923692523934316528 0.96818887325415559086 0.00102364334071277925 0.00181356167677278082 0.00344423961890963620 0.00619126019782128331
4	0.26529936203931864247 0.02873358929904124004 0.00539244459739430734 0.03817657559647964771 0.31460789987561194048 0.07436727279323077089 0.27342285579892350311
1	0.02995711942239122350 0.66059090448421364794 0.01231700273314327229 0.09082048159220051931 0.15578522529565211330 0.04600882857921577418 0.00452043789318329597
1	0.00335649975734766568 0.48609861426664613404 0.34822765269934069510 0.06243348454368152778 0.06215003763844120788 0.00543129702067310718 0.03230241407386996721
2	0.00075259157213309800 0.03804591773219368617 0.95686676922266822309 0.00201096151440949842 0.00120212292967216729 0.00096121126439584702 0.00016042576452748381
1	0.00013814446790193018 0.98936046949592115762 0.00659316646293810552 0.00111481732254026526 0.00058545616050788968 0.00214802758966247363 0.00005991850052694957
3	0.00118994320442217119 0.10293300726609899698 0.00097627316471434616 0.89341466805380176375 0.00022590142035011475 0.00013436548027810467 0.00112584141033450903
4	0.00891771126607322946 0.00623803363883142833 0.00565545724214217612 0.01322757096289480308 0.96286388087856367157 0.00061560017260397452 0.00248174583889065664
1	0.05982049426704221656 0.37367037511187156662 0.20721366047885111938 0.18632189063328793988 0.07641750495255945907 0.04703327540461453571 0.04952279915177338482
6	0.02684833063958968341 0.03058893487854993584 0.01581970170928656202 0.00871922430070386917 0.45069581283313037146 0.00841866732303060868 0.45890932831570913075
2	0.00700582335310924367 0.06075681437347596470 0.82651346423600058344 0.00293729657613197876 0.04174650838874317121 0.05397916663638494678 0.00706092643615398741
4	0.00001740572393653913 0.00006315810422815384 0.00000991676511267762 0.00011422019972533760 0.99976849496828945618 0.00000573254613074305 0.00002107169257716735
0	0.86964988012451815980 0.00774275657961180988 0.00854151347119557966 0.00129813527316480063 0.00784262182367502503 0.01955786195148614265 0.08536723077634826573
1	0.00490214553237690396 0.89456057971711633314 0.01367746229792886001 0.01789603827500954591 0.02720084675078975750 0.03409829532441040201 0.00766463210236753220
3	0.05133118175151321627 0.07975275710330909096 0.01137757042812735479 0.83303881952587244264 0.00771851592260257204 0.00860513931934671177 0.00817601594922837301
3	0.00032657838893503788 0.00031778904248869102 0.00050007398208460003 0.99863440742647391346 0.00010628262669259032 0.00004844639420515296 0.00006642213912056745
1	0.22210866780535729048 0.49914365892439138683 0.01028072632822580289 0.02845433155994584601 0.07814028131545600053 0.10499753986062936029 0.05687479420599439450
1	0.01271085844078515513 0.94257936057300739652 0.00387415721071962538 0.01607107448888086057 0.01772872715455025769 0.00050434341539877558 0.00653147871665799799
2	0.00529550078946218906 0.00643841704033883827 0.98215127290019033079 0.00100417910692548909 0.00442385100069141862 0.00052372580334829506 0.00016305335904250783
2	0.16835285573439928708 0.05283679364618608376 0.55602245539381733863 0.13049001333096149624 0.05335350623329095099 0.02104236089158042708 0.01790201476976409009
2	0.00113104651250762740 0.00008380792265599030 0.99692273273339837569 0.00133610855212217146 0.00006492126199981783 0.00040620290433454804 0.00005518011298044315
1	0.00077447323836989242 0.99212964094739020116 0.00146864129296538624 0.00188963016116487268 0.00221556082634139428 0.00013001730692278852 0.00139203622684576085
3	0.00069142715339164595 0.00108154490356305558 0.00029729706291441833 0.99783342691322762796 0.00000713946760741200 0.00005724842672511799 0.00003191607257142977
6	0.00142552228304459474 0.01626832028053228074 0.00151973601988710286 0.00212344201986162202 0.01018959752607742457 0.00352595706060555760 0.96494742480999184941
4	0.00171448596078795502 0.08569293779565348435 0.04356250488108397850 0.19428484272388668597 0.50979907719760830798 0.00284449956261625513 0.16210165187836336753
3	0.09962470059525511956 0.19906974631503893125 0.01150375693338900190 0.64266819685909215565 0.04180710988859639293 0.00258651377355658850 0.00273997563507245726
0	0.68812130891602008020 0.08354668029182027444 0.01083640648424917877 0.06515304989124340307 0.00749090432831585329 0.13983532316546165575 0.00501632692288941657
2	0.00152155274508053440 0.14817925534614179162 0.68592493645150420800 0.02304514335235412908 0.01085868537308400106 0.12629203974445779579 0.00417838698737783669
1	0.03853309745122279056 0.60467713125515165640 0.00647722755707448583 0.00452299489399999796 0.12872569295705188486 0.17665238345612682691 0.04041147242937204870
3	0.05459656557763747919 0.00590407017971517675 0.02501978895173379708 0.58719725495686581063 0.23112316752002290410 0.09362134802274366119 0.00253780479128126735
1	0.24720090967188337872 0.73604584448284526843 0.00100111679577407839 0.00312336702719558795 0.00705745309819186175 0.00294335530498423528 0.00262795361912576252
3	0.00002391495662068905 0.00002878427913487820 0.00000810820915185386 0.99991072894298960172 0.00000236751102160509 0.00000887020912666709 0.00001722589195380553
3	0.02467830757733278924 0.19332333782712846082 0.07179376169365754567 0.28475055623470563182 0.25974469290954588230 0.07754638449221991359 0.08816295926540992922
0	0.70270986013273550874 0.02141438510528056657 0.00827300696076818144 0.18070866713639355261 0.00710009888667803395 0.02262887101591398373 0.05716511076223019377
5	0.06332458796862899808 0.17175455741640463514 0.26936623518468855165 0.03614527068616442407 0.10534628111538731077 0.30436135535460889789 0.04970171227411725179
1	0.18853936547038910310 0.56821513292191350164 0.00419859577590455790 0.06010808195065732440 0.10352249954315663472 0.06845393167380835198 0.00696239266417040484
1	0.03235075549782624044 0.39442112898576320301 0.12009670762142118927 0.14864055162670092303 0.19781047080453084686 0.04395099646152863387 0.06272938900222864433
4	0.00369043952728241110 0.01824489157512236212 0.06338675665543433424 0.03106669110791905955 0.64873406353049811734 0.20109508388153463088 0.03378207372220853877
0	0.91094143415994888180 0.03958036458770913812 0.00273812961578662282 0.01658143999520487327 0.02554026490778474323 0.00276216787443825341 0.00185619885912770570
1	0.05704817620415161133 0.86399010497009187670 0.00683170604319105045 0.04307225829607651268 0.01076641854140663983 0.01605904867013367709 0.00223228727494863451
5	0.28267214562824788393 0.00566968282537884394 0.02375682287232433812 0.13343243081453529109 0.01609802844275608560 0.52457938284833105502 0.01379150656842665496
1	0.00001979479044914925 0.99701754261798813950 0.00038583283617066815 0.00095231048724400333 0.00039392979044342637 0.00116562438223660530 0.00006496509546775628
0	0.78733907077764198057 0.10896592551173539531 0.00829267202328326514 0.05109275532008265147 0.02145015314495307343 0.01649296724352315377 0.00636645597878043173
1	0.03546775697105764708 0.74528770757397744262 0.05499162957815475344 0.05923201852772003867 0.07091565228579704838 0.00259985717099358920 0.03150537789229979763
5	0.00649912865740831514 0.09558993637812111810 0.00611064108464908634 0.00497649234148217663 0.02089184373652633667 0.85421694484833288197 0.01171501295347981801
3	0.00136345046107327417 0.07231847427528353967 0.00025215021599942221 0.92327426920081401285 0.00225646947427055088 0.00028504222544920282 0.00025014414711038848
6	0.03894106951420888557 0.00668788806219747407 0.00831705234485140797 0.01160001228048228653 0.04180334038275262953 0.04427989245983326300 0.84837074495567388333
2	0.00001714239347697694 0.00013598913532526349 0.98498983435799847275 0.00117773959612913729 0.00534990627399892400 0.00205816861449546014 0.00627121962857486812
2	0.00258953840156432753 0.00203610550379764365 0.99460962931213769966 0.00026469186091306930 0.00031562338647438668 0.00016595173392825328 0.00001845980118453856
6	0.01434250577993639517 0.04509843256222947211 0.00746422176694819337 0.01915267862209006980 0.00700827718605219734 0.02476845332220425910 0.88216543076053910433
4	0.00024260721470195290 0.00709554230111576149 0.00204475897795301049 0.00599189794479234022 0.97915396239884378016 0.00454694094293145619 0.00092429021966246620
1	0.02569585641694258071 0.71923536678158583868 0.08340687200047228189 0.07967440621771838816 0.02705617540753074007 0.05283273150196997336 0.01209859167378017804
1	0.00477652392770923015 0.93325278821344048730 0.00715509509236461529 0.00858344005678880057 0.00106254693661250255 0.04455493927358827183 0.00061466649949681971
1	0.09738780658203939622 0.32557780611678616145 0.14693634197122618090 0.24830556719507171359 0.04027236129832196393 0.03429301959936022215 0.10722709723719457686
1	0.02580991143537775950 0.93197295445831640492 0.00095143257011034857 0.01148221762701409979 0.00343334258499426682 0.00368634554829684906 0.02266379577588985630
1	0.06418545846580728242 0.63716409153374509167 0.05679062263041705083 0.16976511517793424488 0.05335738218339452360 0.00582620447899818376 0.01291112552970336176
4	0.00020914920331048769 0.00019084337510214794 0.00050986184223653292 0.00821250598665386640 0.98928774013688014488 0.00013942819025235690 0.00145047126556437371
2	0.10789196203306203325 0.00727144691215988407 0.85905095734375991334 0.00262205184938176438 0.01272681599253601414 0.00475260784018463958 0.00568415802891561201
2	0.04631570826121590018 0.06614852169785556679 0.72727264749429076929 0.10758600241966097266 0.02686796687791173296 0.01198067858235501992 0.01382847466671051004
3	0.01393155931993766104 0.01601750735268234194 0.00192754985874064801 0.96653737324680299992 0.00023950370399367140 0.00107694512111940048 0.00026956139672417378
2	0.00174747360038068011 0.00396535066689760688 0.98042738622364544732 0.00045980361487284882 0.00037177335323610881 0.01254926607339010118 0.00047894646757695714
1	0.00568870997715729097 0.98467254947844873314 0.00164580996528256355 0.00108267220003201593 0.00107341913688170816 0.00044518960805955038 0.00539164963413873207
4	0.04312459770266501707 0.11328917097430840633 0.00778165347879408113 0.02123250813043461860 0.72360785754281709004 0.03165681777321959628 0.05930739439776139266
1	0.00137585942675951109 0.99745109533895837117 0.00087685498157321002 0.00016520741995926987 0.00003059047880287662 0.00008065130000409647 0.00001974105394305277
6	0.12430397067466675276 0.05867268551389137610 0.12919399976019776966 0.22666479383820986593 0.20105312939690184182 0.02041011754864690067 0.23970130326748576022
0	0.90664829570211313836 0.02486308601109978728 0.02139786919108771154 0.01717213602365394443 0.01394131328445042707 0.01152450780693433513 0.00445279198066102916
1	0.00023617256138570099 0.99958674813733616737 0.00006228599523544365 0.00006526777860438154 0.00000225820573293326 0.00004416148740389924 0.00000310583430245742
1	0.02196495930412153963 0.93138511896270570478 0.01288118655199090024 0.01926929742639767879 0.01204209893924971207 0.00128534458862190827 0.00117199422691260501
1	0.00258976372061479410 0.97499226797608762318 0.00070305126052742136 0.00089210954764807238 0.00133940249599951442 0.01755965983099421965 0.00192374516812950243
2	0.00012817392059340523 0.01902888917107078970 0.96257437419259150868 0.00184269980601405579 0.00215817761964794000 0.01384212424084058785 0.00042556104924297924
0	0.37655890322793206249 0.12374579894272977332 0.00885664538184435801 0.29578744061679629329 0.03128707215295878363 0.01105583237595976660 0.15270830730177892276
1	0.00020830360182091481 0.99780318178773919069 0.00049054624920227309 0.00064021509372683269 0.00011414390462187029 0.00072214261704438439 0.00002146674584228842
1	0.06933747918060235993 0.42238332071484430141 0.01046294021674242479 0.04715001858287834469 0.08542544346802756483 0.02546917905063510873 0.33977161878627032410
3	0.00031318103443614637 0.00123086282108538360 0.00142941627797769574 0.99503323713017854946 0.00006481585334801730 0.00179809870609296159 0.00013038817688174761
1	0.01449495214178194574 0.89681614713804902461 0.03462750320947482335 0.03017864539046781480 0.00847472735236639609 0.01503121790792643492 0.00037680685993307579
4	0.17159732460400489718 0.09661904793714509720 0.01844426804762820324 0.24247319351878326987 0.41154362906494046381 0.03450132679402909130 0.02482121003346874494
2	0.00883463882923700254 0.01106622008299198642 0.95602936747751121604 0.00615348758013273180 0.00668047290016514188 0.00635414721369076483 0.00488166591627081127
0	0.98419696596228933849 0.00396626407978351806 0.00035679403874765359 0.00057999382426061376 0.00124233495205477605 0.00105729564398210850 0.00860035149888177357
5	0.23101356514660820185 0.24658126580651645865 0.01225878944814056716 0.16854462992391366916 0.00550352316040126147 0.27565391104445707837 0.06044431546996269916
3	0.01717527726534412782 0.00515305435340341483 0.00107482818773865720 0.97063555929475542339 0.00190569030316905001 0.00256901332255041236 0.00148657727303862014
3	0.03354268595365673261 0.02982944821589619128 0.00568495003144886026 0.92768442528447769835 0.00176313234791631961 0.00040982395486182315 0.00108553421174260650
1	0.07795499135162065052 0.48144781589355101215 0.00779901017150789501 0.00352620478747083920 0.02005119165644424911 0.39926162502838019597 0.00995916111102551106
1	0.02385916687851606655 0.81759256181097506033 0.00501847509627715346 0.03967669082370026828 0.02402842816503384521 0.02412596589120963309 0.06569871133428735466
6	0.00452269419667298937 0.00104264305605820799 0.00063888931357411005 0.00125301637090241189 0.00129492189127310186 0.00126318104024593521 0.98998465413127323398
4	0.00621327104023353723 0.01148404077425401945 0.00444934167902237988 0.01863673700593410087 0.95263306721717977421 0.00067976839290427159 0.00590377389047218835
4	0.00027358200744794327 0.00141482985420906485 0.00054212141634023714 0.00067884031587005049 0.98692894416177934236 0.00306798996175453942 0.00709369228259906434
1	0.00150832385056055710 0.99432911521452016501 0.00041764183303402708 0.00048501194920899898 0.00009166903795880178 0.00310185347431028496 0.00006638464040705058
0	0.96243561094041840676 0.00238254637850950080 0.00175871262927084545 0.00845123665828884096 0.01335120462768276187 0.00836440245877884125 0.00325628630705078774
4	0.01722478231003502641 0.04219543065177729785 0.09014913605657398632 0.02167574634904973624 0.79715273346397985677 0.01501373383708637550 0.01658843733149714325
2	0.00080276633317539396 0.00013713097760089323 0.99358556789245333629 0.00007655514269310873 0.00257599408354692791 0.00208534734679544174 0.00073663822373488204
2	0.17579028777373675863 0.10843804658332245605 0.39706854209764258501 0.00746122675644565834 0.04265724951246965130 0.24050134725034799654 0.02808330002603481174
4	0.00434644356323969725 0.00826392355342690441 0.00315931456179952431 0.00154939520259568639 0.86928488428526129450 0.01134105121900941780 0.10205498761466755275
3	0.00141105282283862546 0.00349063263795434259 0.00034799152594907875 0.99409252898444477875 0.00020368564875948510 0.00009609547457322567 0.00035801290547964672
1	0.05303171731441925357 0.53608185947824260609 0.00514946652853540566 0.02622980113611909914 0.29959832944077824379 0.03224489103844126875 0.04766393506346378039
1	0.00877375600119990710 0.95061621623770331535 0.00414756256095620644 0.02429357968355640163 0.00129220800242135737 0.00362247359382171508 0.00725420392034096303
1	0.11492974821439884414 0.55170474753365450482 0.09541993447677657447 0.16754698684754773530 0.02178215444094153824 0.02336696889645384356 0.02524945959022660211
2	0.00119906155717916995 0.29235559766200963638 0.66723164194071815647 0.00982081060506316203 0.00959184991898035660 0.01092226643488205043 0.00887877188116744862
1	0.06858951235878027464 0.85278986617215368771 0.00235866601783983046 0.01625607726665574335 0.02621977771904562826 0.03090237055838311944 0.00288372990714161597
5	0.01162393669189286556 0.24387722836700892470 0.00533985585847086743 0.01877085571296358349 0.07295261763829012647 0.64051494361534910826 0.00692056211602423872
4	0.00090861110862848948 0.00094355053043318558 0.00019290302794322848 0.00264140705837297325 0.99453823915320715976 0.00024679175112914662 0.00052849737028559738
2	0.00166856748510098274 0.44499382342743754037 0.49232761242602096630 0.00222450830609197819 0.00131416993793416633 0.05383517352835640035 0.00363614488905752336
3	0.02393096439296514902 0.24833422129336252260 0.04837025557337887305 0.25582580832049822694 0.24077255575302841661 0.15298906593583380675 0.02977712873093332768
3	0.00820649995248557210 0.01217033015428814480 0.00493215482141367689 0.97089794133974349766 0.00058914138572028205 0.00264676648477966871 0.00055716586156940955
1	0.09269666708539252287 0.49115760214215448132 0.00500586155609403574 0.40392318215533989934 0.00081974337761015587 0.00502492204249658115 0.00137202164091234074
4	0.00211340131117565468 0.02740210933748733410 0.01579884560963418574 0.01404277249639904190 0.92676770838214572734 0.00157928407628556231 0.01229587878687248177
0	0.50594666591330117456 0.37245217181601686374 0.01895476999216936034 0.01593770488049885831 0.05259864341181432618 0.01597912442973253508 0.01813091955646689915
0	0.75941517704992245186 0.00136470023202703208 0.00011875296092935237 0.00019578933008691489 0.23549802141654482823 0.00011192876212136824 0.00329563024836804826
1	0.00006241943057698563 0.98882666451453926637 0.00100769107370595411 0.00740725847946618280 0.00165998955882358328 0.00069428672087959605 0.00034169022200631650
1	0.01667880385925426742 0.48413465533105604077 0.06953664401160018771 0.01876047498767357755 0.00013552491034295733 0.41063782530688269778 0.00011607159318998335
1	0.00960456668412644488 0.93049388840036495463 0.02089482689726924330 0.02120130360119162199 0.00300256514433599716 0.00889630069562140531 0.00590654857709065062
1	0.00410114590240385005 0.86486574628925383390 0.07640968242372123131 0.01454080438899154476 0.00319362690575970181 0.03317275623672331225 0.00371623785314744706
4	0.07018601639449753571 0.01418328913724472597 0.08139921946932020258 0.14030674940763859793 0.67282603150537800829 0.01003660549794160514 0.01106208858797965745
1	0.00220175202866934117 0.98930601995117906089 0.00049211969750694213 0.00349595718943742891 0.00277275430355318139 0.00162482885749552709 0.00010656797215875467
5	0.04961219639865847852 0.09846716138688335618 0.07904683588044342235 0.14648165600085197302 0.05218570115201379145 0.56967511004954274334 0.00453133913160621953
3	0.00591281827485981744 0.00335966601047978271 0.00006012777368560431 0.99058643082807851243 0.00001533083449042034 0.00003835827496931550 0.00002726800343573499
1	0.06931780875212728565 0.58971995914445085596 0.00920235092162221928 0.32342737773156693404 0.00265235117561645698 0.00491135169838042597 0.00076880057623576856
3	0.00984817771799754473 0.21416532303436555673 0.01230506178420422321 0.76294197444314415524 0.00007263463590637168 0.00010713552767141075 0.00055969285671094056
1	0.00617120551860426449 0.88700687542090894677 0.00852248483411400040 0.01880010457979429742 0.07019136593207968289 0.00671886568406309184 0.00258909803043655797
1	0.07398616901567713067 0.76215352188979879067 0.04701337962113173036 0.07723746787763305366 0.01609416512019595097 0.00550641573573048930 0.01800888073983300530
1	0.00175096358450708110 0.98293540143403168585 0.00461918899094151958 0.00343508760497656263 0.00200247438011952068 0.00300348780694676722 0.00225339619847668036
1	0.00011159771331662907 0.99716641827823304656 0.00098563534226264542 0.00111272496923089828 0.00010362153584947776 0.00044711220019369018 0.00007288996091469647
1	0.00137083932483563105 0.99294701566847354268 0.00137090252773301832 0.00228573348496757941 0.00042029791651529918 0.00150674478861369471 0.00009846628886209199
6	0.02707055125414368005 0.14240243536213326170 0.07596338330525047311 0.12365303542270270065 0.14396467254601122421 0.07470553557973337588 0.41224038653002514909
3	0.00000407156259071976 0.00000269476929577794 0.00000100941350950462 0.99999100314487188168 0.00000014670299510899 0.00000087538573520890 0.00000019902100205725
4	0.00327420713940190138 0.00319904116615712161 0.00041455983349929871 0.00098177516647049001 0.99161053816667055205 0.00043237915728297851 0.00008749937051834632
0	0.76956634430911929901 0.01499834876663870380 0.00349101212916460429 0.00008680340356341453 0.01232304120705321124 0.00239153620630417870 0.19714291397815661422
5	0.02232557656974044208 0.01226061930447648086 0.00134863468843650640 0.00176236881184211962 0.01940885887895725526 0.93502817593485576531 0.00786576581169146256
2	0.00002822739574031151 0.00037909863233880021 0.99719243804618595828 0.00022190729192725483 0.00038258938326509535 0.00165319023362720278 0.00014254901691436930
0	0.78589076840001281798 0.10544657042578468864 0.00393418329232182208 0.01221928338297319921 0.00699331669375395822 0.05902778079048012078 0.02648809701467346248
6	0.07655843468463457979 0.00365085089849450945 0.01458670989886591204 0.00292859605878137853 0.00180010490497079542 0.00052340443187814186 0.89995189912237483210
0	0.94014457482556723633 0.00941612554592172017 0.00187050992587268236 0.01951839156202702166 0.01471499663923228271 0.00153566113473270613 0.01279974036664640463
0	0.28165094363524650900 0.23650950518938113065 0.05335446825374356994 0.08272058177401118984 0.18093654276954956872 0.07435886432613274255 0.09046909405193512277
2	0.29099667322867250885 0.01889383232521419514 0.43982944583511829340 0.02099433818616313133 0.13980639329103589086 0.03428235278944650327 0.05519696434434920307
4	0.04098355917298451834 0.00703566749173660695 0.00051858356078487479 0.13396719391595438009 0.77806567206976273710 0.01647414245236407393 0.02295518133641222258
1	0.03796571011676521529 0.73299624376602634523 0.03596182830929878921 0.00148808721243630111 0.06481522788370971955 0.11635936261504424560 0.01041354009671947682
0	0.58357642682443622295 0.00542938445373872172 0.00279129976947090032 0.00159695845540830557 0.00998517542694950938 0.00885498537577807283 0.38776576969421822083
1	0.00067849195837599654 0.98686289834258411613 0.00184900270633578823 0.00960348399100820725 0.00015037319733666489 0.00055773715735517944 0.00029801264700373033
1	0.07820774902447803767 0.59503389348146618065 0.04708016479926010328 0.09545454457827244610 0.05281188789264519567 0.11633108671969079329 0.01508067350418692415
4	0.00060808138987525405 0.02263420711258170431 0.00232017756123748149 0.00390716761078539667 0.95145458604964006089 0.00157407450829015385 0.01750170576758896743
1	0.02197096055776431855 0.91817988100649194916 0.00237877192720524011 0.03348300986569191506 0.01101786806768829258 0.00809966975480235635 0.00486983882035560423
1	0.02882106414717680240 0.60217498570016325665 0.13171253958478187918 0.04059290077621775100 0.13900811004685803551 0.04953783900641713089 0.00815256073838563355
1	0.00035914575269097341 0.92237716312175566102 0.01069151626571876804 0.00810942047820295726 0.00084254032292257336 0.00251677186976809490 0.05510344218894112911
2	0.00302096390954482074 0.00208108328173154744 0.98409173469816624280 0.00025641378293971988 0.00145346434448375447 0.00867308709566403518 0.00042325288747052962
2	0.00031146821527538245 0.00097320947567073235 0.99759474256913804879 0.00027269808896986737 0.00036213934172341105 0.00030953847527621329 0.00017620383394656284
1	0.05613707180172058941 0.47985082030470005421 0.00213204977226535714 0.46026634164529012239 0.00068621302718294348 0.00062077233287391161 0.00030673111596701271
1	0.03037932411915275632 0.76196936543607229897 0.01800888194482323790 0.06050001923253479214 0.03819307164759590256 0.02417930562312162190 0.06677003199669905020
1	0.12532687380583418246 0.29843283382427848727 0.10605041929693320713 0.10003566368040882339 0.10731035577152829574 0.18762521906296164564 0.07521863455805545551
1	0.00083208059605407037 0.99847383948252821373 0.00016462214739111489 0.00037933735089476744 0.00002291870042996008 0.00004013489944132946 0.00008706682325916227
2	0.00354228609005966498 0.05229880233750183738 0.77669198004517359113 0.11176393943271763221 0.01317679979477170103 0.00546316853416029067 0.03706302376561602940
3	0.11322916146522853109 0.30888751291075833283 0.02940178615333185336 0.50139482692782366691 0.03630636249784600922 0.00404636574625285260 0.00673398429875859093
3	0.03432948030338769246 0.15453989386379865523 0.00513806989078365375 0.61390219253983968617 0.17905931597524921139 0.00972980533177702188 0.00330124209516426863
0	0.37206303291383296949 0.06451514338175047547 0.03863926515004872247 0.01321902181500911495 0.30792043980884198362 0.02803527545268742760 0.17560782147782910689
2	0.01848359028295060852 0.00789043173049253435 0.49776687461761698339 0.01895181667071278026 0.01237686426599423836 0.43977071590988309202 0.00475970652234960698
1	0.03427797213829161804 0.70816756293906235609 0.03978285828066350366 0.01541704967407349879 0.09864249756651147227 0.03036939501607275466 0.07334266438532492660
5	0.00541872279351693961 0.00028138579817361123 0.00026999739945217583 0.00088070865333112012 0.00060184825589820539 0.99226211170149869467 0.00028522539812967398
4	0.00000656923288984288 0.00000372770802095671 0.00000327607001734374 0.00002001636484490489 0.99993692657764787768 0.00001251263704222517 0.00001697140953722331
5	0.04321669733233673982 0.10385115937363249838 0.00830792642183576617 0.01827097206069790147 0.02572755908740746375 0.78041997789220940440 0.02020570783188003691
1	0.00002293948720943486 0.99922013791839892072 0.00024395312972131709 0.00026916411117427450 0.00005616583851058922 0.00017911513073059313 0.00000852438425526001
6	0.41941297418628786797 0.00035546109975235433 0.00023368720474291005 0.00505349341796641673 0.02339022721947342162 0.00024472702890325807 0.55130942984287378827
