4	0.11105934319755608741 0.33686030204825834211 0.02224561389653965590 0.06230997303875841081 0.33864305740684502721 0.05193396635244532794 0.07694774405959742269
1	0.01763441562547755914 0.78694684976248541197 0.06477006606618472551 0.03482916727239460802 0.02943727318791028447 0.04730525288821309932 0.01907697519733339564
3	0.01327542473151037232 0.06662351205944312682 0.00143620350157632132 0.91558788474345775832 0.00058527950152123510 0.00147965019564538281 0.00101204526684541322
6	0.01362688295791738766 0.02371543801722795705 0.02431223299098136253 0.03291006650303358871 0.02657755630553288242 0.00718375120586449596 0.87167407201944202555
3	0.02538960879977546561 0.00563382506456296291 0.00833530278455061474 0.90221276909708714165 0.05236636012922571415 0.00088127772245292764 0.00518085640234515563
1	0.19748043346479099425 0.25911423162943347798 0.08938529428660105247 0.06144423616795188087 0.05337792003891148052 0.09535547684119688450 0.24384240757111411146
1	0.00121539419704926326 0.74523794300817802760 0.00174301383177886808 0.24893286618173621205 0.00110640122835448844 0.00029843082852010157 0.00146595072438377837
0	0.73242651975356043437 0.04086134271979741106 0.06783144658982340203 0.01829569478521158796 0.09110104086075146435 0.02461320207283483955 0.02487075321802065947
2	0.00021509384918715264 0.00039065990510605376 0.98055625637998822253 0.00134599916287449781 0.00944436396914654849 0.00578147222702850207 0.00226615450667046929
4	0.03325432779801774236 0.10681547444264689883 0.00609918317948099017 0.01091961776211038994 0.72048630382292433438 0.03402970767060665286 0.08839538532421280237
1	0.02196481869379843938 0.95557563612091633853 0.00272155948088317976 0.00405561390625776112 0.01089604517854680932 0.00389918622874652239 0.00088714039085069937
1	0.00016612451504728634 0.99592735798720621876 0.00077039313605540259 0.00056359450175481180 0.00061272476762666431 0.00176835690993916938 0.00019144818237072639
0	0.86793299985345051528 0.06782757417317995807 0.01080419672892142698 0.00745224685773281104 0.01323439027867828049 0.02464873875110925455 0.00809985335692780042
5	0.00022088534421278147 0.00047353132128223510 0.00007612751625915990 0.00236114571753549655 0.00326284018765949160 0.99339709882850946165 0.00020837108454263543
4	0.24725988025110751112 0.11245599468458480907 0.00361838332806665650 0.05459461575933355348 0.51877149465303418197 0.00593167604981841793 0.05736795527405514489
1	0.08554132164194271082 0.83583390233060961272 0.00081926263078642967 0.05050262037387124453 0.00394096544131319459 0.00505297872496344481 0.01830894885651273424
1	0.22310115263043001077 0.34963860680131780834 0.05671575691851252210 0.25367089421492661216 0.04216980566635141620 0.03843208683866557174 0.03627169692979625298
5	0.00056799893474054333 0.00004357814347505496 0.00024837990692208432 0.00961324200467350391 0.00012132306162882195 0.98923666610813043576 0.00016881184042949048
4	0.02498892929583341679 0.26556091342011750589 0.00753026468278893916 0.12074596522751543382 0.52268988512307124061 0.05003801096372329643 0.00844603128695036072
1	0.00666834139131942168 0.96739092584287544874 0.00301952647736346540 0.00295798033429441661 0.00080093832901802979 0.01052609227627603755 0.00863619534885455738
2	0.08172801356927042460 0.27168463436052053828 0.34855094592980723212 0.23999106572416933902 0.01802354951013312306 0.03107011431789346786 0.00895167658820560444
1	0.01892920049887001147 0.52234192197452999906 0.01279604500325732912 0.43096995136987670261 0.00256972507946037678 0.00237671136043642083 0.01001644471356969573
1	0.00125604209713674436 0.98316314304184093675 0.00055966276335551568 0.00141473997084560934 0.00044261244306802855 0.01071359323150203151 0.00245020645224959923
3	0.01225445084904135985 0.04038308498075366543 0.00529316041862320803 0.91257411070499183658 0.00078113068612188738 0.02429372268555212572 0.00442033967491567946
3	0.13482506577730982156 0.00330586882675305187 0.00286420300376716720 0.80409938771863864737 0.04503312770729182152 0.00915353860767912676 0.00071880835856051421
0	0.37048687703413973882 0.24136606265507370983 0.00890030515019994521 0.08919034769541665797 0.03789124912370396558 0.16910422120482138109 0.08306093713664458589
1	0.06863493244751592282 0.82857517881304154628 0.00089554914718705772 0.05821549129422073227 0.02405859552192180992 0.01248223681106026828 0.00713801596505226049
1	0.01012353572849499818 0.82001005147251848637 0.01036243740767333991 0.14727272498943055901 0.00121658769605587189 0.00868040164605372519 0.00233426105977220608
6	0.00019444621338807333 0.00090065745538483240 0.00407780253209541910 0.00047290242202556058 0.00088014371791791100 0.00032038981223039001 0.99315365784695863738
6	0.00740442581462875168 0.04163891394496949810 0.00753599628587161511 0.00280074166622080621 0.02638132310020417995 0.00447863353735385421 0.90975996565075112343
1	0.42063847449241820176 0.48998873493380062927 0.02062093125103649227 0.02144167583784782269 0.01439557144404408039 0.02347500228890045046 0.00943960975195213062
2	0.00025466549405835093 0.00314857543536631920 0.99250550672462767299 0.00244194694702843567 0.00068576014879274548 0.00067451202794081616 0.00028903322218497572
0	0.94824683511834506611 0.00994659084663465122 0.00168426459043256199 0.00301166596279709700 0.00819740127253611173 0.01993757826330634295 0.00897566394594803175
0	0.79121832549622206354 0.00613693122902994170 0.00049116404483856568 0.04963397778924204251 0.04606253570650108153 0.02317855898428232767 0.08327850674988387936
3	0.03302898314033291677 0.03569840990190056851 0.00040811367462131371 0.90938683743727932729 0.00867147426259833216 0.00978238597411191547 0.00302379560915598793
3	0.00102048783308405469 0.03508176990456402661 0.04285799164111691456 0.91947767202431129885 0.00061814251909376322 0.00081212915333566868 0.00013180692449386096
4	0.00828300744442986812 0.02039321721848871491 0.15834764600502845844 0.00200587427750211844 0.77879463043519059351 0.02975945384625440157 0.00241617077310581031
3	0.00089416299272989525 0.13587024876889466918 0.00093223588363599956 0.85792575557375483353 0.00057257008449144477 0.00179374876379658410 0.00201127793269713752
2	0.00463366136259942517 0.09653166633560035514 0.86035214216742572635 0.00628152501940342552 0.02945671493660471235 0.00069988055567112527 0.00204440962269536062
1	0.19144970325253440890 0.28116060671659104386 0.15157398629332685669 0.21363258242348470706 0.04593859598096690366 0.07555529641649490202 0.04068922891660096269
0	0.51136353570823955828 0.10630484531551302740 0.07779565130585745780 0.26879196094707197284 0.00560492865064579713 0.01813929704998890405 0.01199978102268350541
3	0.00031938879892103549 0.00219896772211749993 0.00142376672222990059 0.99354411345514859200 0.00185817032699382820 0.00053501705174569534 0.00012057592284248604
1	0.00167442624476669489 0.96913567616861007181 0.00335337287090278378 0.00014326647937321402 0.00114407573192738376 0.02399365735487551249 0.00055552514954410070
1	0.00000562824114872307 0.99960575542380758485 0.00003736198948427239 0.00010598498311798884 0.00005240992451266353 0.00016259335141554978 0.00003026608651248632
1	0.03399004515536965809 0.90771801627897907849 0.01717077031274818338 0.02829554758615818177 0.00858932233466322241 0.00226666055322340089 0.00196963777885821511
4	0.00097006682236951689 0.00832548772404107136 0.00233132193923048627 0.00082712448275664840 0.73747772342768003195 0.24930427611920771835 0.00076399948471474904
1	0.00660455809198066610 0.77695421699039035612 0.01210739564723713191 0.01933431545241212982 0.17490748255946345080 0.00573879801627012309 0.00435323324224546043
1	0.00267561412901670031 0.89825429746306040268 0.00634237642051517329 0.05321207065544647508 0.00817583941382151770 0.02250705512867830216 0.00883274678946205545
1	0.01809497955131129238 0.75019749302057170404 0.10799582997391468653 0.06722175971506125225 0.01987422308763516290 0.01646364253435885980 0.02015207211714737517
1	0.00001240885440371156 0.99969189976949346388 0.00005215397033299700 0.00017561909485347714 0.00001128467208011418 0.00005558717761276108 0.00000104646122362846
3	0.00224971033438281336 0.00019812998565711724 0.00005179937857358367 0.99626756819678985444 0.00116608570442818449 0.00003832835693325564 0.00002837804323541586
1	0.01236789126962978443 0.85601224618140991929 0.08416440314967106595 0.02657325504400656277 0.00821582539339845222 0.00678709106753675427 0.00587928789434809078
1	0.00143414208739614871 0.99270561022546011110 0.00197962912889706371 0.00063682288992145987 0.00042224544634863283 0.00261012300085704425 0.00021142722111922640
3	0.00118618571853966351 0.00155914747831506018 0.00022324545815880702 0.99676771211187487065 0.00003412678863823754 0.00008835657893416331 0.00014122586554020649
3	0.00155500849763267495 0.00520043793564491531 0.00037402735992040351 0.99206254693615802953 0.00011229890231373016 0.00062068422162503759 0.00007499614670537467
4	0.07644692149229204148 0.19674202800614912223 0.14540967821198999554 0.05816638402427192628 0.24565109250564792776 0.24476160709693520201 0.03282228866271384021
1	0.00570635102231153036 0.95520408413157253946 0.00430594940209820792 0.00743618343189952988 0.00960721168283311736 0.01642501447049867641 0.00131520585878550176
1	0.00046125776552046952 0.98454280063202737061 0.00484033039053790356 0.00090466746293400445 0.00071265122430684438 0.00724495245433795770 0.00129334007033648818
1	0.09212724770436264699 0.56661529651211739456 0.14849977536660019517 0.08358006525317938917 0.03900939148122776340 0.03171330791592271575 0.03845491576658970068
1	0.00246540756423744125 0.87775245655526812349 0.03761302295966438558 0.00072577017317123076 0.00185684651659862466 0.07764632511318506070 0.00194017111787555727
3	0.00243538532709913942 0.00518980342285085914 0.00110854610586313355 0.98248289839131019985 0.00177286590088943487 0.00281738774956792355 0.00419311310241884342
6	0.10415184837870355983 0.04056106575354206240 0.02679070040059039828 0.08819002112004023508 0.12841563157136920426 0.02221287573926141248 0.58967785703649344686
3	0.00237661156497394029 0.00207583405445419499 0.00003789159048983094 0.99531326792180263574 0.00006202827335733240 0.00007380539140134664 0.00006056120352161553
1	0.10285650176307772896 0.73180400717245897013 0.00144532484743574809 0.09157960977491332033 0.05132420614264863318 0.00372469949463540007 0.01726565080483015088
3	0.00280927194969105140 0.05703816527493593691 0.00134676502994056087 0.90384481749893763602 0.03282178260529233088 0.00043953623087082585 0.00169966141033111185
3	0.00756283019377181412 0.01370446634474912183 0.00037452986307034167 0.97436448500872674394 0.00206551745989803567 0.00023646632192819773 0.00169170480785662387
2	0.01072630544507884552 0.08140293159398674649 0.41526215642912250869 0.14638575854782531760 0.02737082329869231292 0.06873121349709435113 0.25012081118820006509
2	0.00086926731636931937 0.00414201631839841537 0.99206219574492160440 0.00023734184724045584 0.00126052345082404730 0.00100755342955772577 0.00042110189268832919
0	0.84634849317379245992 0.00220554337402818247 0.00342612689697406733 0.03166050582599697072 0.01806559056000627342 0.00526025284337608250 0.09303348732582593372
3	0.27513622925881803249 0.18576150395595347753 0.05207423097176653443 0.42636384443274472078 0.01713527946198533866 0.00143366315284053662 0.04209524876589125497
4	0.00117987874601549838 0.08849457877805069761 0.00168117270009440767 0.00116245963097040030 0.80167841138639273080 0.10374399564998287859 0.00205950310849304817
5	0.00071979054648361595 0.01768926869410228364 0.02247238328626436840 0.00026340348854701973 0.02217445147239349018 0.93104833042997503512 0.00563237208223422037
2	0.00778381535089057216 0.03693881250564245988 0.80903820750504618076 0.03310917587900195219 0.05866969125217517261 0.03612335222374152971 0.01833694528350299224
4	0.12162445677519918841 0.06980891582256372463 0.00149253200250124354 0.01212798988429984043 0.64773976991151016591 0.01768552121647710973 0.12952081438744866837
1	0.01314704838885343181 0.88621877324829434475 0.02211926998165288094 0.03517023890230385613 0.03761481447919255011 0.00498368588269218916 0.00074616911701181027
3	0.01758787017199551009 0.07078381372227683654 0.00611483822626465116 0.89494763401324017860 0.00181039366525597161 0.00660598276294592675 0.00214946743802034261
3	0.00840165101845102846 0.08453894754722006410 0.00170655382719467927 0.89669375918568317019 0.00217070519211075112 0.00518532282281763783 0.00130306040652353660
3	0.00213880379531752743 0.00647429525326180619 0.00070360182436624886 0.98231648722215092473 0.00074499139676070184 0.00030093825507314332 0.00732088225307032936
1	0.00507608862749745621 0.97866464598352476134 0.00062801251386613189 0.00114200795203766008 0.01264870319596866736 0.00051106024673769899 0.00132948148036728608
2	0.00000332009287792662 0.00000610160934673193 0.99985570343590457476 0.00000106438464020223 0.00001442507332738353 0.00011332709600172524 0.00000605830790176460
1	0.00023090756272622660 0.99615655751053733269 0.00097697711388049658 0.00153129524713416557 0.00016129976951934386 0.00076674498607854713 0.00017621781012178584
1	0.03045710744226565528 0.68671048377762278214 0.03740539024742585428 0.00539909575951783623 0.02786838219097568028 0.18255733854248634707 0.02960220203970555936
3	0.06038385580185742091 0.32931299139571001966 0.13698771181974073174 0.41400825975242183663 0.02384011221382989140 0.00978684432518583079 0.02568022469125416304
6	0.01813419553322292987 0.05996913268502433725 0.05372105552858442989 0.36651976758072940532 0.06820308100334110391 0.01507163360634562396 0.41838113406275218020
2	0.00007495175691846341 0.00553809581491061798 0.99030413736698785776 0.00141508948113365832 0.00001380303135639602 0.00239768034207817624 0.00025624220661446464
1	0.00119019528181899263 0.98226166718060625715 0.00135257518006592805 0.00250629914861526248 0.00118062296724433637 0.01077665386723520788 0.00073198637441418521
2	0.00006723815212166503 0.00612636046182144910 0.98375903603437209188 0.00037314105851541480 0.00114597822658615129 0.00369454452370077428 0.00483370154288286901
0	0.34312781032913985957 0.03495308862779182568 0.00626943024567690622 0.04010118261561228942 0.27471872283395826209 0.10697767583394575397 0.19385208951387511433
1	0.05417244024536222585 0.53020339605134925165 0.00850958571263542990 0.06485030345616717151 0.30410431821387118312 0.03128284139501241040 0.00687711492560192077
2	0.00629499223490559510 0.37903504415563371577 0.44680369848377493591 0.07072059710560654744 0.05527102885927080711 0.00557538491391603493 0.03629925424689318947
2	0.00038198597429682442 0.03244897504668580596 0.96457751022138882302 0.00114110832957427873 0.00051890164265720891 0.00081798323759247704 0.00011353554780408640
1	0.00013993929458933882 0.99186861179541330191 0.00423804891002001541 0.00078980510133920632 0.00053261585939932651 0.00237709754385316942 0.00005388149538415571
3	0.00296098479321942184 0.11985108593102893060 0.00069175652859592405 0.87417079750359749646 0.00025098316993951112 0.00010266308813629389 0.00197172898548224340
4	0.00725543724285498178 0.00385537103656408186 0.00328663367959751299 0.00521592904588477190 0.97860691785376763274 0.00025761465329212540 0.00152209648803948677
1	0.06471730089822388954 0.37106089141909215368 0.21054902550785395410 0.18120757726151201505 0.07537271621603215677 0.04653277061424665462 0.05055971808303907217
1	0.05515052881923287326 0.42168210241111853120 0.18220603319101918993 0.09589898281396982971 0.03236699686350717753 0.08565775186930948970 0.12703760403184319316
2	0.01002261225588690040 0.08664315602960108442 0.77666762102518593913 0.00314920131677185475 0.04437012318753714296 0.07073097592157560898 0.00841631026344185663
4	0.00002672997450159253 0.00005766647397898510 0.00001043230607776948 0.00010573106973858254 0.99977416698769894232 0.00000900964242547613 0.00001626354557722922
0	0.79192377567112681724 0.01318416105340965844 0.01751446861389977308 0.00163601870776409813 0.01224532593858355077 0.04199114633168825328 0.12150510368352804291
1	0.00698084582689186516 0.91516565161273166762 0.00985556244826732951 0.01310243173472673550 0.02275621291742454741 0.02679355471356722682 0.00534574074638947266
3	0.04738075954360121411 0.08463276628454745321 0.01170780101921954294 0.83291210064224274756 0.00898073483864943699 0.00683547452360382547 0.00755036314813577192
3	0.00033584629836782816 0.00038797892212145269 0.00071852510336375519 0.99816462156281071660 0.00019070320724250269 0.00007172226701144655 0.00013060263908146752
1	0.27952887416298954903 0.46757922247548727723 0.00914535206378680639 0.02274432396712228535 0.04521461938891276067 0.12911638482756110369 0.04667122311414022284
1	0.00734471153149165133 0.93919208937843579044 0.00343757436823633692 0.01750327006915064487 0.02434603887489134380 0.00029732119802325472 0.00787899457977043506
2	0.00406309295402428657 0.00583127875754018213 0.98324963873487303267 0.00123656296628177017 0.00471152852328056166 0.00071188113189674487 0.00019601693210231900
2	0.18234622638948858042 0.04305406935923921513 0.53209448852436280752 0.14473515126390776309 0.04681454678704691230 0.03154107561042660685 0.01941444206552834714
2	0.00167627800821614089 0.00005433355104252602 0.99676831891721484613 0.00106936883675144137 0.00007408045293928560 0.00031370280984443583 0.00004391742399028445
1	0.00065606095383033219 0.99288833796440245649 0.00153143732261185853 0.00234078487363679165 0.00109586189073545095 0.00011282768725337821 0.00137468930752898352
3	0.00050824565299091161 0.00102854914419020613 0.00044611194668443246 0.99786908258538820071 0.00000881743109128368 0.00009138903348539983 0.00004780420616934850
6	0.00231270763388836736 0.02126480515885063177 0.00243841910692734745 0.00229787789788529588 0.01912712113501206443 0.00705808839240428150 0.94550098067503240973
4	0.00134413733980416790 0.07391858552631297430 0.03354439145806784039 0.13613870697593585812 0.57577626049857810742 0.00248242303801692564 0.17679549516328335601
3	0.08140141760374274005 0.17629899252070296845 0.00830357889238445349 0.69396507478948066261 0.03572634706062140231 0.00165434104747517173 0.00265024808559271956
0	0.77435772981485673228 0.06311301668761348793 0.00547809311862613221 0.05339582709469944954 0.01455372437553231410 0.08270964204840150491 0.00639196686027008153
2	0.00168140065211707973 0.10968469254024570958 0.73799193559396136788 0.01087205390161777308 0.00608719327088253371 0.13048211244850435597 0.00320061159267135287
1	0.05764927012987190735 0.61760450959495616363 0.00518747543106608776 0.00310150040498708432 0.14720217733127238802 0.12540510867334261902 0.04384995843450383013
3	0.08672271464095585025 0.00691260795299394274 0.02033111885743019154 0.53909234898801117186 0.22593694161252048103 0.11796446116377194702 0.00303980678431615622
1	0.33772047233080376705 0.64953442786996140601 0.00075054976442428102 0.00173049088169859771 0.00499990507193755901 0.00320018675205905809 0.00206396732911527095
3	0.00003721880679216179 0.00002870960023798311 0.00000789730686890024 0.99987920679751152164 0.00000643960359628287 0.00001306441740974696 0.00002746346758265786
4	0.02452901743547709554 0.19365101759354189093 0.04936978808603189467 0.27008798934517436185 0.28898840047291962652 0.06337212718846778337 0.11000165987838728121
0	0.85027132630490809273 0.00965921339124803206 0.00321712394297715004 0.08405233361269648373 0.00489378944127329130 0.01157238689938312401 0.03633382640751365439
5	0.07920840062251553737 0.16010215986245884823 0.26024407801849958055 0.03440048374034654355 0.08471008310203208269 0.34032935237336742196 0.04100544228078013137
1	0.19043370681008245371 0.53131763688441624449 0.00425806534033873561 0.08645803801278535705 0.09805658826514766779 0.08182010764983788098 0.00765585703739189889
1	0.03188522259584566226 0.37845714513764139308 0.13066007935518930694 0.12706548902188999350 0.23448598324695180128 0.04010553810640234834 0.05734054253607935581
4	0.00375302741258682184 0.01581685996724756585 0.05966335041012475054 0.02703156340578056344 0.66300487167413835188 0.20207634666885709862 0.02865398046126507378
0	0.86439461737103706618 0.05955368985850597457 0.00415211302660344929 0.03264213324924734178 0.02876126261103303244 0.00876874296129881090 0.00172744092227424028
1	0.12811389691103036714 0.80850584185533147519 0.00392815962917948940 0.03206621573730660674 0.01094995728505709226 0.01456202063706506927 0.00187390794502924861
5	0.24751756730551507935 0.00385875562420650089 0.02644671704300065318 0.10035272296222549904 0.01178268295432469658 0.59672734080808231827 0.01331421330264527698
1	0.00002151745979163290 0.99696427240905427514 0.00036278581940885605 0.00067250208527267451 0.00029118887072296428 0.00164654900106827522 0.00004118435468402125
0	0.80873083027017722557 0.09903391220541095386 0.00818348251060219481 0.04970318947049405522 0.01737585360210077909 0.01331263257276495485 0.00366009936844996150
1	0.04009559882351566851 0.70257928566580163388 0.06610836913387294067 0.05438077654613041045 0.10701100212203576434 0.00246803691976416051 0.02735693078887967145
5	0.00276320050261968410 0.05316308714230719157 0.00467492128956265365 0.00206102407482841067 0.01506080528641846536 0.91112065401562358780 0.01115630768864058972
3	0.00108153491840644062 0.05907701114516265839 0.00022510693466717846 0.93538362355767812328 0.00362315254711125835 0.00033031864992510616 0.00027925224704871505
6	0.11980475988377541074 0.00932327430629668885 0.01433049994530504086 0.01620245790514085460 0.09308784611340435722 0.07016224417395428015 0.67708891767212331381
2	0.00002949093032683781 0.00012675741332997985 0.98568388667487061294 0.00131731345059377743 0.00391709984023468419 0.00249907041436104021 0.00642638127628203815
2	0.00169333077819147984 0.00148432388758750703 0.99620187756842759619 0.00022393094450212856 0.00019363962849650393 0.00018822126287704397 0.00001467592991776980
6	0.02625865624088471323 0.04273375740757728164 0.00686548071516821911 0.02215002212980532459 0.01328760647983959903 0.02559120270352895077 0.86311327432319584485
4	0.00020158438810494492 0.00657934103906288124 0.00207597956315182111 0.00406717819500102083 0.98237876759262043880 0.00385383352341654587 0.00084331569864152741
1	0.02134775112043588857 0.76484314123478236436 0.06521670324545847386 0.06270690638151195373 0.02252355253197264526 0.05109318129061460323 0.01226876419522437110
1	0.00193318458935273253 0.97913011951405004574 0.00472882572163508229 0.00705922926239384903 0.00074540317093280822 0.00575138754099442824 0.00065185020064103237
1	0.11348591232304228171 0.33710701379123386712 0.14075310243919977871 0.20951043589774348552 0.04306434719851534587 0.03412366934277945990 0.12195551900748582974
1	0.04171103293981621302 0.92487881161160856447 0.00072918914926770333 0.00697927702293687970 0.00547182318518089732 0.00264088932540451366 0.01758897676578515673
1	0.07767821467336556707 0.67172830214545553584 0.04483686553686295345 0.14327127050033433564 0.04525133070505472227 0.00568866479016923079 0.01154535164875743029
4	0.00050699873154568301 0.00019715402525419061 0.00074620185454607295 0.01630152123459049918 0.97997898126822036158 0.00020460519235656076 0.00206453769348688941
2	0.04935672749729731745 0.21866953561877547352 0.47622509871020934913 0.09997085681852208028 0.05765966377417935246 0.05522876382570087589 0.04288935375531566924
2	0.06280889999080227493 0.07891357675154245244 0.69544132955119386530 0.11394625905009667099 0.02161000684036979910 0.01117515505222625716 0.01610477276376907560
3	0.01726914003564733111 0.01271413361831361631 0.00115311205329063013 0.96762128401159086533 0.00015997958569611640 0.00091326449997634646 0.00016908619548592754
2	0.00189334335938629549 0.00436152873885832688 0.97291134445155724730 0.00058610202155518995 0.00026377388042817635 0.01927934007399798727 0.00070456747421771915
1	0.00338288070400118764 0.98904824787037948219 0.00097943280098070095 0.00068148295252280821 0.00110893307203565250 0.00038956731292101295 0.00440945528715806518
4	0.02169143706570432484 0.10645585659849055027 0.00627082011596393884 0.01110633764878961142 0.77650525783618440379 0.01684259449990585522 0.06112769623496122628
1	0.00083516954444228983 0.99818966061295211212 0.00068213479328966869 0.00016194021963806523 0.00003482741065041807 0.00008205600771996993 0.00001421141130855263
6	0.18989237364347311132 0.04651811971231027687 0.13548731568365632305 0.15799444627621178627 0.19642370034557590786 0.01824653975939402248 0.25543750457937874909
0	0.94608429266891347353 0.01493404633383206039 0.01108712279526831435 0.00872762282624952104 0.00878494360842699967 0.00752531198691661941 0.00285665978039293788
1	0.00014957822247565385 0.99963584907800884238 0.00006574813152624219 0.00009494681544835162 0.00000307954488469024 0.00004602388037641392 0.00000477432727762877
1	0.01658229946694832896 0.94776952047854479133 0.01356397350918622270 0.01143384247136639172 0.00814558320519166712 0.00134493025236307059 0.00115985061639970193
1	0.00292876705364081454 0.98163740548742928205 0.00037277501602060904 0.00058479945362610196 0.00064803519135806301 0.01247122009932291435 0.00135699769860131349
2	0.00009912212341720586 0.01089871843872696269 0.97208700318322571743 0.00073350306200982017 0.00079705855508202072 0.01519517803644305880 0.00018941660109396150
0	0.43933610973549636070 0.10972913831912024796 0.00690788104311399441 0.23791110229356440819 0.02726437825853121957 0.00882351777235231179 0.17002787257782167596
1	0.00017306055206886512 0.99780837677622036264 0.00041662547976037499 0.00093471214701714388 0.00006717262410916345 0.00057428884365284545 0.00002576357717128293
1	0.05439156659807806160 0.49858424942186646556 0.00836224805318517249 0.04034724862784227345 0.14550241105955269427 0.03490711422468011083 0.21790516201479490088
3	0.00032036763882095323 0.00174348829411308834 0.00139572770663866689 0.99232605241626148374 0.00011604189562591362 0.00388178133743031888 0.00021654071110943949
1	0.05372557448835963562 0.65485784819645265209 0.01966396200518912007 0.21492109545748636079 0.04016894937880240157 0.00905156704106984018 0.00761100343264000442
4	0.11735991595595539339 0.07405334068437163797 0.01409575928689737329 0.15050671192425757461 0.59140461044863745776 0.03133343971712797965 0.02124622198275251048
2	0.00674272439603745485 0.01059186742743084553 0.95576350716562508136 0.00644664057306010459 0.00827294981863612409 0.00632950043280999103 0.00585281018640044972
0	0.97675082317563866052 0.00606885024047060326 0.00066413432655770160 0.00132439465593148600 0.00195044970825391530 0.00151356140466298353 0.01172778648848462647
5	0.30510309725327799946 0.11656011867322361997 0.00854938985069354090 0.12276898995209695187 0.00611025593627985246 0.39776637173102713518 0.04314177660340105108
3	0.06744328544702746231 0.08434240192735084629 0.00667096109298694496 0.80254842282845095802 0.01540792394374151594 0.01762091158503432259 0.00596609317540742427
3	0.03449706113258830392 0.02724540111152985722 0.00642035241668255027 0.92702268029097645297 0.00287777159638480818 0.00066611463343361663 0.00127061881840429057
1	0.06396032392504569231 0.47033546214177190947 0.00831479950231088158 0.00445674014401608969 0.02202974954098399496 0.41906889138669795036 0.01183403335917314683
1	0.02150987919377177204 0.85046286642380231058 0.00370584502981934159 0.01684648278613590927 0.03564220086807777521 0.01948635719429773691 0.05234636850409574160
6	0.00716751093097767536 0.00117831979517206073 0.00096270572357420219 0.00133639956837769067 0.00245463133513622355 0.00171334578618779435 0.98518708686057454571
4	0.00351621758179989936 0.00996742304827381333 0.00472514472055672596 0.01040425349041113577 0.96657118519383922184 0.00070907224305357763 0.00410670372206576630
4	0.00065870203590713994 0.00149755745014389812 0.00110593946772397263 0.00115845070557449607 0.98249782747850344933 0.00432792507508933909 0.00875359778705741762
1	0.00149679532140791047 0.99441729155206937119 0.00055540726127248136 0.00041446446488919422 0.00007966609720703534 0.00298900388323310260 0.00004737141992160608
0	0.97204944600787390740 0.00144326774970847936 0.00084687843200441067 0.00632867127322157396 0.00960437589788148277 0.00709395764147496572 0.00263340299783543490
4	0.01363637923812286400 0.03275677861039247296 0.07203465641563258637 0.01675201042079954225 0.83943899257598464381 0.01204203576712162792 0.01333914697194618637
2	0.00080843928594087242 0.00006301862374392086 0.99587914573255198469 0.00004816091914989527 0.00144137131708978183 0.00130674116539756472 0.00045312295612606984
2	0.25887715351854284629 0.07656152123589063385 0.42756044684981947546 0.00570923164999923623 0.04388146144745118382 0.15824913394354001017 0.02916105135475661331
4	0.00278870314599058335 0.00823837976902597018 0.00214432771706732752 0.00064425320517592542 0.91839191305920520048 0.00499799625503854605 0.06279442684849649570
3	0.00157153108646247773 0.00463102629551903969 0.00039010297129119296 0.99226108834984239060 0.00039217158059766258 0.00015788504883506696 0.00059619466745237655
1	0.06920588515794991180 0.49043324072029020888 0.00347264997342215795 0.02325376650060985775 0.34283926427077093813 0.02271888858916056020 0.04807630478779657823
1	0.00713638743429882445 0.94345061241928795948 0.00491548963303529984 0.02991004622596656753 0.00115283795070917077 0.00493927378401293193 0.00849535255269000256
1	0.12386684436278100341 0.54999997806495315444 0.08862586871040702141 0.17076052490155740893 0.02346209023552794926 0.01968747991256498617 0.02359721381220833414
2	0.00106289620783016760 0.15960851359224309531 0.81309482540682742613 0.00574646947652059353 0.00618110126826511026 0.00884882228186016813 0.00545737176645332955
1	0.02134485571230651177 0.80733971535969939470 0.00752034642102305563 0.04621477840964276912 0.04518203392795080986 0.06749313364829873096 0.00490513652107873923
5	0.01718035694682838385 0.20081059301086040536 0.00432229876072285930 0.02089368054804514527 0.03620105983694917734 0.71392911132013658904 0.00666289957645786399
4	0.00087325939478555032 0.00042228302926225003 0.00013253273617861073 0.00119697874028137268 0.99680840596348319060 0.00013007807190019294 0.00043646206410810298
2	0.00324990469337192158 0.38427018431214970962 0.52904228442957845768 0.00229424997338228574 0.00083627903388329016 0.07754180619637734972 0.00276529136125641369
1	0.02730657973992187126 0.24910468758855708327 0.03740294427783662917 0.19216674538517822257 0.23917006955986333527 0.22327790789615284406 0.03157106555248995194
3	0.00978010093145198836 0.00937327311017078189 0.00691659112126080233 0.96996315993528914312 0.00066932927377321468 0.00269993400126025771 0.00059761162679321472
3	0.06020422123309287360 0.44097441209412285845 0.00477311502915727087 0.48612042368922320223 0.00138037711106512489 0.00548171653929803871 0.00106573430404070606
4	0.02946437496235006920 0.17038527996142507903 0.01268254257197019841 0.10803593273495187832 0.61577821681200994863 0.00662956085386488120 0.05702409210342788276
0	0.80073219268872186660 0.13552542005620754617 0.00714372377480736089 0.00774290755326325839 0.02902096375319228663 0.00837738698762125963 0.01145740518618637224
0	0.56859546689663775787 0.00248970484204235698 0.00049024725893250464 0.00063559530740719646 0.42313577187188161632 0.00033031499935544004 0.00432289882374311055
1	0.00008810976023606404 0.99178993124925074465 0.00056524482350389562 0.00522045165389768348 0.00140650644577828806 0.00062798658836656085 0.00030176947896895474
2	0.04734755916353237254 0.30419454261688483321 0.41725007187065427106 0.14465399951081236996 0.00062499092707448073 0.08438221493845642074 0.00154662097258530837
1	0.01096897845932673712 0.93490674884365077002 0.01756465325889525197 0.01918303003269573870 0.00296130407653944112 0.00870958725640152455 0.00570569807249208995
1	0.00373020304143395964 0.86299963330402751360 0.07463909417089237275 0.01476017431423278653 0.00303598657512810189 0.03768611687278948519 0.00314879172149627653
4	0.06431737208152810137 0.01445009299413994690 0.13760278040579076997 0.10071091131595721890 0.66207447298512978051 0.01215253871358953387 0.00869183150386484624
1	0.00212088068776603196 0.98701389403625050534 0.00053722657316806165 0.00564301792393509700 0.00258585467546024010 0.00194753259274714485 0.00015159351067238645
5	0.04955580678879422524 0.09010511320290977288 0.08247919319958928186 0.13135631015767010310 0.05145930938554453549 0.59123001194473667752 0.00381425532075548197
3	0.01501770975990399624 0.00440477015503740795 0.00020894743278681020 0.97984098570015520924 0.00012909919303580544 0.00018320475499824176 0.00021528300408323644
1	0.09461808303470334303 0.51712318189882111596 0.00897375653086424259 0.37129485902133335662 0.00314743925345681470 0.00419253746907553848 0.00065014279174555913
1	0.00393646874374959169 0.83351063075193376761 0.01397745097173929731 0.14780516631588694332 0.00011886918180823050 0.00019035675988217937 0.00046105727499905859
1	0.00573559655573202890 0.87946505841800115544 0.00611262157094454722 0.01567858255323479819 0.08424258929320435629 0.00661221614535947161 0.00215333546352344850
1	0.09011641768152046927 0.76340875490765436329 0.03769308991237449447 0.07130976056937281260 0.01367594701524828781 0.00497496773208654271 0.01882106218174246434
1	0.00117530396609532347 0.98082770928675122590 0.00523950088129832969 0.00475974595936034216 0.00216991052834433198 0.00263561697271388418 0.00319221240543609121
1	0.00005388888960451516 0.99752925678232851059 0.00087789233703452726 0.00108847531474440262 0.00007640398923729716 0.00031189146814173627 0.00006219121890945651
1	0.00168411388185952886 0.99271274915618823442 0.00126991018411195069 0.00250489283281166717 0.00057273410722949946 0.00113682745366916146 0.00011877238413078350
6	0.02148895963074741455 0.08837629675403331497 0.07347117560690907823 0.08290600870876123352 0.10201267951097395259 0.06172441427601386282 0.57002046551256124740
3	0.00000447273386143251 0.00000212765884394846 0.00000091663151052964 0.99999141803057300937 0.00000014572831787082 0.00000068483563698556 0.00000023438125723128
4	0.00908535039313196346 0.05032723191193685941 0.02766868242526760932 0.00157424973448398622 0.87328301170668809483 0.03676556589656727186 0.00129590793192446230
0	0.81545939758839780520 0.01811279608415302875 0.00555489681585593590 0.00006331981849089276 0.03215806019396118265 0.00295587179293267622 0.12569565770620846901
5	0.00831699787308193966 0.00735003229142931411 0.00061495922697917004 0.00088388547203079525 0.01158864405841044352 0.96644357702208516514 0.00480190405598336558
2	0.00001570743257702501 0.00028640339821606154 0.99825793547939523087 0.00011911795445118011 0.00021229464964928009 0.00096200290982615690 0.00014653817588399971
0	0.80337584780490378655 0.09472125955261317953 0.00361006328344158200 0.00700465486949284222 0.01358027325583339648 0.04332151811249648071 0.03438638312121865270
6	0.08259319430015582553 0.00169668577124192132 0.01107329259951794070 0.00158583277046221867 0.00177539731330947706 0.00032992816676484461 0.90094566907854800597
0	0.93280438804491516702 0.01164148486737646981 0.00254395517744387695 0.02668418414862734622 0.01291428987111351533 0.00251184851793723185 0.01089984937258643184
0	0.34304273130002782555 0.20697520447038456060 0.04617664778721256719 0.07058962951708758204 0.18052955632749417836 0.06528179383419312198 0.08740443676360028225
0	0.43203828067015964676 0.01007726166474028247 0.33504632726837302314 0.00879491007067021748 0.12749035705185118861 0.02154304294318975729 0.06500982033101580793
4	0.03473862480415140785 0.00411288073178971234 0.00054555437168387494 0.08352529391866432562 0.83006154329888681698 0.01580200981526025394 0.03121409305956370991
1	0.05672889360160090350 0.67189132797782347151 0.03792733775599642365 0.00133741113170293430 0.09329151402730775922 0.12810161928061145065 0.01072189622495687590
6	0.48018552485119370132 0.00507476867060147052 0.00332620601209008843 0.00209396621132648935 0.01501232883166415608 0.01210925644445007276 0.48219794897867401806
1	0.00070383886885960669 0.98733910357761067722 0.00156517780934341895 0.00925805726842650681 0.00016404459924497931 0.00073433073116771876 0.00023544714534788619
1	0.05254574826308818641 0.58804136502472958981 0.04432124746999584891 0.15704271367652250513 0.04116945097385614483 0.10165268043216610372 0.01522679415964166803
4	0.00122593575710730073 0.01981579437339269986 0.00353470513477609476 0.00485614252990415867 0.95123628458081777026 0.00227591454608458811 0.01705522307791626155
1	0.02804493195623077029 0.89034851842422879642 0.00234714415637225348 0.05108102942234680338 0.01132031415553802142 0.00800508195185201284 0.00885297993343146968
1	0.02255463650203443429 0.54725482985199336294 0.17228948866553517316 0.03038909379347430953 0.15449305504148924673 0.06188313886865898228 0.01113575727681439045
1	0.00022832846978299026 0.93821245956960097612 0.01038140007166195138 0.00558601497135568885 0.00052960498092872804 0.00323683740291287603 0.04182535453375919865
2	0.00423536683799230745 0.00222202625069805194 0.97678222163496630781 0.00032921821055432608 0.00202015715891723730 0.01365582838883926640 0.00075518151803224140
2	0.00023150616302754508 0.00087254096801890754 0.99771039558950713744 0.00028715322240651243 0.00042448031905498889 0.00026307720618472616 0.00021084653180077810
1	0.05218032928625167960 0.48670826990165577675 0.00293608784999350439 0.45571160206527688841 0.00098494208432708887 0.00113328305203075439 0.00034548576046402181
1	0.04914250114733751534 0.68860542855029849285 0.02307988526885941180 0.08701061762736267413 0.04882989893736276732 0.03261061085714807989 0.07072105761163099968
1	0.14976468174578463910 0.28599521897621782429 0.10656165953770188604 0.09548359911145061496 0.09880827833543993910 0.19109278919455210954 0.07229377309885288982
1	0.00051451849047552786 0.99876046635672799390 0.00011969481840400552 0.00047737319912040876 0.00001884873408910335 0.00003344320489696706 0.00007565519628733390
2	0.00437958414884222127 0.04363537913197737539 0.80921466718044388067 0.06775444004044002544 0.02404087587409666632 0.00382105054748657982 0.04715400307671348962
3	0.18334579084941826643 0.34030632312660263894 0.02422907356150145672 0.41475019437370014286 0.02899417194200685360 0.00336204141274214696 0.00501240473402869442
3	0.05144290649219966649 0.12626299507096550023 0.00535541268049285688 0.67299317362515287400 0.12947370938853366984 0.01124846631300184877 0.00322333642965389258
4	0.33709920245727170718 0.04903532612838385624 0.02672559132851594355 0.00777062614257094733 0.33875516541962447103 0.02903505092436341889 0.21157903759926985354
2	0.01414614801782826392 0.00467057376485605687 0.52388001934953731809 0.01225831881804617315 0.00775568747059581908 0.43444653379082903699 0.00284271878830723041
1	0.04280396020705512505 0.72434028106801529034 0.03287654846451501522 0.01293670170536721439 0.09367273348421450985 0.02985102066401372489 0.06351875440681874208
5	0.00273994245077362588 0.00014380994582023120 0.00024522833861114764 0.00069994252754721820 0.00036118017926670761 0.99554602281528004060 0.00026387374270099367
4	0.00000572168205359726 0.00000175024791158482 0.00000277130456574392 0.00001449831064384224 0.99994919802672765918 0.00001465965693557871 0.00001140077116322655
5	0.02304476367008458093 0.07433331678889944227 0.00707946833942909529 0.01481726172542958270 0.01703963289480739038 0.84544519388835004392 0.01824036269300002844
1	0.00002274481437296958 0.99914298461382733407 0.00023623590551014194 0.00037341432368731645 0.00004198634295402487 0.00017474372966412325 0.00000789026998026460
6	0.43560742280783759650 0.00050082080998887515 0.00030280841735442349 0.00557252084956641122 0.06380824362260331672 0.00024750155236772585 0.49396068194028169840
