4	0.10366665014853307381 0.33690424297793014619 0.01872989954546804350 0.05518338779493084378 0.37308121104975994209 0.04301444078143656230 0.06942016770194167630
1	0.02064982623636809136 0.79070837888965317397 0.06196612762867282492 0.03452165908221152546 0.02927491965782247699 0.04473840076944379102 0.01814068773582818567
3	0.01589315391427803884 0.09108449307016511232 0.00283791081208201873 0.88450253746602358618 0.00120708701893247508 0.00272240237863615245 0.00175241533988247894
6	0.01074709623647482869 0.01875737855717210176 0.02020551489113841387 0.02583147638864047302 0.02528107434247523280 0.00468288067383042066 0.89449457891026828982
3	0.03261964313947482430 0.00796225259100148165 0.01583697428591722411 0.83898177256038519722 0.09514504995389005959 0.00139806163527026513 0.00805624583406077364
1	0.20817578343085937909 0.27541533830649089776 0.08153335435576172796 0.05842063960890987728 0.05030114796299188507 0.09159869831880666780 0.23455503801617949566
1	0.00136181651315975564 0.75713463227721766735 0.00179903115276379899 0.23674351929345829881 0.00113248714076374631 0.00024922618254977788 0.00157928744008622155
0	0.72571697368307652720 0.04034651971769064038 0.07621751003542104330 0.01765669467784151611 0.09307048100582678007 0.02449773277837563948 0.02249408810176783610
2	0.00020694363323827013 0.00036791145022498474 0.98454834711802430292 0.00102252288956582193 0.00746969704052617266 0.00482861548335769813 0.00155596238506210171
4	0.04060044820771272628 0.08159159394965170842 0.00505471907680389316 0.00938311188927521897 0.75900822409312729278 0.02757424941517916048 0.07678765336825031651
1	0.02448839926881291734 0.95153894102251401765 0.00313409017220001116 0.00436349647440109015 0.01155538176512500848 0.00400705055676217441 0.00091264074018426559
1	0.00020242353483335883 0.99487148964830085518 0.00098112124897159047 0.00069538365929243851 0.00077559310648887868 0.00219699831248017403 0.00027699048963287457
0	0.84348553902501566260 0.07798579631262812784 0.01838386166865466076 0.00860322912572369751 0.01218580426109091598 0.03263699038527892449 0.00671877922160826063
5	0.00016711806328649679 0.00040411541961174398 0.00006990888537215258 0.00197636093260018363 0.00276677775533588910 0.99447568436164102135 0.00014003458215278394
4	0.20620156718503068749 0.10710182514094129802 0.00356808261950022259 0.05217591739861426187 0.55732047490533198619 0.00590846296048539669 0.06772366979009622479
1	0.06516477053921021501 0.85994330893376436098 0.00084648073159493702 0.04985570737297347066 0.00339010157903560806 0.00437347636197703629 0.01642615448144483722
1	0.23507600097613978729 0.35331776525418823187 0.06001528969598821095 0.24005908672574363671 0.04049234560414961132 0.03707900143358203171 0.03396051031020873995
5	0.00059133296536355740 0.00007658880262577978 0.00039163518176960147 0.01406457633649662448 0.00017081878412474134 0.98446240452096778206 0.00024264340865235234
4	0.02493259571094959270 0.21730183139549874571 0.00777221288983654529 0.12766660795804810058 0.56467235010469585266 0.05011386118153717678 0.00754054075943381193
1	0.00833883419185679244 0.96390899398319518365 0.00346287801594641776 0.00317825242873446406 0.00087049475777086611 0.01155585096523521933 0.00868469565726160547
2	0.11342128478186783158 0.27581533931633372969 0.31101473198198370529 0.24512938355937730073 0.01652513976605544943 0.02955268371454965529 0.00854143687983261943
1	0.01773850293873002054 0.51274901789682847397 0.01522727863845421692 0.43822001442208130539 0.00254389340697078149 0.00236639723465266287 0.01115489546228226429
1	0.00122061589484582871 0.98493827609919215593 0.00052220566474081402 0.00131645307568625108 0.00043055107888612836 0.00932579108499680641 0.00224610710165209495
3	0.01135107224585558787 0.03559755769063595310 0.00425929919772290860 0.92381271516730423254 0.00065274673534365820 0.02029622947240493705 0.00403037949073305635
3	0.14485184558505717622 0.00297518405842990856 0.00228149687418755963 0.80291685627530218206 0.03826574174418705815 0.00813087735226045161 0.00057799811057567257
0	0.40128264127034035669 0.21658381310443297618 0.00781164100127273997 0.09335127892739951416 0.03775890277302017956 0.16935411659481913738 0.07385760632871517239
1	0.07660987973106025972 0.81530088320251092870 0.00101854471552676926 0.06024306529392070564 0.02756538579664561187 0.01162490845889023461 0.00763733280144606504
1	0.01185236980904503037 0.82014183350074798540 0.01002599160766284338 0.14559947470715511875 0.00132371077322318152 0.00855563150909258163 0.00250098809307262686
6	0.00020965615865547815 0.00154785333425058865 0.00769798721175556002 0.00079294135997528224 0.00092389179985522105 0.00041761872971170846 0.98841005140579540900
6	0.00299791031404895037 0.00402596615551270142 0.00284414947315409557 0.00099498367845016894 0.01031114208044860842 0.00174340059605759454 0.97708244770232788312
1	0.45106482621976562442 0.46665397683507475746 0.01974374072658163781 0.02087228444733447291 0.01313511615703723441 0.02019540362142931145 0.00833465199277690603
2	0.00026411963555944535 0.00237328233304682015 0.99402970164974491230 0.00194683182208012207 0.00053178154714880754 0.00062484050979290167 0.00022944250262687640
0	0.93392375728109500166 0.01381335533905401515 0.00294164206986669268 0.00396535258135369099 0.00928704259329663113 0.02788275500707075583 0.00818609512826345628
0	0.73237132618649836147 0.00770259180251640831 0.00062602989911127356 0.03709244648304390463 0.07633512460409354328 0.02833240514955141093 0.11754007587518501554
3	0.02633278946474002652 0.03308173616854027249 0.00040345877830318247 0.91984843789245074319 0.00818092941083861484 0.00936699650739000918 0.00278565177773672625
3	0.00067062054998687942 0.03253967273635946511 0.04320047672067808125 0.92227390977503820313 0.00052174520873206982 0.00070150428628150418 0.00009207072292315467
4	0.00659629498925545441 0.01855000744050576064 0.12816323403808538295 0.00152120977335091080 0.82166254235336511069 0.02169975928384376349 0.00180695212159394099
3	0.00045272172578965966 0.13836913643901119220 0.00108241447605634416 0.85553275895194502709 0.00064447473331362241 0.00201144717634684509 0.00190704649753704858
2	0.00476153742844652190 0.08803192180466726247 0.87028656628953959817 0.00635222351990738857 0.02818534549249181870 0.00064968412598136259 0.00173272133896670041
1	0.22663098769034012436 0.27264937049017395898 0.14421964035309675634 0.20378640456664964820 0.04409627570014095638 0.07060088649675544392 0.03801643470284311876
0	0.53260117540273743675 0.11223757428120036128 0.06777126744366084032 0.25310132558176173800 0.00539166343593729027 0.01737369812452150067 0.01152329573018094980
3	0.00010450709187917650 0.00016638636498888189 0.00029206203771970198 0.99876712356118857450 0.00047802784990279854 0.00014723353759675013 0.00004465955672522147
1	0.00159091709939647593 0.97068263716747116288 0.00368721043538674164 0.00014804322345602876 0.00126517426869032930 0.02210339673961026277 0.00052262106598919926
1	0.00000665706647185488 0.99958655027945808591 0.00004146465185469217 0.00011197736286983423 0.00005847344646882938 0.00015490310626559104 0.00003997408661188773
1	0.03461626315973163198 0.90344059525625675100 0.01865229712673030504 0.02975349614271037904 0.00866504477609620488 0.00233399008573734624 0.00253831345273752493
4	0.00091846403772786079 0.00756259353989140876 0.00194291319758350674 0.00076220574016710682 0.72035416423446085865 0.26777295664246997253 0.00068670260769828891
1	0.00713788964946170720 0.77560303830348820142 0.01401686210010492581 0.01791225807876140746 0.17545656384728175459 0.00584370743617961333 0.00402968058472249341
1	0.00228131050331223384 0.91275131301794287797 0.00714671505627589680 0.04495281522135521901 0.00705711052765465013 0.01900474369384673456 0.00680599197961265050
1	0.04840898623360132685 0.49298196374154246158 0.19240522414347244196 0.13685560765879473122 0.03915850106220392091 0.03300483273829184910 0.05718488442209337247
1	0.00001047498542163649 0.99963698765588093753 0.00006340256833931833 0.00020180188404438348 0.00001355619253181652 0.00007240427349796616 0.00000137244028368385
3	0.00221531506430050354 0.00027788680540720683 0.00008804273652618476 0.99478386340538915711 0.00253156670421060288 0.00005899136364271099 0.00004433392052459913
1	0.01579092150120839366 0.84333729829433645708 0.09327530773412007203 0.02801569189509055952 0.00795323258755499529 0.00602545787967156618 0.00560209010801787123
1	0.00169553907679924798 0.99214167618288040540 0.00208699598136851978 0.00071560581511086662 0.00044227608378297830 0.00270511204101297293 0.00021279481904396707
3	0.00186654488540296333 0.00214246889333706038 0.00032602220431088508 0.99528637071730452490 0.00005909142464873911 0.00012019419823203256 0.00019930767676345210
3	0.00187524621868774923 0.00721780989526835722 0.00065800716244803761 0.98880855311979787281 0.00019333214606758936 0.00113680464067252040 0.00011024681705769096
5	0.09251665882560052012 0.19861159806139352946 0.12544357259519053893 0.06012198126758172556 0.23351725901893247150 0.25764188970425805358 0.03214704052704288328
1	0.00717082525485888793 0.94818252085545307040 0.00446100993457030151 0.00805965296309489425 0.01029390672785246603 0.02004207964209911777 0.00179000462207146009
1	0.00051581565920309541 0.98438334166131835623 0.00554047327764966863 0.00091652553926432326 0.00074222738852800158 0.00676788396480209730 0.00113373250923402380
1	0.10870135418617962730 0.56544886802541938220 0.14067976897443085216 0.08143761843144438350 0.03756510174026027327 0.03009872570735797059 0.03606856293490792037
1	0.00272804062676952142 0.85722481419958063142 0.04198639072900884478 0.00075467296812850224 0.00180564836445648537 0.09353173063127998010 0.00196870248077582639
3	0.00327343200617760243 0.00828372268038784186 0.00241912643371416849 0.96868844052255664856 0.00412048602061720025 0.00506379358143691644 0.00815099875510931840
6	0.09047761451628498486 0.03556698356451809540 0.02521658707632270721 0.07224064148706876853 0.10577934708807583408 0.01882650590045180025 0.65189232036727773334
3	0.00254495113492221505 0.00266960586297713791 0.00007218645231929216 0.99435973116289599893 0.00012251360761164786 0.00012379231749317073 0.00010721946178057570
1	0.11394339070257691882 0.71766395839328811501 0.00161061416552224263 0.10017408535035103589 0.04715832818130251403 0.00309623856371004421 0.01635338464324917473
3	0.00300927561016624398 0.06951961377183633883 0.00194280338943721024 0.85648212166262271960 0.06557157895166851325 0.00064323840524514850 0.00283136820902384892
3	0.00840630258163766082 0.01238398671550819223 0.00041344343874094222 0.97508616055112329324 0.00181607222808588520 0.00019963135681337022 0.00169440312809143430
2	0.01138764079859752587 0.07296416704115632479 0.46765287661706406164 0.11750846988015617445 0.02644279216519418441 0.06881994695057924716 0.23522410654725264822
2	0.00113112916265274742 0.00716214434093995645 0.98760874252804986551 0.00043973675241085566 0.00170570117498753098 0.00116864632930546676 0.00078389971165397122
0	0.79864130612681616395 0.00309383642001798435 0.00594267649214987558 0.04481494166679896723 0.02252589386050166467 0.00772233394700313092 0.11725901148671202812
3	0.18748332508528509077 0.02432437579454460944 0.02804054455891738171 0.71868234405082387362 0.00814542966976555816 0.00076396339405762680 0.03256001744660613761
4	0.00098602581591226480 0.09877445502699891411 0.00155268976814698363 0.00114380280819219781 0.79505189315617463830 0.10074439844936527999 0.00174673497521012490
5	0.00063450585795734151 0.01519319512164958412 0.01981898267684151227 0.00022066285614440772 0.01764955446850759863 0.94071399866960780933 0.00576910034929136676
2	0.00850486090488273595 0.03642759092109409957 0.80515046477430785021 0.03374555479651598910 0.06203355798042495262 0.03620491351240787137 0.01793305711036597555
4	0.10750221489461284086 0.06923307231878983448 0.00168050969274896015 0.01158778820822441852 0.65494175804859455781 0.01813565734209681909 0.13691899949493224753
1	0.02526036087867916322 0.86284090780051581060 0.02744827123838814928 0.04079967513471288720 0.03743634467303384727 0.00523116714282224372 0.00098327313184802382
3	0.01630204816874465668 0.06266014619438253774 0.00581714607505318462 0.90621516776425525830 0.00151472055654154462 0.00571008892958414348 0.00178068231143759903
3	0.00751941484097165980 0.08535117248405899026 0.00170333086346809051 0.89664500771375843513 0.00215104136644662892 0.00541569743278220907 0.00121433529851350925
3	0.00257622324923630292 0.00873072477918710593 0.00124550745440386401 0.97240447598183032962 0.00145494480385282665 0.00045473762946428233 0.01313338610202541452
1	0.00528239071932385708 0.97479022160932593533 0.00080672599754455889 0.00126644657687073159 0.01544387845555990693 0.00052587375977624490 0.00188446288159977728
2	0.00000477309385969581 0.00001194926788241578 0.99980480342590039022 0.00000190280842526224 0.00002112496093858314 0.00014409516347121062 0.00001135127952212476
1	0.00022574696159216706 0.99618525832903104256 0.00090938370543644227 0.00158249246876995949 0.00016770873915853947 0.00077398637865904677 0.00015542341735355527
1	0.03493191631323427915 0.67696585348137294780 0.04194137625918969298 0.00570453209113714298 0.02877448452644189303 0.18007925979631608793 0.03160257753230853728
3	0.05387641906573386458 0.34463761963792693965 0.13022467125938841370 0.41925151208284405779 0.01994846691311832551 0.00898656455358546984 0.02307474648740233392
6	0.01596459488328840631 0.06293704148779480367 0.06602775962762705286 0.36647980024152221334 0.06305754649675936185 0.01310758918277151949 0.41242566808023695124
2	0.00011321621245148642 0.00859801904955225828 0.98579514727805650498 0.00244384401222344375 0.00002187091111878333 0.00256963651351817084 0.00045826602307858346
1	0.00098552312152701120 0.98224818524705370670 0.00141311508369708133 0.00256388167105975166 0.00116243615524588015 0.01100316539179996972 0.00062369332961546365
2	0.00005661054522499296 0.00674946847182944943 0.98378633309779772720 0.00034213872388884537 0.00111310097671236453 0.00351089398043541012 0.00444145420411109007
4	0.27315343825330196115 0.04299373343987298451 0.00964691550406528847 0.05326039368373702149 0.29279897539130944617 0.14301612531666513251 0.18513041841104824203
1	0.04417840831217287323 0.56763357546782777785 0.00882033068024073476 0.06521466110704628172 0.28351086253963586614 0.02544242544362305264 0.00519973644945355765
2	0.00440885721132104266 0.36258915500226202022 0.48105631053909136963 0.06579663386340084408 0.04967089333973268711 0.00484933558107292998 0.03162881446311870126
2	0.00063695694659112855 0.04972926130707566728 0.94577748587148124937 0.00206819186190356679 0.00069304053283635633 0.00090639767741834058 0.00018866580269308902
1	0.00015935645637273039 0.99096929219294427327 0.00489145218499916715 0.00084899283101985397 0.00054779332434536315 0.00253510207005892656 0.00004801094026081111
3	0.00202975074768175102 0.12535998960455682627 0.00089138194869534853 0.86948825872062307507 0.00024422678560933220 0.00009278907604553003 0.00189360311678806988
4	0.00628295029209431123 0.00343777763500503460 0.00296591769255548409 0.00434702174163720343 0.98140834696770584689 0.00021355610355317249 0.00134442956744846806
1	0.07896111097442207183 0.37054965662189426334 0.20369159940473333115 0.17625150736465253209 0.07701540046156989117 0.04338265046971311045 0.05014807470301491793
1	0.06277880990201685496 0.41792131657115250132 0.18444468833126237417 0.08850293633283302930 0.03240637920295753871 0.08043646811908926331 0.13350940154068868804
2	0.01048347506816097591 0.08615871151505880010 0.77553852039426562914 0.00318644045133425471 0.04345834149021489401 0.07166923061902748249 0.00950528046193798923
4	0.00004037849756854963 0.00011010235098044276 0.00001347008754616246 0.00016263882694635143 0.99964118916089039768 0.00001594205479891866 0.00001627902127018726
0	0.73486185645599932936 0.01714985354493044761 0.03285396843957710811 0.00232380183318534614 0.01301435045655969548 0.06945598024489163524 0.13034018902485627889
1	0.00731510138691063554 0.91361440848106001411 0.00987250801207480155 0.01264337565079446182 0.02273617894465426725 0.02879679832351207669 0.00502162920099303006
3	0.05124976241559228707 0.08090453511470549475 0.01102888591089637785 0.83557409025185391815 0.00861348942919555431 0.00596642802528583004 0.00666280885247082493
3	0.00048806018022565088 0.00058504452873130728 0.00111304129561250534 0.99713112506403323021 0.00034881963246443249 0.00009910820981961813 0.00023480108911274120
1	0.31253753880054518932 0.43434866623999146551 0.00988943104444203400 0.02336099359077872806 0.04876763919865489960 0.12294921090958271792 0.04814652021600488579
1	0.00738937862154394939 0.93406513739290442100 0.00323258132875620628 0.01746388675391965725 0.02714244997148021823 0.00027933082342670464 0.01042723510796999230
2	0.00693663181084596629 0.00856280956948089235 0.97356457815948926893 0.00230443841190714404 0.00747089095080959078 0.00078370384788718284 0.00037694724958030465
2	0.17375384081861147689 0.03774585012377155296 0.58792317155963158548 0.12053073048182995353 0.04026094712866235686 0.02559329780110891975 0.01419216208638431238
2	0.00131267744681042280 0.00005967977402839624 0.99722713248822836274 0.00097144036250181238 0.00007374426360693895 0.00031702230064281791 0.00003830336418181065
1	0.00072470366029371710 0.99015303228733131391 0.00212795733388672402 0.00264225429732637025 0.00138956382591102589 0.00014202573152534680 0.00282046286372566578
3	0.00072684144007855692 0.00135345589366047628 0.00077939301202851726 0.99688817683674768588 0.00001661257300319095 0.00016122718212054565 0.00007429306236044994
6	0.00328179503153494404 0.05061922054596414144 0.00480729161678642315 0.00491475442472758244 0.02254559950277663927 0.01195906685871071969 0.90187227201949982103
4	0.00115942326262289644 0.07671750359006018760 0.03150184336788051931 0.11689644396692294714 0.61374164011199627833 0.00192750176099620754 0.15805564393952167834
3	0.08375613188778871510 0.16922438989851953939 0.00838730494621347904 0.69390698966891328769 0.03965417636307255744 0.00161257394080312807 0.00345843329468910679
0	0.75385004887317252908 0.07945384534285888922 0.00880154203806451235 0.06553715087575374965 0.01972880520268867691 0.06422231214794361931 0.00840629551951815358
2	0.00128875939700288933 0.11013206092310118267 0.71099524168370753507 0.01021624370690998179 0.00512656865104760447 0.15962161209195063760 0.00261951354628033820
1	0.04584039581129345509 0.54560868996421141297 0.00657281231505427339 0.00351616204366521617 0.21358299382680548395 0.14106109498436755767 0.04381785105460234142
3	0.06843277442124194587 0.00684421468182514012 0.02540294898235968477 0.53619968843048171347 0.23776017069559943207 0.12273595570697842794 0.00262424708151326068
1	0.37414605137886902675 0.61328072777095787860 0.00082475872512532814 0.00194071049565317953 0.00449422242100672078 0.00299232781279308580 0.00232120139559451781
3	0.00004567898284723822 0.00004338226895659411 0.00001278762611674055 0.99983032315127207124 0.00001103593087046406 0.00001784069369465912 0.00003895134624086396
3	0.02652576446683375597 0.19425478992957187496 0.06002205242032217919 0.28588653207281511381 0.26663402513704953511 0.06759666139307735078 0.09908017458033016589
0	0.83501102939649962664 0.01236386007196923521 0.00341281817946205782 0.09153529475638180757 0.00565128191607616390 0.01308475026966018744 0.03894096540995094224
5	0.08762257613371762788 0.16535380088828435796 0.27428202888601838083 0.03266780120465161141 0.09442634527330043270 0.30796601143065349682 0.03768143618337419648
1	0.21090092099451407393 0.50734839161681322128 0.00408617702752375571 0.08184589892662408328 0.09595216287027961977 0.09036018213018666423 0.00950626643405837017
1	0.03776792409177949505 0.37225834909022287311 0.13061489178048993343 0.12480837940790169560 0.24044897813095192363 0.03974926054914557083 0.05435221694950873039
4	0.00408724708644396875 0.01595135444401912447 0.06574924053468025886 0.02734675844424828972 0.65911153060260829761 0.20069584970326426188 0.02705801918473605197
0	0.84275127268104488287 0.06368944662284653502 0.00728059290848903033 0.04678661167950723399 0.02496904051892453666 0.01283656453124953217 0.00168647105793815898
1	0.10404789624064980647 0.82628690995059272950 0.00381937924949914739 0.03692098494158314870 0.01262003932282490179 0.01445480950075106810 0.00184998079409906839
5	0.24152174340395482499 0.00355103583386082600 0.02660846878733904436 0.09403253109072053084 0.01076233692567794137 0.61093930246307648346 0.01258458149537056148
1	0.00001777012671327867 0.99718712562291300650 0.00035647945679040112 0.00064727056003381102 0.00028281530703016367 0.00147456928876029585 0.00003396963775758313
1	0.27155794965079005365 0.54763296534708472141 0.02626003850652210495 0.10151707492913247810 0.02267994351273402986 0.02684138068279364603 0.00351064737094306098
1	0.05293625651981288122 0.68411982361951317877 0.07369616777707507782 0.05849664870102888603 0.10292027745013201945 0.00229193909126085022 0.02553888684117691654
5	0.00239307279198108921 0.04069396194663014305 0.00532538612371155975 0.00191011015126886139 0.01327758454691096469 0.92719438646183927055 0.00920549797765857040
3	0.00133325121560300933 0.07805465587986891440 0.00044351725219738232 0.91165961936410500055 0.00743207874211877263 0.00061196862432668134 0.00046490892178053687
6	0.12251496161823786923 0.02088633980154369976 0.02304791314079430997 0.02818400194444381154 0.09146346118107955003 0.10735209372306667164 0.60655122859083410169
2	0.00002603779067582202 0.00015505851603057929 0.98571151141655832806 0.00145542302998806668 0.00427075301635324468 0.00255344520211421913 0.00582777102828114287
2	0.00214027305026704730 0.00244138393325157594 0.99457339697358837505 0.00036331141847656195 0.00026358797336828714 0.00019144936691892312 0.00002659728412930908
6	0.05818209297876700270 0.16401647883338432710 0.01687503146850281160 0.06343761619148290121 0.01399868725773177093 0.11210647999154531307 0.57138361327858566696
4	0.00015578975605610131 0.00576429675372360385 0.00148256538356438786 0.00309766740048469458 0.98578803133906434120 0.00309032727697618930 0.00062132209013161528
1	0.02410620050243077184 0.76728561553894236713 0.06827375019742412676 0.06365580801259514143 0.02426111707587661273 0.04146196629441934595 0.01095554237831171396
1	0.00182058116132025353 0.97812601429508505557 0.00526967541410090865 0.00755349682903017332 0.00081014533241353969 0.00560800475085626408 0.00081208221719402632
1	0.12179207757096301157 0.32795139171653442389 0.14853284578723660592 0.20807992045347392662 0.04464576924279072684 0.03518968952933158173 0.11380830569966968180
1	0.04794154779902824737 0.91688945462826543231 0.00081228996197814363 0.00829893614788441460 0.00569389100971565056 0.00220563550489508804 0.01815824494823285382
1	0.07853558085192320626 0.66663431987526200473 0.04563029981031906102 0.14511506917752681201 0.04629161905727860460 0.00538916379463273698 0.01240394743305710777
4	0.00083619259132003887 0.00034506815486662275 0.00097860221830871905 0.02668525733200611053 0.96870554447782830643 0.00033059378627165901 0.00211874143939850493
2	0.05968936016656478660 0.22038759105977004382 0.46915975010583610416 0.09899367540518726194 0.05774054953981962168 0.05261224023314046289 0.04141683348968180911
2	0.07214253453040586628 0.07250458902231536606 0.69700475733600364414 0.11084022416035671510 0.02173263308316972578 0.01038200512631871388 0.01539325674142980743
3	0.02063718580431668850 0.01195195800564187796 0.00112489105440498945 0.96513785147211017534 0.00015235808537001304 0.00084997832601107191 0.00014577725214542778
2	0.00277234364003045792 0.00715335366628636841 0.96549051097547866629 0.00108911367596601825 0.00036453649580227732 0.02175080703119844361 0.00137933451523731968
1	0.00428016910458939304 0.98548864838648775333 0.00122307861645997145 0.00070978043915657636 0.00129702794433171121 0.00038241591744808397 0.00661887959152659359
4	0.02301558102179332432 0.08892211241866894433 0.00671515416903983343 0.00996579107636122452 0.79915633697543020375 0.01570352604545026051 0.05652149829325618657
1	0.00083746805346996420 0.99797358806376790241 0.00084242060292887108 0.00020299344997925375 0.00003267005651580393 0.00009128353791348031 0.00001957623542404797
6	0.18570202507861180430 0.05008274670630909198 0.13624633522501489180 0.14378356523453772464 0.20600077030395996802 0.01682657458444622445 0.26135798286712036420
0	0.94564515789692893399 0.01387293303303295186 0.01219515035338905248 0.00811949553960813683 0.00925636946990284447 0.00807543926826412121 0.00283545443887377527
1	0.00022903824801732671 0.99953360991246664735 0.00007588293500308471 0.00010350382361242914 0.00000276873507141162 0.00004987480488222619 0.00000532154094837782
1	0.01362530135251557341 0.95402611828541727945 0.01274013416560410179 0.01029917858449169374 0.00723389234251104168 0.00112725320619545691 0.00094812206326492046
1	0.00278693491437817650 0.98528578910942787861 0.00034968425032044044 0.00054212711643899267 0.00043329746947737757 0.00956954764056871902 0.00103261949938788112
2	0.00009420628036112121 0.01259791661473747514 0.97009120323160202837 0.00078451940429605281 0.00084498785630471751 0.01541256530341965185 0.00017460130927884367
0	0.44972067284393418829 0.10712673040542777803 0.00668381663309274444 0.22174981885278741145 0.02718296890541315597 0.00811574953156005661 0.17942024282778462618
1	0.00018050712656175475 0.99758783279116303166 0.00044692307453070046 0.00105531334593332560 0.00007190620047143375 0.00062414765235096971 0.00003336980898873136
1	0.05613823186203022175 0.62120222193119611909 0.00954749290471557446 0.04759208997778718170 0.08913727274972921277 0.03963257803610605035 0.13675011253843563641
3	0.00041512038449064288 0.00237211865384840542 0.00231132097728199357 0.98933613632699046736 0.00020961124242883028 0.00503951166884104938 0.00031618074611931569
1	0.04900380223699062759 0.68106714522180189508 0.01958664075450608152 0.19670736497263460740 0.03847884466667485237 0.00805710867137389083 0.00709909347601827244
4	0.11608963633518683267 0.07303996830655687389 0.01603306395495929237 0.16028080298949079485 0.58221990127858036512 0.03250457770308174538 0.01983204943214409918
2	0.01297149142188227036 0.01884468192113782428 0.92269362977921676183 0.01288656933184443611 0.01299661083177239447 0.00797575228396241002 0.01163126443018317087
0	0.96920185063029173911 0.00934474608935024695 0.00140209231571909645 0.00233894698766642451 0.00246650565662681230 0.00265733546075666268 0.01258852285958923269
5	0.28414092051082079360 0.10668473664310158810 0.00824458336744309829 0.11140506415168230370 0.00479041107685761018 0.45045033039910858941 0.03428395385098620407
3	0.03062678300157025552 0.00764135661045842532 0.00198338054091863787 0.94588582239768603799 0.00491651245518374101 0.00601683426490825287 0.00292931072927516897
3	0.03244949481179210810 0.03355416861252124433 0.01036478351170206855 0.91594197952456923861 0.00475717346999334975 0.00105699475031616349 0.00187540531910581265
5	0.04925503829361141395 0.38277409811057855338 0.00810585089436475191 0.00385618359076183486 0.02096647826640005499 0.52146337014299848356 0.01357898070128490606
1	0.02117487809933691831 0.84972048000762945286 0.00427211657436040847 0.01701874116024389844 0.03589023018347192728 0.01978900581306061029 0.05213454816189683205
6	0.00916558404939060538 0.00263353763808608530 0.00180577721775600176 0.00277172237956567133 0.00311381247112898531 0.00277728878498924000 0.97773227745908330988
4	0.00362890350095544439 0.01012377081375658537 0.00443072860029484691 0.00920489097976044147 0.96792573089587996549 0.00063424490657398294 0.00405173030277914976
4	0.00118408318604137095 0.00303392964307165787 0.00208655442244433951 0.00249477938773865447 0.97285465574136720246 0.00767127648441728524 0.01067472113491879128
1	0.00276933971286689225 0.99229728228159608250 0.00068258357868629762 0.00051839496571392889 0.00008722210832050532 0.00359210858104228124 0.00005306877177329502
0	0.97606618984801907235 0.00130274643316769813 0.00078666008145248842 0.00581244047569721544 0.00756020803367660893 0.00595397482667791439 0.00251778030130914458
4	0.01534126874023331553 0.03118593467732824406 0.05962700144424576409 0.01476809706539074750 0.85767236826419224194 0.00985802121494716577 0.01154730859366312999
2	0.00094596820714629550 0.00009926764334518010 0.99438746400419220084 0.00007166579963927829 0.00195070739801006445 0.00163814664664882893 0.00090678030101806870
2	0.23209919714600404927 0.06711603742004737527 0.45814080679554353148 0.00526670626140718010 0.04186476185642501457 0.17007675772630406752 0.02543573279426851810
4	0.00353812504729863466 0.01372164109081676527 0.00377097641944865126 0.00107556860333431550 0.92142539635284292920 0.00697854258546726051 0.04948974990079182956
3	0.00165102193767727688 0.00625096085710144089 0.00073094534041711755 0.98936693076884640874 0.00077592489755354678 0.00027338171001250669 0.00095083448839086270
1	0.06331223098107478797 0.51456054597017253371 0.00346916769016191503 0.02456183333920141862 0.32457319601409723164 0.02260995475591380532 0.04691307124937828255
1	0.01001281577972334275 0.94265804593364654895 0.00489097761000347950 0.02894274135005606499 0.00111914194074778624 0.00389260974030818064 0.00848366764551424304
1	0.13444309728284378758 0.56904192714129542274 0.08083365265374738151 0.15800609563147355319 0.02102103356022255731 0.01659086287743010910 0.02006333085298735511
2	0.00101067969308406605 0.14947722691237080861 0.82623450150973887229 0.00520314695562454615 0.00575540264152140865 0.00798012305501214977 0.00433891923264797131
1	0.04654874574801982912 0.57114438410046242112 0.01822319882515174849 0.09552579920087728160 0.11036508520394799904 0.14305715906166449614 0.01513562785987627134
5	0.01269934920134478847 0.14880765210578250635 0.00430355859748374897 0.01964032788947479499 0.03596199745638956058 0.77062601807559816258 0.00796109667392630622
4	0.00065071996553546551 0.00033923144699452777 0.00008487915275320055 0.00088617047283835986 0.99766189501179036725 0.00009382386460847063 0.00028328008547966925
2	0.00314575474837151597 0.41741764740767245412 0.50971493551179314352 0.00214327595500240142 0.00069785338818375523 0.06482854274638287506 0.00205199024259414449
1	0.03141781993184614846 0.26174979478997695281 0.03431616010523733107 0.19478573084526681902 0.22203036170178791497 0.22542288144961591945 0.03027725117626858808
3	0.00990824908153726744 0.00797478923710067886 0.00697223849349142347 0.97189299612674251438 0.00057470418606213878 0.00217045703526484463 0.00050656583980083862
3	0.33677735116157897499 0.15107692245711226708 0.00457733611485821364 0.49817593375883528761 0.00175176845150521159 0.00569176706155626305 0.00194892099455385597
1	0.06474504322580627858 0.36885587532333019567 0.02074563258990241160 0.27645050936487136628 0.17917704386732827282 0.01240391101075612006 0.07762198461800527693
0	0.83248464387470078041 0.10950274572994712907 0.00773809405813384674 0.00663783778942773645 0.02614227012618943954 0.00783879079634361431 0.00965561762525742398
0	0.70243736974099324488 0.00339233252161380170 0.00071326967672492522 0.00081509972600572799 0.28818214539271441721 0.00039636188371148877 0.00406342105823626672
1	0.00009318965954220521 0.99062693906510956854 0.00075176423437331907 0.00614945971030643381 0.00148465882232612736 0.00060859697978499477 0.00028539152855919952
2	0.04979008420488813258 0.33403607633974941038 0.40331448832322286391 0.13111065180287051479 0.00061708517777397042 0.08001976179692607549 0.00111185235456905704
1	0.01473748493954827980 0.93264712822729478603 0.01835121625575729734 0.01786320394214087684 0.00292358202985913826 0.00813862465112212725 0.00533875995427735787
1	0.00467365283116127472 0.85982510997938343955 0.07629067553410782965 0.01541731339507244024 0.00302616972897523390 0.03787286940822391645 0.00289420912307642234
4	0.07331195597810671871 0.01487755040194336034 0.12407296285513724765 0.10165072190731100354 0.66631009486174008760 0.01153579643841085543 0.00824091755735084468
1	0.00229027215323020315 0.98461167154142315017 0.00065678349015473665 0.00626008873167746387 0.00321049934960600724 0.00275359247400492344 0.00021709225990281525
5	0.04356797173633970149 0.08259159116520223276 0.08841735609635152648 0.12156560608009467361 0.04177055248616907968 0.61933388685798751450 0.00275303557785516826
3	0.07066599435615660008 0.02368388367034906378 0.00117179377024783640 0.90188938525410511371 0.00075325592115902686 0.00084034891347204528 0.00099533811451002810
1	0.07951419252396113579 0.49256191583037123305 0.00849537956987681322 0.41222608150218659206 0.00297534070995041002 0.00368331045465704809 0.00054377940899712110
3	0.00566514456056248401 0.27265750564309759740 0.02064700479040376332 0.69980597318500903370 0.00014562763535570748 0.00023179602896904509 0.00084694815660248883
1	0.00659716337772232528 0.88561201023334545912 0.00666799203396662918 0.01443585281177421457 0.07959311573981429910 0.00527887818505762708 0.00181498761832002702
1	0.09158482782967916624 0.76097951651458861644 0.03966414572956723783 0.06984019065408279825 0.01374564682871750460 0.00480321299595179007 0.01938245944741303489
1	0.00155390914498479242 0.97874039478069940756 0.00533127743270039346 0.00496732642981292678 0.00224439264158750838 0.00277839167988532714 0.00438430789032946168
1	0.00005604281991875692 0.99760697383329632881 0.00090065111084094887 0.00101289004365965490 0.00007751486248919622 0.00027926364603863722 0.00006666368375618901
1	0.00225083428327982121 0.99175966638538048947 0.00137662970521622643 0.00278227181054991821 0.00056141974788292894 0.00115115272493831696 0.00011802534275200283
6	0.01673742656382688071 0.08950340242475834929 0.06980893141995624107 0.08199172939641992397 0.10642529239729313362 0.06031367950737381856 0.57521953829037164585
3	0.00000669698655924337 0.00000288461845768873 0.00000155880112513763 0.99998710826407355423 0.00000027910675620838 0.00000109787999450187 0.00000037434303417269
4	0.00640387967346650339 0.04702021428450759571 0.02223031213231939363 0.00130703499353974884 0.89088234535509891465 0.03132373166929806885 0.00083248189177043369
0	0.87521936711414649590 0.02184706489499736726 0.00670924835625993660 0.00007841993323906267 0.02288479597211253228 0.00316739067759014411 0.07009371305165430777
5	0.00820614901719816242 0.00659493729444409794 0.00062353167893614188 0.00082257383745651792 0.00944764157094943671 0.97004749578003190980 0.00425767082098381031
2	0.00002223518254093694 0.00045252783574178197 0.99765527020829425364 0.00022014673511962558 0.00030931097045771520 0.00109134532767306259 0.00024916374017283524
0	0.77186013671242703627 0.10586506291855306283 0.00380769652541409782 0.00763107141324644803 0.01689222855554060529 0.05448175374612564126 0.03946205012869303391
6	0.06996410016881469962 0.00124583296466348136 0.00886840756309657287 0.00107924856468387875 0.00152760139071431156 0.00026009119028657166 0.91705471815774064481
0	0.91178104974402363059 0.01732603588225396785 0.00451960338115780201 0.03812135115272850816 0.01408494481356250411 0.00357002904237751269 0.01059698598389600260
0	0.35035049314420269040 0.20515983322435474290 0.04338870914702962212 0.06749735428197312093 0.18832434655816834845 0.05752919457971929218 0.08775006906455207201
2	0.39199479396006392529 0.01138454214264404858 0.39867415450204124472 0.00827472827784872175 0.11169761732190446046 0.01997579351313398532 0.05799837028236374398
4	0.02261227668695136445 0.00394697126163384617 0.00049939392149295897 0.04419613043132530894 0.89026886538739591348 0.01507380267350252358 0.02340255963769781802
1	0.06961573966243364553 0.65147160731079611917 0.03986814895917253909 0.00130738263661853236 0.08517411571269616066 0.14131695331769159041 0.01124605240059134252
6	0.39035001322096996024 0.00740189151681815496 0.00627269136439453055 0.00322681395088441183 0.01877751883085850004 0.01748054417309164929 0.55649052694298284383
1	0.00077666813320171040 0.98836175118967362074 0.00150337110836422220 0.00838300461104501612 0.00013848951890451126 0.00062637520917023656 0.00021034022963978732
1	0.06447079137946135075 0.56431576773018699011 0.04305594532204937847 0.16345089623356170994 0.04563112773181984827 0.09961415035391517347 0.01946132124900536164
4	0.00216096437229732104 0.03375925971010337173 0.00553050094686210591 0.00883701706215795323 0.92612873923784855279 0.00384418974934268342 0.01973932892138860820
1	0.03349125338343378333 0.86782293477364025325 0.00298642809013342130 0.05930817878125595882 0.01320669233069391574 0.00945698819160283727 0.01372752444924029390
1	0.00679285257749521858 0.77103088965067334559 0.08604033024191076739 0.00257631360593047311 0.10086566577070910089 0.02857468229404177065 0.00411926585923937712
1	0.00021971012789138639 0.93259655580668221475 0.01149172157794051304 0.00530990893490126264 0.00049868048938076588 0.00304895621554340671 0.04683446684765905227
2	0.00695955254223098833 0.00391144569715949110 0.96833962883086177609 0.00068716800289416510 0.00328118258847866131 0.01509685084759323885 0.00172417149078289700
2	0.00040929465174567082 0.00151077640519797817 0.99624691930324837941 0.00051207776925412947 0.00063540463089558578 0.00030801426849074977 0.00037751297116844507
1	0.05767423539008868782 0.53605181236138732537 0.00394084158512245705 0.39866176854165713550 0.00163129072561601419 0.00155980136210840466 0.00048025003401945895
1	0.05121416673687032711 0.68978992332359712059 0.02467591742606102881 0.08668745489988335939 0.05083897440840491611 0.02872336476799629279 0.06807019843718688235
1	0.16917351929685700562 0.28568538917623226281 0.10017325832617474113 0.09269284351357412466 0.09927863640306792969 0.18153916626528729394 0.07145718701880629520
1	0.00074394879116319250 0.99836810602236669698 0.00016418896498725550 0.00056493523328514058 0.00001894129234032341 0.00003209498355821131 0.00010778471229833411
2	0.00470881016073962811 0.04267958078692404844 0.82050157041337024033 0.06184578792059523822 0.02353878788424020041 0.00403743760618297497 0.04268802522794833826
3	0.15826064751835192124 0.31435682487272664787 0.02370726772372001856 0.46672095670913732457 0.02942453473565118799 0.00293033372048850677 0.00459943471992446153
3	0.04392984058677744386 0.12118813941679421053 0.00513776691054366932 0.69214955593916904775 0.12449825064102475192 0.01038655195232205015 0.00270989455336875058
4	0.31522879448786139678 0.04647603686311561205 0.02674985808413931146 0.00771931192545899543 0.34297268264571095786 0.02873046476980393310 0.23212285122390977077
2	0.01737840548038322927 0.00529155075403010561 0.52184403871519158269 0.01306044106882870218 0.00743094981747085756 0.43226461959379008926 0.00272999457030631814
1	0.04567631274708555678 0.72707805911394751686 0.03681941497082381193 0.01233313542790460265 0.09200765342017627746 0.02883473561655786402 0.05725068870350454725
5	0.00417566466323314022 0.00023385617552091470 0.00035887806129718833 0.00086481055729488822 0.00052320719128338869 0.99345496090621565610 0.00038862244515471976
4	0.00000759750141566952 0.00000254896892936229 0.00000340098628731007 0.00002048586619720386 0.99993666258195146312 0.00001995095495084882 0.00000935314026701658
5	0.02723395641615049614 0.06862490119493983021 0.00704225219625598600 0.01331182817290994282 0.01657680381510214657 0.84958285630569385649 0.01762740189894767065
1	0.00001772994310597043 0.99907992737438167108 0.00025623018716467474 0.00040652618552504215 0.00004485426179311753 0.00018566420581915015 0.00000906784220983198
0	0.53978909938772223764 0.00102003832267707280 0.00042506703684362771 0.00931061607466892628 0.06611856924820011527 0.00032295401531751914 0.38301365591457053883
