4	0.00386689129201302868 0.19639684684053845820 0.00117553908538426213 0.00134611706961949981 0.79077347137322984150 0.00202583121470796849 0.00441530312450674929
1	0.01576298200426168999 0.81149936861065796734 0.06051343476245717862 0.02982659416023815749 0.02288635904637055865 0.04195266900791969067 0.01755859240809468785
3	0.01087306173292153927 0.05732773093190993152 0.00048242318088675875 0.93005409550098572247 0.00028204652965256957 0.00053214488303211555 0.00044849724061129815
6	0.01931797739890158891 0.05090706033230334160 0.04190836085599466965 0.06413994146842101618 0.03968960119655361857 0.01408765721493416764 0.76994940153289148643
3	0.02274193982982212342 0.00427732231710506797 0.00348095750321691455 0.95418169286089093983 0.01300930458941940496 0.00028019205256841280 0.00202859084697705645
6	0.15730671240922716736 0.27851929574924044752 0.06859730290250103113 0.06829059569598429358 0.04393475845097719740 0.09095437506538640859 0.29239695972668344748
1	0.00112620742270022264 0.75023547510736032784 0.00264229903554841520 0.24354043979600822900 0.00087012307665776866 0.00035612509827894374 0.00122933046344555954
0	0.66491591876565381281 0.05322474386280914849 0.12228503242273888740 0.02241267553530380818 0.08138484942863705163 0.02726934630612929539 0.02850743367872815570
2	0.00041786757287333502 0.00086093384722479697 0.96940655708014844549 0.00316134224404354810 0.01158202918417124139 0.01143156122012342103 0.00313970885141629571
4	0.02278073327250816973 0.13111374995520416742 0.00704495833336437390 0.01811719565504838966 0.70716884441009020268 0.03814813352058168267 0.07562638485320287429
1	0.01430684070112147981 0.96155372886275458644 0.00445516618955857282 0.00449847032477535859 0.00991631212395165280 0.00409427406336747811 0.00117520773447082915
1	0.00023113554856498523 0.99554582598513541303 0.00101122773218844091 0.00042912009847460598 0.00072054397837994057 0.00192224574891233096 0.00013990090834372902
0	0.91128052886233390506 0.04815074406050819794 0.00802335176030313617 0.00456056377927732681 0.00994840442070639604 0.00818677822057304466 0.00984962889629779036
5	0.00025085012654982162 0.00130600105045238488 0.00024337289286295192 0.00532758198152685769 0.00722311992838852064 0.98522034622192988795 0.00042872779829086310
4	0.15078696400602970007 0.15289363392316646095 0.00512249882486154415 0.08440822911656069294 0.57126412132406734212 0.00682457791984218860 0.02869997488547162620
1	0.09346316982343375046 0.79736253658481170969 0.00200280726623563434 0.06594258110630110692 0.00497017554324024474 0.00587066943275102622 0.03038806024322589228
1	0.14926393144168240146 0.40753560167426822192 0.05525854107139816646 0.28565631702121008217 0.02315969181840495800 0.04221646153416191288 0.03690945543887403507
5	0.00039601710610102464 0.00004468291760009631 0.00025977385050779503 0.00803039218731772288 0.00014128526663090041 0.99104218873334692930 0.00008565993849601430
4	0.02493447165049962957 0.25553504890156131246 0.00680288595400568158 0.12524902941982418714 0.53672957585519909252 0.04304749622646428242 0.00770149199244585247
1	0.00551846555344937591 0.96870772892801992882 0.00281506676753752200 0.00335195915123196646 0.00101044146321524995 0.00994997574241319148 0.00864636239413217426
1	0.07940909675359146547 0.30512759911872072704 0.30235325499304105401 0.25166271140445239940 0.03154176448767906371 0.02007840158685305493 0.00982717165566269341
1	0.01623526097226660192 0.55366713123571698052 0.01274992033042909867 0.40315332395495784290 0.00283011498986559173 0.00316627319932769220 0.00819797531743583427
1	0.00078791406251837895 0.98684478332157110625 0.00051317717337753940 0.00115005912832279113 0.00060103736610155815 0.00820700272174169389 0.00189602622636708923
3	0.01127301651936066761 0.04674895553965264378 0.00436131756687114288 0.90527393940492706381 0.00137023021391181584 0.02508451806650424318 0.00588802268877174333
3	0.01908212317952898140 0.00184614865275726939 0.00008534194068186530 0.97756633150853311509 0.00118698688418714506 0.00022680865763124146 0.00000625917668065127
0	0.39899830185024132145 0.24546521065002643858 0.00918223606779029929 0.11653631508162420882 0.02335885622642338080 0.15748496007841125688 0.04897412004548312714
1	0.01415108076505926411 0.91093682024892352889 0.00022142549329272259 0.01033386490376735772 0.00230144266665270342 0.06179934296752208345 0.00025602295478313202
1	0.00950481943682010902 0.74627486166796952460 0.02011227496852593596 0.20247726462736542752 0.00231572001532951268 0.01664590917666818048 0.00266915010732192990
6	0.00016859850897746478 0.00062406495113015968 0.00389275813112955910 0.00054013059251086675 0.00044075950808805724 0.00022142509521038084 0.99411226321295398378
6	0.01287217329443021002 0.08003103681756036647 0.00921229969719171427 0.00419967866664905376 0.04068716661874881985 0.00567178697929980689 0.84732585792612025166
1	0.40275779817029827568 0.49001964030558348151 0.02635975363987349759 0.02368598054883669021 0.01877838224300483472 0.02493930011457615864 0.01345914497782718829
2	0.00027207593085429494 0.00343119160702168129 0.99293743021274660787 0.00203474204478384111 0.00040612126412206375 0.00063675497809095654 0.00028168396237806918
0	0.57544436404955845443 0.27611492334296733331 0.01388990108693172014 0.01382381899209176798 0.01925561282674928890 0.08902501367075724148 0.01244636603094413999
0	0.82533831372711585761 0.00748871580005600751 0.00057414625208063782 0.08293899709846806745 0.02211436824933398632 0.01309942490057515625 0.04844603397237039200
3	0.02055046949652097193 0.05681381379566997902 0.00076515217540908554 0.89098506909081931493 0.01175839026349318264 0.01467522574119191001 0.00445187943689587858
3	0.00020479085068042315 0.02086394475123975675 0.01730905593504781376 0.96096343445275378414 0.00034800859392603191 0.00024237399849923546 0.00006839141785350152
4	0.01457865831821540843 0.02864290408283982903 0.11238864372700760330 0.00322656194497967673 0.80239775578862126970 0.03573519958797301277 0.00303027655036357691
3	0.00026384670644420959 0.12344331175720704707 0.00114723730423274962 0.87095944560843541193 0.00040581383406960222 0.00187947810066129697 0.00190086668895042619
2	0.01003709455512118848 0.12988702032270249553 0.80732504341337196774 0.00967683043623400810 0.03920705644288063202 0.00083752181371848998 0.00302943301597129178
1	0.16876868338332470798 0.27924019622520329653 0.16002716896030519389 0.23499030588597383251 0.04289966420026859045 0.07088286569581243868 0.04319111564911173873
3	0.25882890180381545875 0.18841233869540754964 0.13129273100742255842 0.35832759446623968502 0.01336807655027958536 0.03471034715150766309 0.01506001032532753442
3	0.00031457557913147502 0.00152488610540740571 0.00050843400771317265 0.99673450049455547539 0.00070064596457829393 0.00016831591416185374 0.00004864193445261361
1	0.00244290281187162705 0.95549022611842504560 0.00590818230735588347 0.00025840990170909273 0.00146246722907819029 0.03344032938445119091 0.00099748224710923873
1	0.00000925074872201669 0.99969209834654926272 0.00005302081300104086 0.00005643642042190618 0.00005198699127372142 0.00011782232238001268 0.00001938435765075148
1	0.04213415077510210965 0.90950720187993061572 0.01899016158047173511 0.01840132395759276965 0.00698719521952067667 0.00235003761878817535 0.00162992896859383415
4	0.00099046254565858549 0.00903384779631477043 0.00241066633209434649 0.00090421004742796489 0.80436318333362466504 0.18121664037094353805 0.00108098957393626058
1	0.00491128030445985887 0.72167652660407410892 0.01411998375651285845 0.03134135699815491366 0.21495185188421189748 0.00739568179235577331 0.00560331866023017905
1	0.00169526633796615481 0.87782293358879903700 0.00865418981478141211 0.06906711025618210431 0.00973247451678157724 0.02564414425308058493 0.00738388123240850403
1	0.02541058621933326919 0.91187270827977950916 0.02856439835002734864 0.01459095383587737278 0.00850065452917038791 0.00493297838285845953 0.00612772040295360768
1	0.00001893481418412238 0.99973270573370554004 0.00005475560342385604 0.00013589751246269462 0.00002967168197369629 0.00002665642843723956 0.00000137822581077009
3	0.00253610061838492129 0.00018929965832740773 0.00002512415245935228 0.99675765167852659054 0.00046240207137072465 0.00001694255429672497 0.00001247926663418702
1	0.01183170227000938761 0.78624065310026214348 0.14501606014536877476 0.03474123440357272663 0.00823527017262336986 0.00760003166046088838 0.00633504824770258178
1	0.00273336361392340034 0.99033613326139680044 0.00209736582363573851 0.00111947424647425688 0.00057272638762619250 0.00281919430286511896 0.00032174236407804676
3	0.00156330422356799393 0.00124628272682283632 0.00010757565720281254 0.99695868309615942593 0.00001480611272057094 0.00005399969222182079 0.00005534849130369436
3	0.00288869579174395917 0.00732717053422101555 0.00030951884209009085 0.98892127736995105725 0.00007221871164905849 0.00042705709929779400 0.00005406165104678443
4	0.00185561086688543946 0.00873014340634982976 0.02718685478016735421 0.00132962031212926395 0.94270511996029249246 0.01182941183079451800 0.00636323884338168763
1	0.00678118664010420643 0.96322088696582264244 0.00398076003362792408 0.00588729138068601505 0.00796874305824738470 0.01125606882612110483 0.00090506309539128537
1	0.00055959126280641250 0.98552299003103094321 0.00464839989587551797 0.00110767963798982056 0.00075753375009828699 0.00595261881811882422 0.00145118660407904539
1	0.08297433741653485739 0.60501307746043830882 0.11688194509688398792 0.09275973461244618745 0.03281888213682340738 0.03352414649303327859 0.03602787678384025694
1	0.00216583837862994186 0.85059059158646987964 0.05999541227919043956 0.00123787733783405811 0.00170789786927098928 0.08174752069803935262 0.00255486185056425516
3	0.00113909527392509410 0.00389745504666580683 0.00037638410397200110 0.99235323885219184348 0.00036044772806921707 0.00057106627623900645 0.00130231271893663909
6	0.09773805215421102477 0.04208262765299217861 0.03595566871613745108 0.13364920215629347289 0.18723662364693025029 0.02345752274210905278 0.47988030293132666326
3	0.00136438582748212088 0.00141913463463968310 0.00002198996624536618 0.99711260373854215810 0.00002346188267118614 0.00003178769522853335 0.00002663625519051609
1	0.12679403145140874520 0.68935316160884807513 0.00222514425622560809 0.11423524742032058199 0.03857587179907803060 0.00781153870153140310 0.02100500476258746613
3	0.00153981533030904220 0.04284003680688418247 0.00053471427841880292 0.94399613758604383751 0.01048689890203819731 0.00010738667522869824 0.00049501042107721340
3	0.00210840870404914622 0.01048402047582329064 0.00002772125715051431 0.98730573213445593783 0.00004285969416337553 0.00001089946562525487 0.00002035826873248330
2	0.00681499646059149315 0.07932658889863528073 0.39905833112673727570 0.17327776919043494375 0.02854682108288710690 0.07016164222688008045 0.24281385101383445857
2	0.00049251328462929071 0.00532991065050556628 0.99138449527791105975 0.00021846495948741481 0.00125821277112387079 0.00102932463359974350 0.00028707842274289599
0	0.79691224180382858044 0.00211512084174213331 0.00273360813791187745 0.03319511833181790217 0.01877141229034292799 0.00395238063604680650 0.14232011795830978862
3	0.16921758101557918264 0.01969733477107287606 0.00650993778678782796 0.79289047628887920904 0.00153600362233487567 0.00026667015576418220 0.00988199635958180063
4	0.00084261931925465198 0.08009864107916159215 0.00198737054529377500 0.00128154847515466884 0.82791559061652830742 0.08577100079479264838 0.00210322916981339585
5	0.00107936254540959417 0.02575749596581309794 0.02678546259756519818 0.00031698968127585355 0.02852044937116560153 0.91102366023466474498 0.00651657960410638535
2	0.00770129425219313445 0.03950264783119764728 0.81497686225545951100 0.03410882889909893495 0.04993245302777007955 0.03831069995343782536 0.01546721378084285094
4	0.08149361000705725167 0.09198644254715691859 0.00194435136558695956 0.01997225395262976905 0.66638197160411227760 0.01693472957196383993 0.12128664095149276070
1	0.01934895461880566797 0.91644702437722580513 0.01333050546412210303 0.01654941016774823595 0.03040872337326231550 0.00350795197871279097 0.00040743002012301889
3	0.00991630491579860961 0.07861247328564308079 0.00890924146059573346 0.89111484905673954415 0.00255697010400310863 0.00686005203879610191 0.00203010913842417663
3	0.00408188413967275950 0.08888485609699761647 0.00194879931740420814 0.89760287801556914999 0.00168454624717749688 0.00442878110171231881 0.00136825508146712154
3	0.00185185431105278249 0.00376388657861724627 0.00023117600240772396 0.99164626957190704637 0.00021885669526276153 0.00008794091677552286 0.00220001592397673544
1	0.00520909547952176297 0.98018863797728938980 0.00087118663839179540 0.00091706255466386178 0.01107029398306115520 0.00093554536951708455 0.00080817799755592869
2	0.00000348895946611122 0.00000911796471959265 0.99988143026024633997 0.00000078572924183906 0.00001373010867799217 0.00008797181258974865 0.00000347516505853105
1	0.00032158162835099980 0.99422607411778385345 0.00155349621983306529 0.00232810103951979408 0.00014218566499808307 0.00110847197181477880 0.00032008935770087735
1	0.02497474393945741181 0.72167062805397452774 0.04838703358896499773 0.00595764955952511263 0.03134017456892297659 0.14009751728339703281 0.02757225300575815927
3	0.04606792911230919718 0.33956333316592490768 0.12136986597595872395 0.42884259917629385939 0.02751472013637404693 0.00794864855719940727 0.02869290387593988537
6	0.03718233033752094130 0.00054447385468761177 0.00050146365968672024 0.00687484719863184178 0.00623123107937550037 0.00033656687749086155 0.94832908699260654029
2	0.00005585103628737246 0.00532246372840495391 0.99086055646969606325 0.00135370494745386261 0.00001192238063474989 0.00228323701639359744 0.00011226442112907905
1	0.00075246739428705715 0.98345649331597173592 0.00185665064240120043 0.00290586827826106852 0.00104871814295194664 0.00926723073656664058 0.00071257148956070367
2	0.00009755007366594848 0.02156542634294799504 0.96468256031616328450 0.00123560829180427347 0.00203815569394154078 0.00352568424297932791 0.00685501503849716889
4	0.28134560559341187380 0.02737363079615666092 0.00409756240606939156 0.03556467268198366255 0.30480492338201498059 0.06125054039630917213 0.28556306474405418472
1	0.03238727063239626308 0.66071639721939701140 0.01249034514324662976 0.09493458389133131725 0.14453676803580117749 0.05082188641546366015 0.00411274866236378475
1	0.00364423973932678606 0.49829125716931638168 0.33287284048739590459 0.06242524325951909203 0.06497969264138249434 0.00553240567631330376 0.03225432102674522655
2	0.00069936201300343668 0.03355271838701898157 0.96199078136355553603 0.00158616269692432913 0.00118323003178511226 0.00087830682523413551 0.00010943868247862656
1	0.00014173644007686381 0.98945521540034642172 0.00666476073804864611 0.00112528082638831996 0.00058147935477078478 0.00197243936257722463 0.00005908787779091423
3	0.00119302441048395498 0.10498319624985476273 0.00093785763500361041 0.89150324401094060978 0.00021453620781226420 0.00012996132892307215 0.00103818015698192300
4	0.01013789719462450216 0.00674037645914040643 0.00613916229904809367 0.01537969279581151080 0.95849104186691325147 0.00064532680745189950 0.00246650257701018201
1	0.06190198524057805018 0.37740933062063181103 0.20498433947815988820 0.18545146812394172620 0.07497905353046617483 0.04695895502219779583 0.04831486798402451904
6	0.05227626499517786657 0.02106470479528346068 0.00854114799799913192 0.00532336359001702852 0.17428579831462423511 0.00521432120837401515 0.73329439909852445201
2	0.00671846568276233003 0.06037511832605074735 0.83151630317887059718 0.00288051060848162031 0.04137849677814987165 0.05054024031918280535 0.00659086510650162220
4	0.00001264465065012529 0.00005210719640483643 0.00000813696502950886 0.00008347314899677398 0.99981936944937033207 0.00000352482114573549 0.00002074376840267404
0	0.87823238225994837425 0.00772315730873526438 0.00633240405054995206 0.00117240161266253095 0.00756578865667534295 0.01517739276238390216 0.08379647334904460898
1	0.00498049888030804942 0.89596303913216857051 0.01363273659064644615 0.01778661943705267881 0.02613381805599162763 0.03356019919227258563 0.00794308871156102110
3	0.05789032465704571639 0.08748332782967135901 0.01221418484712307427 0.81613498852787358384 0.00797637183465221659 0.00941374067592197321 0.00888706162771191535
3	0.00028839818785165056 0.00026407563286451845 0.00033995436120079064 0.99897686452746992103 0.00005890635893127237 0.00003132478720359780 0.00004047614447914014
1	0.22457677530956363099 0.50689627630806899372 0.00959315017387196364 0.02812334110141093482 0.07678763814592920456 0.09736309984973423592 0.05665971911142131390
1	0.01238404355289543859 0.94602375770217494999 0.00394928893601103302 0.01562047182036096181 0.01623765427552996063 0.00049982958851333336 0.00528495412451472635
2	0.00460088211188548323 0.00547499889015694036 0.98475040419028436744 0.00068722097553883211 0.00391233386608113437 0.00046768043577353303 0.00010647953027897212
2	0.17427729427781982197 0.05982943277153795342 0.52652393164097099909 0.14251713082469161242 0.05630860819939205453 0.02185610588213081351 0.01868749640345653690
2	0.00109796922399762586 0.00008743136217910304 0.99684955816635711923 0.00143541871165415980 0.00006407523725428241 0.00040869680462435201 0.00005685049393414884
1	0.00072412657774428531 0.99253713497618600847 0.00145078676364077098 0.00191235881437212037 0.00219979111364721836 0.00011979580292026032 0.00105600595149022585
3	0.00056574010999343679 0.00091641845942526433 0.00020146190046266158 0.99825661808666432684 0.00000422151919852949 0.00003492975486345923 0.00002061016939251298
6	0.00118025276395259987 0.01151096288656619851 0.00106827903762046024 0.00154157540187010653 0.00919309971649054022 0.00261316912576149219 0.97289266106773830689
4	0.00181785034112360829 0.08949331442332611464 0.04409608887128462634 0.21628989826488104198 0.48703593571697850750 0.00301349595462502978 0.15825341642778043005
3	0.10211075098166826070 0.21089609447112608875 0.01194622233921573649 0.62901880727503389767 0.04121803852139391960 0.00251822221456546444 0.00229186419699672775
0	0.68874099705350344536 0.07704142861383059260 0.00906829224842858536 0.06170586778147461871 0.00536768589175098607 0.15438501495893305893 0.00369071345207874595
2	0.00137279250192959127 0.15292587839526408655 0.67740709823146694202 0.02557937806272737868 0.01180353853733418119 0.12662620824158807298 0.00428510602968969201
1	0.03311696822564249437 0.63212452457867518429 0.00595376789323493697 0.00433501334338862003 0.10998434359921999137 0.17624089993255703801 0.03824448242728142183
3	0.05531885062528729691 0.00601046964293852366 0.02432381363821486606 0.58247450943337819584 0.23872090239057336403 0.09058967152800949385 0.00256178274159795435
1	0.22356123530223254159 0.76045609849489925747 0.00098146734602924516 0.00306951463089965475 0.00684231627328904697 0.00265469047329172300 0.00243467747935867309
3	0.00002013797334428607 0.00002429290788511038 0.00000582990846715769 0.99993100324641104315 0.00000136390307767555 0.00000587546395441453 0.00001149659686216508
3	0.02513160177322899466 0.20087557541416409257 0.07082125724687445001 0.28946634155569012092 0.24944800539471487233 0.07623072522295430697 0.08802649339237307580
0	0.69228496109224546551 0.02213060482752452623 0.00859858156169182770 0.19015769950102409669 0.00686562811943219366 0.02279469441386411041 0.05716783048421768959
5	0.05961016151736659580 0.17187227393543880183 0.26580934456796928567 0.03585184387393730576 0.10834579775053929107 0.30787618546142375697 0.05063439289332530985
1	0.17501471120381445479 0.58938735561696697918 0.00431047143321418563 0.05712573567399200497 0.10522398096996726791 0.06308009452200384615 0.00585765058004145307
1	0.03266489999557628532 0.40261552897814190111 0.11694588955984942802 0.15033832692457824165 0.19262946597298077900 0.04306741471060986093 0.06173847385826398276
4	0.00391749635396154792 0.01931244243597407886 0.06144958435104334177 0.03311144762890713689 0.64250194664107285192 0.20606181347681182259 0.03364526911222854438
0	0.92574792899932967227 0.03413376911291156335 0.00179871063499414670 0.01256757164413748601 0.02242212720749152399 0.00173269952921000707 0.00159719287192560842
1	0.05709273693062415223 0.86355724543071832322 0.00769019996089907384 0.04249918935531245279 0.01133268745682877547 0.01557575430378563448 0.00225218656183179917
5	0.24721033711025813817 0.00654056764648616989 0.02633125940397430115 0.15108751059289815544 0.01895249568302598969 0.53460629638351264692 0.01527153317984454237
1	0.00001934303110696073 0.99711282092697217649 0.00035204442691621785 0.00096267518013846596 0.00037718097854297150 0.00111010373725485751 0.00006583171906970812
0	0.89844908128758504962 0.04343655391322850945 0.00351106570685113303 0.02713577145967217483 0.01419911403128704119 0.00789320497442506409 0.00537520862695094366
1	0.03709212376123659227 0.75087999189679888179 0.05268507505549113734 0.05464258076112462476 0.06933359917339537715 0.00252414414553573437 0.03284248520641809554
5	0.00499462830179870504 0.11128768770384447895 0.00623012841915635083 0.00536786002637364753 0.02266871854744032314 0.83628733593532855739 0.01316364106605736814
3	0.00116676379035949478 0.06609995994074471803 0.00017578127140211410 0.93083250965228225837 0.00136801321664875640 0.00018577484558348728 0.00017119728297976483
6	0.03306285709681824198 0.00435390461455778099 0.00554561111876171291 0.00750639868508370337 0.03538374911122316169 0.02972103708593019575 0.88442644228762534730
2	0.00001450929643098624 0.00013190488388068191 0.98474997920074747171 0.00117236153729945581 0.00567985438355795690 0.00209930207767271282 0.00615208862041208802
2	0.00225767889679395414 0.00176476553248852697 0.99532712973535786283 0.00019368802482019090 0.00029591081305922127 0.00014837411497454283 0.00001245288250607785
6	0.00697144142971549592 0.01866890488907620507 0.00343373542621777054 0.00819715963531654490 0.00439908244269698271 0.00732461678244115521 0.95100505939453605642
4	0.00025508423862720430 0.00759337520163044007 0.00217084041061071324 0.00652438925591563787 0.97767760933873271156 0.00482300073778038976 0.00095570081670357497
1	0.02717395499337037224 0.72213293732504746369 0.08063415964134353076 0.07941654340181884819 0.02662255619123207392 0.05254046989931385886 0.01147937854787367540
1	0.00563338880045683669 0.89112294268941760755 0.00632589303046109455 0.00861363805775272259 0.00086761024666890036 0.08703176761128507410 0.00040475956395703329
1	0.09056483680201006525 0.33120202082070315797 0.14402005537673509550 0.26116537381099674819 0.03854050045929324764 0.03264166476698201341 0.10186554796328016470
1	0.02443821297285040522 0.93612986018785215858 0.00087432406501749172 0.01030323891623006333 0.00291259018749733239 0.00356439428439793296 0.02177737938615413940
1	0.06484446914103710047 0.64286804199250469072 0.05692006126538648458 0.16538649073963795910 0.05228149937603535080 0.00554075618046082682 0.01215868130493754674
4	0.00014185402770073262 0.00015553341436442397 0.00040191279726481871 0.00550309852889062714 0.99235532022675987385 0.00009692825702781657 0.00134535274799283257
2	0.11778476012095523417 0.00692515808605307336 0.84981173300082324396 0.00195191872375919816 0.01444334316027170821 0.00437266310576971216 0.00471042380236759428
2	0.04365815730347549772 0.06396761863136878057 0.73772721393276219359 0.10528330099328490899 0.02499436733464155055 0.01169547752713411340 0.01267386427733364559
3	0.01216405625302242367 0.01671063810362496613 0.00208473976056201089 0.96746279144438995790 0.00024906245128793658 0.00106497143049655535 0.00026374055661683703
2	0.00148569635101236165 0.00333099661710985033 0.98252564905863737366 0.00033037034521507839 0.00034154279582448033 0.01168945556709299199 0.00029628926510762821
1	0.00554158586749775497 0.98570041728626478506 0.00168546482727212018 0.00113179031996923029 0.00102996346574290329 0.00044106878681152855 0.00446970944644217022
4	0.04509958115889575736 0.12382604057543956932 0.00797548392398181837 0.02391370359020849462 0.70148266205184539590 0.03549789063065834221 0.06220463806897026660
1	0.00149940567013546566 0.99738398665972283208 0.00084839875876970114 0.00015212413524660098 0.00002927144657339998 0.00007098493587880837 0.00001582839367348609
3	0.13652948146835236498 0.06045161540403093392 0.12779511935949325330 0.23620859617760042726 0.18741031841017835591 0.02058008942545402203 0.23102477975489082995
0	0.90447836230066347429 0.02651637345375758292 0.02200499440528830980 0.01753357136224791696 0.01403233726918505161 0.01090395660383112163 0.00453040460502663125
1	0.00023676352248779597 0.99958053733851148781 0.00006848466617343260 0.00006362064979492165 0.00000232322756167395 0.00004566514480629668 0.00000260545066404570
1	0.02283262123006664021 0.92811131494227983030 0.01300801930898174558 0.02063631885888539408 0.01300718702804008406 0.00124675125647101645 0.00115778737527505427
1	0.00242505156227621615 0.97451598854955945317 0.00074621957373137925 0.00089560341966093005 0.00145423446252278352 0.01795691998556195670 0.00200598244668704880
2	0.00012330900567964441 0.01981345219066606156 0.96146188620942008018 0.00207565144538306677 0.00232899378421318236 0.01372396816037257591 0.00047273920426611299
0	0.36694872026200581194 0.12519537473173489306 0.00914895251575460929 0.31208564016638418170 0.02993902370455940945 0.01124416278488955465 0.14543812583467133348
1	0.00018636629350145202 0.99798392775635313967 0.00047671144840957699 0.00056500273223625416 0.00010873135868214288 0.00066276350877395203 0.00001649690204153846
6	0.07264852136056852705 0.35999451871091681099 0.00933347045201566444 0.03925827034933309506 0.09281800391499087088 0.02119178488762468726 0.40475543032455024717
3	0.00029670156531320338 0.00107245512692894581 0.00100410638352197812 0.99628117468016719194 0.00003872169749216659 0.00122004774319858290 0.00008679280337760288
1	0.01586865647526107537 0.90277511306430080484 0.01694992301758413422 0.03126024338664537550 0.00660229588393731678 0.02629569481517114379 0.00024807335709968058
4	0.17928075417985872564 0.10239416910142554173 0.01808427816195950708 0.24980519288316252458 0.39148647565915883906 0.03377794341020897567 0.02517118660422617768
2	0.00774355586302798680 0.00941283622687170973 0.96340515356311406947 0.00433801668251444870 0.00599085703676302452 0.00585490629727462419 0.00325467433043363265
0	0.98623734706083554524 0.00350742783527295456 0.00023670390272411207 0.00042835275251665214 0.00107264678474707658 0.00080244178312003397 0.00771507988078354561
1	0.22814073784475683015 0.26910533789694507378 0.01271897894370045169 0.16614846152298418103 0.00546408619658281681 0.25265229210409001492 0.06577010549094057523
3	0.04347964296265166562 0.04243100152737699915 0.00350077122624339399 0.89255126946149720979 0.00676662443936754902 0.00825017958933491578 0.00302051079352849607
3	0.03052881096609555769 0.02663444764752857102 0.00397039953003078608 0.93674215183024511777 0.00110792764536930171 0.00025487612045343186 0.00076138626027755501
1	0.05658188571292790264 0.52571271036547218003 0.00819738147624036670 0.00376753524690103632 0.02073354841863830900 0.37607513727060809527 0.00893180150921232124
1	0.02355280814877801915 0.81472562268231007998 0.00492715542541529231 0.04524358765269684973 0.02198549423774324649 0.02210934546742538559 0.06745598638563099492
6	0.00394861343751681197 0.00074645316226220064 0.00043867107390184804 0.00084129896387362835 0.00109885248517854446 0.00094416231985995917 0.99198194855740695619
4	0.00639048965678699291 0.01176388466092715031 0.00469887959118946239 0.02130025118415474275 0.94903485329091874512 0.00067563149717511715 0.00613601011884785594
4	0.00016552936928197604 0.00109462897563278490 0.00038680539501868854 0.00042906950568563586 0.98931390745779290707 0.00208833216793738582 0.00652172712865010679
1	0.00149769052448888319 0.99466766540043405342 0.00038051655981936617 0.00046041095786649540 0.00008641858267319574 0.00284307686590244343 0.00006422110881527361
0	0.96043444813329970078 0.00271323598159719983 0.00191542043179899926 0.00881415764750215387 0.01416083370779391837 0.00879049081687214087 0.00317141328113616783
4	0.01875524036012575155 0.04474020052613063292 0.09408880643615888384 0.02259823972725404084 0.78696977984769367342 0.01593955246787600796 0.01690818063476111702
2	0.00058469153048449035 0.00012222667528770788 0.99446222263357886284 0.00006173847033277449 0.00242379025395058310 0.00182470520358671523 0.00052062523277892898
2	0.17519346664864315910 0.11738579876264057522 0.38651041359896454175 0.00851464877139529105 0.04030018987304767597 0.24532437192610015431 0.02677111041920862688
4	0.00466299625077250517 0.00661018095030971396 0.00255942920016813923 0.00126307814081492867 0.85552834035878244645 0.00977988887093173172 0.11959608622822115453
3	0.00114074635793505810 0.00295345265732967861 0.00023270942644420547 0.99526528870835795360 0.00011580921866603569 0.00005866205046747943 0.00023333158079957746
1	0.04999877954206675967 0.54285653479000195443 0.00528809076768081178 0.02572286368005433435 0.29595995776562711299 0.03351302198906012247 0.04666075146550904829
1	0.00845044070416347930 0.95183364474668341604 0.00414045464660869455 0.02400014373871314777 0.00124373261217120457 0.00357802211759378512 0.00675356143406715802
1	0.11852798457961566392 0.54966921896741194331 0.09684034071266925392 0.16415590324634388164 0.02197083533040236972 0.02365855784078398777 0.02517715932277272278
2	0.00124995040874232221 0.30152206036746254103 0.65717039310948188735 0.01040723801868049213 0.00978684847116831173 0.01065198779568091343 0.00921152182878325933
1	0.03699565667568119331 0.89091420788516983986 0.00221321540576279894 0.01671255581784863650 0.02055604487253875207 0.03066082273908062386 0.00194749660391829206
5	0.00990792946997007436 0.26476117526308545758 0.00540728824622298872 0.01816067748311978730 0.07748311026654167155 0.61827386455565558343 0.00600595471540422109
4	0.00091780750553087636 0.00103604332889246985 0.00021396610593501687 0.00297784700535630139 0.99403623245958427912 0.00026566875299191182 0.00055243484170958135
2	0.00151045888206542667 0.44609591403518544794 0.49171444384586043830 0.00229992286833051495 0.00143834604225252034 0.05319245962797639060 0.00374845469832912025
1	0.02187152981576592423 0.25418336046822470609 0.05104398939351012521 0.25130427616353573361 0.24447932100852046156 0.14786927215963108218 0.02924825099081231755
3	0.00819137860754786361 0.01319850011125165389 0.00492582203609839755 0.96970895624476660668 0.00060453420851931607 0.00282157741361439536 0.00054923137820115915
1	0.04271110659352420763 0.61996457206936284035 0.00460334239211447269 0.32692332079496688735 0.00059267746940927361 0.00446745380819428810 0.00073752687242811918
4	0.00149991162345573131 0.05541300143236937287 0.00668688756814748812 0.00801696521034768288 0.91980427780579476771 0.00098583250144284630 0.00759312385844302957
0	0.46881120532207370966 0.40744960329995094650 0.01965581907459159131 0.01728098805597221357 0.05341561693560725049 0.01582771640973799562 0.01755905090206653224
0	0.80362408297511589428 0.00071071848980228829 0.00004631793912098240 0.00007603213653865865 0.19293670195092024744 0.00004495130354776550 0.00256119520495427366
1	0.00006018771859185439 0.98862663966536579174 0.00098353768255607398 0.00772312715665730322 0.00161486294659341010 0.00066138343165964822 0.00033026139857484548
5	0.01555324148544414038 0.44867630417693921130 0.05850802120005448720 0.01713696239008458133 0.00010910079392940400 0.45993957887846775856 0.00007679107508104162
1	0.00941475985039983906 0.93075282374943235641 0.02083769059529753595 0.02154748085910972166 0.00298390006209174521 0.00877917268090200667 0.00568417220276735708
1	0.00410310182982883461 0.86853473482447296483 0.07496537553010422517 0.01386191186035003707 0.00317714125135133262 0.03173489235356252713 0.00362284235033114325
4	0.07529316770226546218 0.01404684753962017092 0.07965487081735644903 0.13660143447388939375 0.67361837445413985659 0.00945140640126292814 0.01133389861146591113
1	0.00187132231792167545 0.99047619534619768533 0.00044887493010731727 0.00316818928852073385 0.00258684433886987404 0.00137209144694687532 0.00007648233143640274
5	0.04991662736012492801 0.10128237605599552107 0.07872120276724506316 0.14873182801992390623 0.05479368227785289674 0.56172333288652565031 0.00483095063233180983
3	0.00415682220059589418 0.00193685645286145345 0.00003931247236374579 0.99381777025295370276 0.00000829401614778177 0.00002282160678793382 0.00001812299828897256
1	0.06621404772315897524 0.61030973236353103228 0.00940306169236744364 0.30608377466454700366 0.00258583056259129550 0.00465511051473469720 0.00074844247906986276
3	0.00878282301719171196 0.18662776164534328194 0.00901665729463965206 0.79504182844780546535 0.00004730780213046520 0.00007073060933507676 0.00041289118355549478
1	0.00597291177320012981 0.88742583690041709765 0.00862715512716445872 0.01949887436321043679 0.06873302776302690764 0.00696996863951708078 0.00277222543346297267
1	0.07548825104960747712 0.76371857557100419900 0.04697405475575947703 0.07564547884375258380 0.01591827163103856288 0.00532043445234249481 0.01693493369649508307
1	0.00181463475908397957 0.98331119609566353112 0.00467053323801335570 0.00332195131274224623 0.00198795351301540944 0.00306806303732239409 0.00182566804415915519
1	0.00011208777653022306 0.99720567257198333699 0.00095810910021325714 0.00110720479575295645 0.00010199187070082957 0.00045271442542737969 0.00006221945939318332
1	0.00148210824763956683 0.99288802017660393595 0.00137476590151211454 0.00225416049219754775 0.00039761437877576988 0.00151319696755652391 0.00009013383571429688
6	0.01709535928286081904 0.15518514581750536552 0.07878938935039248026 0.13801296854269287651 0.14582543187225244230 0.07793738040041224557 0.38715432473388350365
3	0.00000307642276871854 0.00000231308890380023 0.00000069768959910180 0.99999311706848259540 0.00000008647995734720 0.00000058455045437234 0.00000012469983354238
4	0.00195587875587194737 0.00580743824120741759 0.00038789787398437820 0.00126202729823739505 0.99016875815718052856 0.00035414583310523957 0.00006385384041398412
0	0.74121040044009911529 0.01183200894056970522 0.00253199177384431755 0.00006771685971889028 0.01112393429783702786 0.00187537764997697297 0.23135857003795418096
5	0.01954093149860466547 0.01416098737846060128 0.00153843150738737261 0.00205491439534560968 0.02258423706668380437 0.93105622498383167063 0.00906427316968607538
2	0.00002297614206665868 0.00032577423840259620 0.99741286009283536274 0.00017840174344310684 0.00035494237679284754 0.00161118752324533143 0.00009385788321401421
0	0.79193174532251409126 0.10495874519590603358 0.00373094106276325443 0.01277765227462533161 0.00613403817691911182 0.05719981694624826085 0.02326706102102390691
6	0.07884511127888446658 0.00425878194071781235 0.01545756341831998858 0.00350280504337212480 0.00173273794455060227 0.00056004570853638257 0.89564295466561860692
0	0.94355567597619416365 0.00890466659379974060 0.00140272427312696716 0.01684012555323313384 0.01506076726813410441 0.00123955190315292634 0.01299648843235913162
0	0.29322672052980230939 0.23831847920210433300 0.05397395077327999530 0.08187413221362115079 0.17338651935855037278 0.07424726716506513391 0.08497293075757662850
2	0.30984795160393241442 0.01950230757331694598 0.42383800360707452048 0.02409002548405143537 0.13628274217166463922 0.03466044545303333807 0.05177852410692689727
4	0.05205663448024973328 0.00897045782160205835 0.00052349723627136201 0.21167288561136690661 0.68652057266547938941 0.01658724622676228597 0.02366870595826815055
1	0.03827691305324267684 0.73970534578702551443 0.03653951093608093920 0.00140630552463347344 0.06366234831262310156 0.10937109974712103111 0.01103847663927368106
6	0.45231866320193486741 0.00679167910813634635 0.00286726080690798395 0.00189650598891388886 0.01250400673229856881 0.01024269942369426117 0.51337918473811405828
1	0.00068880059210045226 0.98658673710412392310 0.00192265407976015051 0.00981559126590816032 0.00015401477269173322 0.00053200561972843068 0.00030019656568625925
1	0.07412618521694938623 0.60610688928568567935 0.04704227581744852005 0.08991786924193959085 0.05308364420298843089 0.11720032085143082534 0.01252281538355742505
4	0.00044054186028595317 0.01867277337310964402 0.00174860857595646310 0.00270027828006918049 0.95823544056806531088 0.00109045661089270541 0.01711190073162050657
1	0.02022657821683132920 0.92616765590007199549 0.00218822192437936880 0.03043560947986290524 0.01019986188489069474 0.00716950535887266819 0.00361256723509079244
1	0.04002824696403586846 0.52224658549295066567 0.13549002762993236915 0.12369680335322980058 0.12129789490582870704 0.04781727233001679261 0.00942316932400584679
1	0.00033401105223116351 0.92305963488420605945 0.01017702970430726245 0.00827440431350499363 0.00088098661411449314 0.00234385230357283007 0.05493008112806345433
2	0.00266487459372481217 0.00173451804855271566 0.98588000960888555468 0.00018344568736346442 0.00124598873498092959 0.00802895872048277164 0.00026220460601024479
2	0.00026032048972646752 0.00081052586895407578 0.99801468553705852127 0.00020124259798160010 0.00031751002796892065 0.00028147502930319003 0.00011424044900611987
3	0.05517570495205181141 0.45145005564978674117 0.00165080580639558310 0.49064721667089677970 0.00044748312666409288 0.00041248289632430567 0.00021625089788079323
1	0.03058848762825876894 0.76490186826511730178 0.01748255845974006420 0.05880502156456986207 0.03678588755056648452 0.02290405148571819996 0.06853212504602937405
1	0.12702936208257847861 0.30196510286685512847 0.10482149521271826031 0.09933992283645012855 0.10620980303207339102 0.18590213895445512060 0.07473217501486942305
1	0.00079999173491242194 0.99855297539110143834 0.00016634228033610409 0.00034804272774760660 0.00002304394896236686 0.00003898828388900525 0.00007061563305124351
2	0.00362684329186725458 0.05100958554806809403 0.77349815255713605389 0.11768544338427167073 0.01215227636276540978 0.00529449722486378775 0.03673320163102750113
3	0.10891428451849462233 0.31980418901826163092 0.02945429232873971251 0.49450402174009566725 0.03675954668961126798 0.00381561386713744934 0.00674805183765957595
3	0.03432108285841967837 0.17112237721326836737 0.00515902540831309191 0.58696397537371525210 0.18935341830288382470 0.00976366946492535775 0.00331645137847476779
0	0.37200256291938238462 0.06795735477705161509 0.04089653754210584302 0.01438331133343043883 0.31204927880066829493 0.02699189353338438818 0.16571906109397718798
2	0.01838972340310799508 0.00806425066417116448 0.49658349767747272940 0.01902149117009059587 0.01280536005522297724 0.44024186006897075840 0.00489381696096328686
1	0.03521848685416204688 0.70938701986275543021 0.03788114162152510928 0.01530763404534791691 0.09559984153208644919 0.03004650279526021109 0.07655937328886273929
5	0.00390590171377193374 0.00024901490346025652 0.00022572690410927157 0.00084723138143352923 0.00048497296695709194 0.99407061718468270328 0.00021653494558460009
4	0.00000510528644360333 0.00000329622093945113 0.00000263253663492557 0.00001465770420665351 0.99994773147937177082 0.00000908707001034117 0.00001748970239288413
5	0.03291451818572988658 0.11207292360950972532 0.00891212860391862871 0.02073564305884104814 0.02781312320684001943 0.77631078827384403240 0.02124087506131652411
1	0.00002110326772853338 0.99926271235266017623 0.00023476152804531575 0.00024618079577709280 0.00005692413092689250 0.00017124780756478668 0.00000707011729800418
6	0.37450766735747637037 0.00026463756640244829 0.00017863228155811636 0.00357211316251574221 0.02066992650037422288 0.00018799947901862997 0.60061902365265451564
