1	0.10938101603821262509 0.34548152935373482864 0.02573588524739397337 0.06740610050425277500 0.32064043802265856931 0.05294394903885818460 0.07841108179488903707
1	0.01837345838499885101 0.78914014553109301797 0.06597014335405486374 0.03384614711520410324 0.02817481099169813138 0.04583627804102172187 0.01865901658192907833
3	0.01011817352084846446 0.05995308852422929352 0.00106816951505227199 0.92672367993014415077 0.00039023227972205125 0.00103081067211448262 0.00071584555788855989
6	0.01397197603650726996 0.02707192871237265250 0.02815399571382110749 0.03703416391249471362 0.02745404404759636124 0.00837580406094357542 0.85793808751626432496
3	0.02205006262005513445 0.00527261380089819997 0.00619848579048644550 0.92579083482875246247 0.03627526478348497285 0.00062464178438892924 0.00378809639193337846
1	0.20590385231438942948 0.25954059911540733330 0.09233187694855059247 0.06153182655558503411 0.05138542628011363161 0.08807060704993313616 0.24123581173602076655
1	0.00122442383228808490 0.74924550651038790416 0.00176751166994755342 0.24510456448725398415 0.00102240031913797508 0.00029504524183779541 0.00134054793914690378
0	0.70311074501171400009 0.04826422888241471698 0.07621004812623802249 0.02109783829531435007 0.09696700485979756201 0.02633131877195458298 0.02801881605256693539
2	0.00023655097707475393 0.00040184748954509537 0.97961490999267886171 0.00143820258236772693 0.01023940881812484237 0.00562907552993752863 0.00244000461027188680
4	0.04305114589142885334 0.11603632175311758001 0.00682637628539249121 0.01151472434999187971 0.69869124835142115693 0.03428734233017116662 0.08959284103847679759
1	0.02195872654306830346 0.95690420811478227314 0.00268922126395507730 0.00380550997186455357 0.01013278273121926559 0.00365785937438686381 0.00085169200072327726
1	0.00010801770059736229 0.99631296120891021939 0.00075989076815443247 0.00052153723310294946 0.00055715892194014888 0.00159027324190680482 0.00015016092538783731
0	0.87342203585176925174 0.06923285931723781317 0.00848960056183977081 0.00686680631085735509 0.01309083533634561140 0.02043715720983648246 0.00846070541211347074
5	0.00013122768438447372 0.00053990016726083447 0.00008789174406466355 0.00263857194476784310 0.00367980937638355326 0.99267183482636001113 0.00025076425677947133
4	0.21993749585910099542 0.12047678748278244087 0.00432217604262957224 0.06064903472404276075 0.53286670521723611404 0.00615046953046515747 0.05559733114374282303
1	0.07989312326556256838 0.83955074837167353863 0.00088482850428899743 0.05193392645928722462 0.00414759640926782702 0.00481430242809615695 0.01877547456182357064
1	0.20985289645769863998 0.36353649333477378036 0.05630994217006696223 0.25559362578936134502 0.04074404228276014284 0.03779131125267570085 0.03617168871266361607
5	0.00050862256984611596 0.00003918156957234389 0.00020767616485974926 0.00913158146511432699 0.00010295725425591978 0.98987469813617601222 0.00013528284017550997
4	0.02476263213415280662 0.30081214687790264195 0.00788154591024334619 0.11934949984241549625 0.49159121016958662320 0.04718763237088179768 0.00841533269481700708
1	0.00638697773432666399 0.96986492583283756552 0.00288221740951567990 0.00277552120560543370 0.00073624317108097190 0.00928369275771187899 0.00807042188892151402
2	0.08258060292870141039 0.26271171699653222964 0.36787875959089860745 0.23117572671347744184 0.01729117089753550926 0.02971575200950226509 0.00864627086335222408
1	0.01890749725204586909 0.55264968204522813000 0.01207220894613695618 0.40228389826911381544 0.00249750928876128330 0.00215858596969357303 0.00943061822902042414
1	0.00147227220958217773 0.98309210305839556110 0.00061905449341240085 0.00143967469783958793 0.00042562743790622607 0.01052912456715292266 0.00242214353571082149
3	0.01449273188945257237 0.04345903825240227114 0.00599375740822245210 0.90660507906094167652 0.00080936766969438021 0.02415362743001212703 0.00448639828927397365
3	0.14735115714872948356 0.00371384076760054079 0.00339663811780807580 0.78797489775808060575 0.04746346432672986920 0.00934029467889830808 0.00075970720215333984
0	0.36770201081181147496 0.25974249281058769956 0.00967290404081513379 0.08807549816964967138 0.03671329745608124806 0.15717625890402450728 0.08091753780703023202
1	0.06436569723165982970 0.84001743496157732505 0.00091518406614763998 0.05522701437400676788 0.02155577892196752429 0.01137328773579202208 0.00654560270884900486
1	0.00986734088951407400 0.82816422748284412858 0.01124170000283046533 0.13870762739647563011 0.00124050147069553417 0.00852835723252949422 0.00225024552511000810
6	0.00016508675594809042 0.00066086609911011885 0.00313366737689655924 0.00034618890083734004 0.00093282262268367484 0.00025732312830997517 0.99450404511621437464
6	0.00824065676051166998 0.10289187330341890980 0.01326457861336091150 0.00490265131260144999 0.04007447984019740089 0.00703319921629473946 0.82359256095361477179
1	0.44179340067424210936 0.47335960338647431467 0.02035936810086877782 0.02016526291825968681 0.01347042203379576752 0.02198442725302248921 0.00886751563333692573
2	0.00029216575828422794 0.00347428041180442796 0.99204426429148717670 0.00255204962238643820 0.00071378166853778170 0.00063200370510342065 0.00029145454239689841
0	0.95647244121618191226 0.00850118058790489024 0.00127171935842760025 0.00250472611550540394 0.00746054499437191158 0.01519610592142139893 0.00859328180618691533
0	0.81805250530300499534 0.00610259905477845196 0.00043710458661291141 0.05909658252810889162 0.03326009894914981613 0.01838859451329885250 0.06466251506504600011
3	0.03326269930120257651 0.03710039206125658601 0.00045827359131685505 0.90687551103441221834 0.00911605307470433023 0.00994759890658094593 0.00323947203052629522
3	0.00084758064896951518 0.03809885727967107089 0.04753642200684999458 0.91191726488815494367 0.00063623076013037520 0.00082160561828690116 0.00014203879793622747
4	0.00736384128608974162 0.02195270811252043180 0.17640209642979690075 0.00222696604393719366 0.75690326197443802414 0.03252625050854644762 0.00262487564467084713
3	0.00049581721089577324 0.13843831653917657021 0.00097483940040913176 0.85581958445089145737 0.00055335137740869457 0.00166984924495923318 0.00204824177625905282
2	0.00514440757786640591 0.09850561413639578878 0.85883374947711188518 0.00599143701216156392 0.02879972533279965413 0.00065913158958011810 0.00206593487408597261
1	0.19946683291878547495 0.28408918286073153725 0.15154311947230514335 0.20835911626770459160 0.04368281546884066058 0.07339809894194813944 0.03946083406968443896
0	0.45624063715045259926 0.12054957213991084053 0.10206536359068692221 0.28213720253105445401 0.00610613561357059749 0.02000898628611873925 0.01289210268820580561
3	0.00036488392968706836 0.00583950068062735316 0.00293645110327246574 0.98665200405550501639 0.00317275285629625269 0.00087252331464693052 0.00016188405996489438
1	0.00160740313215628600 0.97049594451360787772 0.00328795004608471502 0.00013479241242990995 0.00103809175255482498 0.02289210114063933849 0.00054371700252736047
1	0.00000398766168151284 0.99963530830508107172 0.00003667300442069724 0.00010286645358061637 0.00004689660025589256 0.00015052205767199283 0.00002374591730842832
1	0.02271716271780514773 0.91747759491807101551 0.01838266466332621335 0.02880138326371571925 0.00869922424075840472 0.00223222295876884542 0.00168974723755533187
4	0.00052263204590178810 0.00914267948080605200 0.00271458205475246395 0.00087785414332823563 0.75608769697395350473 0.22986712122724894947 0.00078743407400853459
1	0.00668069400740511129 0.79001357137661976093 0.01147434235492850348 0.01911715982368408090 0.16325775425380595340 0.00511745431665614273 0.00433902386690017926
1	0.00283232350346675123 0.89600123486739635670 0.00627133686592798705 0.05508337100344878196 0.00843465599616118403 0.02178434814700628414 0.00959272961659189162
1	0.01112510167125915599 0.81133972380467878072 0.08855738117915401553 0.05038835396483330731 0.01440224874320265164 0.01227320699444501596 0.01191398364242692715
1	0.00000763275951625229 0.99970555417124151720 0.00005196844793607012 0.00017342114110991224 0.00001078719855750859 0.00004975903358082905 0.00000087724805710344
3	0.00182613258610404578 0.00018271027288897890 0.00003983774118646743 0.99715291212591528058 0.00075172325240183255 0.00002676244796890761 0.00001992157353433701
1	0.01099218989724687345 0.86143284486968962899 0.08234895065655077617 0.02522789866178999987 0.00784653776678114270 0.00652824351531292816 0.00562333463262777375
1	0.00144215691221719826 0.99282567948241384759 0.00200874284729357687 0.00061672053523682943 0.00040800889789264469 0.00248867856140045458 0.00021001276354624130
3	0.00148039748014978435 0.00148210494416727489 0.00018099036004747064 0.99666226875103935967 0.00002396833732078132 0.00006684415539439578 0.00010342597188069243
3	0.00155243706390054657 0.00487435603577973144 0.00028102372981641816 0.99273945786411477155 0.00007784296624287777 0.00042049301811131586 0.00005438932203348643
4	0.04283683642226465693 0.10711912229687167719 0.10825440801005928315 0.03101016643018193047 0.54083875572571205037 0.14151953153246057959 0.02842117958245003392
1	0.00395743348615642306 0.95969655634726414029 0.00451778911680245088 0.00715695646597655499 0.00915276396982355432 0.01443975884233489847 0.00107874177164148208
1	0.00048698030113693351 0.98450057381946320945 0.00477027099314651822 0.00090078257030985103 0.00068768243264390367 0.00731722825790441858 0.00133648162539570857
1	0.09396689932276293400 0.57380786098965708142 0.14763522390721239841 0.08062157101668560033 0.03683503011124979187 0.03013485514127811279 0.03699855951115418873
1	0.00215616230258436651 0.88447163241627568819 0.03751708682088053526 0.00071085382653264095 0.00177162272083675231 0.07154757396145851323 0.00182506795143198646
3	0.00186446523585404511 0.00437434231087900291 0.00075503512506669196 0.98737434848212202176 0.00103702822394651059 0.00187700001882832256 0.00271778060330398223
6	0.10678214569246885501 0.04560843735797536630 0.02953753250930987728 0.09769610255574956437 0.13132660666483172984 0.02293355369962132503 0.56611562152004335502
3	0.00172449977060241738 0.00184402373725777737 0.00002717842623889381 0.99627463794899551175 0.00003891339694955208 0.00005058793381673501 0.00004015878613943269
1	0.10943169103168749745 0.73124758311508075703 0.00145962075956702908 0.08810159401821236747 0.04904521097477611974 0.00365095854267351609 0.01706334155800342395
3	0.00283940343677083424 0.05322043611945131980 0.00112874863497222731 0.91954723253652881354 0.02171690440676745520 0.00031767800467650186 0.00122959686083270732
3	0.00743057467435704645 0.01490434645815313409 0.00039897641520103761 0.97311188973430318150 0.00221085706419680249 0.00024595317280537746 0.00169740248098356004
2	0.00989809232949152330 0.08492751784037251561 0.40407961273678172365 0.16089483624860775879 0.02692561075355146688 0.06768150654305805924 0.24559282354813655180
2	0.00055803198279763772 0.00327579049204560022 0.99378885641456382594 0.00016346764111643708 0.00107749819733251261 0.00086484135331637213 0.00027151391882740807
0	0.85283791071997516742 0.00231651815344417799 0.00294321930880840502 0.03051586918912417221 0.01777954915177917122 0.00463988914276056326 0.08896704433410840274
1	0.23176786430176993248 0.34624869850475037403 0.06329436578671099323 0.29977032897005928547 0.02008663660308242574 0.00161569396720611389 0.03721641186642062060
4	0.00107845035768214855 0.08678721539619713155 0.00192412184038685493 0.00113412526273761827 0.80852184126977766354 0.09840730018189833284 0.00214694569131981599
5	0.00035314513080322938 0.01929409160033577347 0.02700697581416278831 0.00030761648835005937 0.02564300120067886449 0.92184894962911234639 0.00554622013655681461
2	0.00796349476327733174 0.03856160912473647479 0.81410140257404450814 0.03183161339600484863 0.05515867073364802420 0.03452847857142771898 0.01785473083686153761
4	0.10220304005471521347 0.07069281307039142204 0.00161919786722008454 0.01285823713711641524 0.66953300818948791040 0.01703909055728754229 0.12605461312378160588
1	0.01096826275345158183 0.89555446689131501525 0.02115617203404393173 0.03216094485364229955 0.03498769305627628945 0.00456959659406624974 0.00060286381720569095
3	0.01760567494345763664 0.07925862785038888247 0.00666153837947786563 0.88535888785461058781 0.00193204290879275039 0.00689120244437554843 0.00229202561889629321
3	0.00658769637297874650 0.09216339628963425568 0.00188916942810849831 0.89075517522465552656 0.00220124285743663337 0.00503647812895949114 0.00136684169822709456
3	0.00191209225536079805 0.00607576695151227242 0.00051891327752142562 0.98557841551248781542 0.00049572543076993516 0.00021497901681454925 0.00520410755553239908
1	0.00321606515114188345 0.98136668496188916855 0.00064537708924471485 0.00112269594848720929 0.01205911103533382177 0.00047926511592663682 0.00111080069797588423
2	0.00000228937608267137 0.00000472983349929587 0.99987613324892765654 0.00000076526136771065 0.00001226556987425898 0.00009986956656766131 0.00000394714368168231
1	0.00024749335496444683 0.99609394681093965662 0.00104284622774530422 0.00148986638280928368 0.00015877004131429064 0.00078591631626553579 0.00018116086596212051
1	0.02938653237861528142 0.69365359337524523653 0.03731636068943409296 0.00536277201689112568 0.02662110978218470286 0.17934961306094610034 0.02831001869668289816
3	0.04955696012205858952 0.33936838760004045534 0.14487020381780041367 0.40463800232615787511 0.02518449078485886922 0.00978667477385014757 0.02659528057523359579
6	0.01731865668981836040 0.06406589868064194171 0.05304614171299638914 0.36573753219710775086 0.07087464973778982713 0.01530011912411405155 0.41365700185753112583
2	0.00005685938367687475 0.00474214435273434976 0.99168060391617551819 0.00107551828025954769 0.00001107346439592507 0.00226690096813446417 0.00016689963462589489
1	0.00110110115011025599 0.98279544371062688146 0.00135911286851422950 0.00244780036717384296 0.00113188567258462407 0.01041943385897903772 0.00074522237201086615
2	0.00005093713884704676 0.00583248497162967491 0.98443821800415376444 0.00038682238595022386 0.00111655895973307288 0.00351913928160664351 0.00465583925808088408
0	0.34702697735114185207 0.03662211266785800334 0.00537205446602203283 0.03839568201051414553 0.27539116810608149644 0.09501336132244929400 0.20217864407593305609
1	0.04670096841248681796 0.52773224937168361492 0.00874838098293590459 0.06548063338113992160 0.31093205041344845752 0.03304066873316426761 0.00736504870514068447
2	0.00559127023415847101 0.38033297039053637345 0.44650985014233940396 0.07056964207588993510 0.05601339734244503710 0.00545558637644130880 0.03552728343818936652
2	0.00033674799172479791 0.02863461726664264656 0.96887072279698893684 0.00084181583457706868 0.00045853321628111271 0.00077961657118581892 0.00007794632259976929
1	0.00015419062003284021 0.99195391789205011879 0.00430930228841917839 0.00075074985053195172 0.00052848420983957840 0.00224762184458158088 0.00005573329454493645
3	0.00262266235190746497 0.12309538486791371525 0.00065636656504275057 0.87143220432032786338 0.00024037469162924038 0.00009430028375071631 0.00185870691942899768
4	0.00676492346408267848 0.00408546738463688979 0.00360320520301220248 0.00537522330448247584 0.97834226339737451195 0.00026888024748898773 0.00156003699892248021
1	0.06796123872361502227 0.37518332537628079626 0.21372710952252688132 0.17757834835214567071 0.07081209266631408039 0.04576384766506127327 0.04897403769405651863
1	0.04561475030418644244 0.33778114116715723947 0.19266414579361906823 0.07950605392188113407 0.10622187024290326296 0.07679335235594496323 0.16141868621430807695
2	0.00895597852481025067 0.08494104659762322096 0.78985798053916422834 0.00295647452006030315 0.04199198394368237192 0.06385635202293100943 0.00744018385172867929
4	0.00001965602322495531 0.00004518080848580265 0.00000975153551736435 0.00008223762451791373 0.99982070854981608399 0.00000634489248911167 0.00001612056594971867
0	0.80744425831748778410 0.01338704696238436978 0.01436513649270204120 0.00144180420971993313 0.01251368982290827769 0.03316314551528676963 0.11768491867951082208
1	0.00604550257767055149 0.92065957173993717699 0.00982968796688684331 0.01276502867153612129 0.02097398322707715035 0.02448128647344371620 0.00524493934344931901
3	0.05515036492939660862 0.09000302322385504705 0.01267955892260573710 0.81807886517261751980 0.00906590644509079266 0.00709430050932606006 0.00792798079710870483
3	0.00029878618519394280 0.00035376709042165546 0.00058117373047774376 0.99849088155986354121 0.00012871048321643161 0.00005496689604189328 0.00009171405478627680
1	0.29951731582263169118 0.47311487872540447519 0.00878284781684796415 0.02107221100146303844 0.04045028960673598128 0.11648171492215415868 0.04058074210476257659
1	0.00471356802834601869 0.94431550503728878265 0.00380477345520486556 0.01745689352702917835 0.02301724388554277773 0.00028036386373699637 0.00641165220285137491
2	0.00367628113221972258 0.00488496597495432366 0.98600341152643511400 0.00086068501112346481 0.00378306526152195205 0.00066026034165568722 0.00013133075208876619
2	0.20045972827076821710 0.04608776862053470119 0.50807058485484968280 0.14822853325561391458 0.04628813787936891799 0.03116193854230053795 0.01970330857656397289
2	0.00120750724307644810 0.00005160064195954442 0.99732326718528674370 0.00103835029778439800 0.00006666448600657709 0.00027198920698796067 0.00004062093889845189
1	0.00038895608179362166 0.99360295661066133643 0.00150527024616883983 0.00239524537516371113 0.00102185551189469754 0.00010413458281248775 0.00098158159150518319
3	0.00056722099416186341 0.00098145227456872025 0.00034165427386883499 0.99800543840960620479 0.00000594289947122473 0.00006339865713009806 0.00003489249119393339
6	0.00174226419617918974 0.01445729516210506049 0.00182059019842862116 0.00160892309113247890 0.01870069241368036220 0.00511816915570703374 0.95655206578276774643
4	0.00113891931501088387 0.07917391315540495134 0.03567766888152251736 0.14475006020051020550 0.56116974255712093189 0.00258344854731333692 0.17550624734311731645
3	0.06435930815330023758 0.19051755529955380353 0.00902006772984393843 0.69636511921697497041 0.03583544442914162603 0.00161921238900422973 0.00228329278218131074
0	0.76147905966259410437 0.06371209329075970540 0.00484745150674923200 0.05584752509257588649 0.01313603435314397369 0.09545780552447140355 0.00552003056970576823
2	0.00134023289039955445 0.10929090691165625759 0.75681893583444115325 0.01089768460685143492 0.00619726406688243456 0.11226433966735324677 0.00319063602241462241
1	0.04830346412455495397 0.65466170194806905247 0.00517053268611962404 0.00294362510339369297 0.12715365673554596126 0.11827129718276607750 0.04349572221955080170
3	0.07338924799027456147 0.00713505847050314394 0.02069481598714621381 0.54893553616887336144 0.23299519805887503043 0.11358262864229087818 0.00326751468203668018
1	0.29162874752877676610 0.69528844056488325887 0.00084081751395867488 0.00173368285343590642 0.00520472438284140006 0.00328249470690981969 0.00202109244919433184
3	0.00002873009861960081 0.00002691975617352337 0.00000644217113133837 0.99990310416553773720 0.00000438061401005184 0.00001007579086793814 0.00002034740365943477
4	0.02802719309619577936 0.19902257076731613705 0.04869013213139678636 0.26346723808828625968 0.28943842071860148568 0.05900621345422003838 0.11234823174398320123
0	0.84480980893718615743 0.00968372948055410028 0.00362231210996394153 0.08962032444429567091 0.00491586700850146427 0.01112818148519758091 0.03621977653430101529
5	0.08328723814713225038 0.16471721365926661473 0.26225527994103786655 0.03472196147307911318 0.07952473364683325385 0.33438486894548902217 0.04110870418716174035
1	0.14034214416699755668 0.57159673386108245108 0.00496790114651175872 0.09327042063205982780 0.10263040670792385189 0.08043723350334830435 0.00675515998207617315
1	0.03176166584776411034 0.39046825823500491692 0.13206312148347917890 0.12716363878480541061 0.22230794965312394851 0.03918860336842450859 0.05704676262739766246
4	0.00400840086726641717 0.01679892179226648644 0.06122208378860276301 0.02742057719361423729 0.65791610825105062421 0.20349056303626683606 0.02914334507093363849
0	0.87224985226515527881 0.05956159886019322253 0.00336735325164395655 0.02736688733885072819 0.02912275732440124110 0.00668524276135049316 0.00164630819840507424
1	0.10581447271857895298 0.82813057891977781555 0.00475287279520320884 0.03223984870894937294 0.01159207962318968207 0.01547119234473981995 0.00199895488956149808
5	0.17985198926442624856 0.00470226551019404648 0.03134238119579860898 0.11786955288706618683 0.01397867267544896167 0.63727749985795412169 0.01497763860911196197
1	0.00001799046132924227 0.99712625321692971436 0.00035437148321172392 0.00064155028782448490 0.00026856448048103517 0.00155068728826718771 0.00004058278195682934
0	0.87347141856927545955 0.05777051132775396641 0.00463825974230917207 0.03633868803098581207 0.01494700557232612158 0.00918263213561053282 0.00365148462173906386
1	0.04908393274742925416 0.71285794918677702903 0.06238341723585248688 0.04896782933980120545 0.09817371094536206377 0.00236108257759954981 0.02617207796717867588
5	0.00164162250729453637 0.06134912919485255994 0.00504781192403081554 0.00227110582496214833 0.01696238856709524415 0.90035547704466467600 0.01237246493709996849
3	0.00082310199272184691 0.05619995181827824871 0.00017409363614092997 0.93995713630030264252 0.00240113349161378588 0.00023390018969601789 0.00021068257124664849
6	0.06673965651603636084 0.00655861638932094936 0.01179153614644250572 0.01219754277674852186 0.09926018779894066335 0.05386644865351051387 0.74958601171900041127
2	0.00002128793479524622 0.00011694153115000880 0.98618713633895693782 0.00124173800606692348 0.00369512663153865467 0.00238590273465710519 0.00635186682283528890
2	0.00125429654623463219 0.00116600349015628523 0.99707897540850065621 0.00015741211737639639 0.00016416248369630529 0.00016977996096681649 0.00000936999306947587
6	0.01701650151233654804 0.01965757742836455810 0.00372212086959932331 0.01076258903818090758 0.01134861124403206863 0.00903756609719572404 0.92845503381029070855
4	0.00020358236586298526 0.00751125293786251893 0.00249929609993961238 0.00463103428310604730 0.98009371301653225306 0.00412879360514239492 0.00093232769155321253
1	0.02339453318025222842 0.77269127794298653189 0.06251719103154781965 0.05926465748942057882 0.02004592034064990591 0.05054431215737817396 0.01154210785776455667
1	0.00327066299882203130 0.96087235318334407452 0.00899858358836075345 0.01346902304438077000 0.00138538025481003057 0.01058099905078153241 0.00142299787950116814
1	0.10586171836108319855 0.35485951760133999100 0.13885814247482927697 0.20797788520679322266 0.04061710171353167392 0.03228250581385314760 0.11954312882856978073
1	0.04127003900641692397 0.92659105913178674285 0.00075112826903187371 0.00663790458880578194 0.00504612951145006101 0.00267514021368464930 0.01702859927882412888
1	0.07069712190068433433 0.68161139031535511457 0.04698763550479038986 0.14035017519356571269 0.04366828002470750369 0.00568560853254988525 0.01099978852834749415
4	0.00039056102860141490 0.00015197489269167802 0.00067223202327726806 0.01159973280804198377 0.98508689280673500388 0.00014570094641954762 0.00195290549423262228
2	0.05101042475731604187 0.22159025757308772886 0.47808930417519174272 0.09807393535444267063 0.05504800116197928334 0.05427029812647132800 0.04191777885151118377
2	0.05793982544761787368 0.08085269125950331204 0.70696188708914753374 0.10820077479626591388 0.02035075311774300205 0.01060196983739508311 0.01509209845232734222
3	0.01661368567079455488 0.01392471282326360887 0.00131460643674709493 0.96681277512902241700 0.00017181812208869865 0.00097755142455546251 0.00018485039352751694
2	0.00141133588075164859 0.00355550212711787340 0.97658693474288527092 0.00041703900934236061 0.00021665328079706556 0.01738703960307363267 0.00042549535603182546
1	0.00236566540655939366 0.99140099779982493455 0.00096141988190099237 0.00067158534357751522 0.00097592394565668942 0.00036645785526764332 0.00325794976721286485
4	0.02338521974093914213 0.11638796520570962589 0.00667670426260790883 0.01144909998076224303 0.76157627541025207929 0.01741585337234492076 0.06310888202738412778
1	0.00062317444031629915 0.99847099211198409030 0.00064069072029611688 0.00014897725991252489 0.00003317017802195292 0.00007194808901676993 0.00001104720045235790
6	0.18743258696237580230 0.04798861994910298689 0.14084585687387490838 0.16964438151734126392 0.18788617720933140087 0.01871281239166267332 0.24748956509631087064
0	0.94531834589566354765 0.01563731604944485973 0.01182031857458530101 0.00876806870995710565 0.00867982810171533462 0.00692369793283297355 0.00285242473580056858
1	0.00016004638539698094 0.99963455248627364202 0.00006693947457107661 0.00008924496300367608 0.00000305370038605580 0.00004211108126534833 0.00000405190910275228
1	0.01589139770371856067 0.94847878811536412424 0.01376687290952627839 0.01135779502975295917 0.00805667958685805756 0.00129223531333052350 0.00115623134144799658
1	0.00279320109092345359 0.98131266262164895675 0.00039458602563100279 0.00058926034095539335 0.00070263966529422121 0.01277210823274934140 0.00143554202279753593
2	0.00008541119103343316 0.01033443879784086417 0.97453031475663731698 0.00068251973287716361 0.00074054754240774549 0.01344487500881695781 0.00018189297038914684
0	0.43507496715065313575 0.11357158257788101119 0.00756521277768826272 0.24481335117661687240 0.02674441117226260961 0.00893670540974311756 0.16329376973515494220
1	0.00011701869747718097 0.99785208020152271757 0.00046340362210255310 0.00093069372067851872 0.00006725105589060583 0.00054770675679050235 0.00002184594553804107
1	0.06384453573970055862 0.41871957293869005445 0.00786461042004214274 0.03455149690024102854 0.17943924774602287853 0.03026759357159252914 0.26531294268371086176
3	0.00031650542063622249 0.00165926424697922670 0.00109984926291208421 0.99363452824573994526 0.00007716126096436224 0.00305372498236434987 0.00015896658040245697
1	0.04757680302530863103 0.65395343008693118669 0.02079693732842791132 0.22054768284041856297 0.04030780431326594360 0.00903971028006029208 0.00777763212558751135
4	0.13174767814027743551 0.07874172423277031596 0.01449740730841721573 0.14916177244362674448 0.57411313988378642748 0.03000919331419762970 0.02172908467692409584
2	0.00573952448382706194 0.00845473992201361234 0.96500139876969870389 0.00444122904559047030 0.00679584208052476466 0.00571314670798507389 0.00385411899036025487
0	0.97814699372005542433 0.00587122550152572881 0.00050973377846532698 0.00112427007763069020 0.00182423147464890563 0.00115260748551844526 0.01137093796215541894
5	0.31202005305290947401 0.12886506233751274242 0.00943937687383380672 0.13003058429366060045 0.00663580863082027187 0.36702900350062006574 0.04598011131064302232
3	0.07028138284166272898 0.18162604397090434394 0.01069854418332979833 0.68472446644260576143 0.02175551987138393470 0.02444168839260915313 0.00647235429750402276
3	0.03057602442600049208 0.02607389927858893425 0.00503429943628640880 0.93481555676863092863 0.00204581099832657886 0.00048532378080333726 0.00096908531136332624
1	0.02644617383844969499 0.53918863553582141446 0.00981982588709786296 0.00493021272371407457 0.02397858063745002960 0.38467617969861112037 0.01096039167885561570
1	0.02276756065698988182 0.85164219252437700636 0.00369119965760891268 0.01664130926879413969 0.03526623118109289967 0.01848280223747802639 0.05150870447365904492
6	0.00538020802506939625 0.00079973130785456891 0.00072308218980316082 0.00091891659427125578 0.00234483862492236269 0.00125621507139000717 0.98857700818668903242
4	0.00333447895849229951 0.01067581187286279105 0.00512488376215186007 0.01128385224354524000 0.96476366749297404191 0.00072009447314193026 0.00409721119683175827
4	0.00042132859066459070 0.00111861703209675920 0.00087526250772106931 0.00073801464122298047 0.98595534799076134380 0.00300586030970405489 0.00788556892782995775
1	0.00192634883127266771 0.99453257197724909133 0.00050551825183159490 0.00036651884013874040 0.00007158148856744987 0.00255582896237030758 0.00004163164857135775
0	0.96719055610246273957 0.00174793645590342423 0.00105008572235251642 0.00745275651130072100 0.01163470542366333745 0.00794724601044132818 0.00297671377387579220
4	0.01500941957748631872 0.03551196257481564755 0.08040743718227449932 0.01794547837952004121 0.82412845866411632567 0.01298096617073821180 0.01401627745104874929
2	0.00054072945248039473 0.00004951908182887209 0.99671805223686260611 0.00003647545273468726 0.00128040833580985521 0.00108439831391755458 0.00029041712636586868
2	0.24036732837339588875 0.07911288694185619752 0.44981475236301893261 0.00592618644988820737 0.04458529545864527155 0.15116306997433734405 0.02903048043885832555
4	0.00264994834106222930 0.00560003360258449871 0.00162118980635767647 0.00045077317071706539 0.91793890446292170093 0.00381715487782225988 0.06792199573853534289
3	0.00133148185954442308 0.00445531465747757514 0.00030294267691963997 0.99307717345408530463 0.00026652377275702862 0.00011161066519545799 0.00045495291402096938
1	0.05566064159750102464 0.50549460870983375926 0.00382637556837623315 0.02379149023364316926 0.34168737308436347710 0.02226053984255935148 0.04727897096372286195
1	0.01129017728340716079 0.94322409070195245562 0.00464958350644124451 0.02802916389266348063 0.00100838967869066459 0.00451583843195727495 0.00728275650488844836
1	0.12380282541645522276 0.54962042730667826085 0.09120917079227855440 0.16888644233683863805 0.02339961861596756218 0.01946457660276471741 0.02361693892901681885
2	0.00112734807798548311 0.16168528873302079329 0.81119849486289463680 0.00584194410659235469 0.00606080446278324352 0.00863294680031464513 0.00545317295640922444
1	0.01012184610726555786 0.86346688369378865602 0.00593972345235685255 0.03598512898946650690 0.03192788126244798519 0.04967998567169625013 0.00287855082297817618
5	0.01222785005504824912 0.22561466047949907399 0.00496514088988799299 0.02191379167439044470 0.03755986561981320554 0.69181649657278643240 0.00590219470857480510
4	0.00083480127439060218 0.00048227628831823530 0.00016618382620548901 0.00136004867802651187 0.99652379135717583658 0.00013883894028860871 0.00049405963559482756
2	0.00309712316963752909 0.38680880669309863906 0.53064265971679669409 0.00228642299317807687 0.00082590684952172104 0.07357268109133652256 0.00276639948643107696
1	0.02946128869847590773 0.25071461064209477065 0.04130342011893025495 0.19353883719725606394 0.24099199955080793933 0.21153129311476270846 0.03245855067767207391
3	0.00935729498763763698 0.01023002460380709189 0.00710956376226570385 0.96928654241326706043 0.00068267363710555892 0.00274808627955937029 0.00058581431635674325
1	0.02560838410976782817 0.54449117342451236468 0.00482528041275720899 0.41873903336682893883 0.00105958551178948540 0.00463488481844657151 0.00064165835589788682
4	0.01846417065633274707 0.09742933573248840906 0.00838997843953352349 0.05373709041140114356 0.77843901558592543122 0.00356486138279966383 0.03997554779151911430
0	0.78603160490789303338 0.15066898286292601528 0.00704485469622859791 0.00785921727888377886 0.02854199715442138491 0.00836353979064337859 0.01148980330900352571
4	0.48203864472583640710 0.00224983210046453058 0.00044025520223521015 0.00052745243857137852 0.51005307191520543597 0.00027474108531210710 0.00441600253237488163
1	0.00008239278990363090 0.99227682436475772576 0.00053090106796211409 0.00487134087644788220 0.00134672283493642063 0.00059510375506741293 0.00029671431092594862
2	0.04512708180111710266 0.29628901417203251656 0.42925575782685970738 0.14348750724250863842 0.00059046524687722394 0.08360320082932071184 0.00164697288128441851
1	0.01242575192705172409 0.93404522789771105007 0.01736928710417113761 0.01918946110933013316 0.00285135323473746909 0.00855602177976676030 0.00556289694723216977
1	0.00422551337311037785 0.86757225560886441773 0.07242724834104034837 0.01396589511091702283 0.00286364843706628626 0.03585782470631727892 0.00308761442268531711
4	0.06288408375603952993 0.01510701086865397572 0.14552012020832677530 0.10067383986604368229 0.65521609520905244040 0.01189470300641989192 0.00870414708546330892
1	0.00132832357026721622 0.98841587967316923979 0.00055559286015954552 0.00547732359732808118 0.00243378969229576065 0.00166710639242861566 0.00012198421435139121
5	0.04664093873311128680 0.09467142319120053218 0.08577491082513681586 0.13643336342695180918 0.05502056528495487958 0.57712176740645837469 0.00433703113218624012
3	0.00983650849286858003 0.00241361800409369866 0.00010242287529636927 0.98740723326851864705 0.00005322318492096134 0.00008561222277689748 0.00010138195152519976
1	0.08615255276067670942 0.54571802549838110963 0.00961902158362834894 0.35046142124713164367 0.00313469613247777676 0.00423640733581386649 0.00067787544189063951
1	0.00169511979864885314 0.92150952278825526420 0.01079047371009125324 0.06551378496985876820 0.00008805689002257186 0.00013900188525962302 0.00026403995786321142
1	0.00572901826635935016 0.88111586185855572673 0.00620501251870078652 0.01597851860658387746 0.08211324149504950487 0.00661173537003967391 0.00224661188471166539
1	0.08132753474383029590 0.77147692061721828694 0.03907572431221456588 0.07163222572400847199 0.01339323508214474573 0.00489950904532782984 0.01819485047525546198
1	0.00092161071608079861 0.98194788553353307137 0.00537096607425141970 0.00460096417204202291 0.00206964410110740743 0.00253113375597943148 0.00255779564700515070
1	0.00003812467009776067 0.99758453907874766742 0.00086903700143250453 0.00108316939441162742 0.00007059731200393097 0.00030252073397926194 0.00005201180932798616
1	0.00231046762566603295 0.99224335197772095540 0.00128800604239651356 0.00237267402049568714 0.00056229630889263879 0.00110782443544035812 0.00011537958938682240
6	0.01151553040767161647 0.09319275034320861906 0.08365095139632056087 0.08842967027641293609 0.10378697952826523854 0.06283995393110747285 0.55658416411701328030
3	0.00000429184759942401 0.00000206877153274564 0.00000074615926627555 0.99999211594084713717 0.00000009965543310859 0.00000050819689090483 0.00000016942843130359
4	0.00896276798488652125 0.05590683861348716421 0.03154234220656493282 0.00176227164546156564 0.86309797818882105780 0.03728268032971709944 0.00144512103106193227
0	0.82187103610822553890 0.01130265422010674065 0.00396109962644554305 0.00004102837841242055 0.03038247504399816529 0.00207160703094122879 0.13037009959187037533
5	0.00601296297774271942 0.00866058843508292486 0.00070928778482011055 0.00100801045188540230 0.01305725092048990246 0.96540567320133308105 0.00514622622864628013
2	0.00001276982875725299 0.00023086107950842750 0.99852520623998086702 0.00008218413587779577 0.00017762476861182645 0.00087451971998024169 0.00009683422728579598
0	0.79067342409835317252 0.10107881102581756094 0.00444863805955949491 0.00792738399989591225 0.01441475003827843993 0.04561125402222878517 0.03584573875586657271
6	0.09300083482558590964 0.00193852505992676578 0.01329658608083324894 0.00188923403684997148 0.00191228276148670676 0.00036343842472709984 0.88759909881058995929
0	0.93702436641997000066 0.01130579756224519769 0.00201321354502551411 0.02318038311766449505 0.01288073003457436590 0.00211824397985560390 0.01147726534066473812
0	0.32872125735150864445 0.21724748655313680379 0.05001435257972798587 0.07316063958389827648 0.17581529806220111412 0.06797313598153856273 0.08706782988798873746
0	0.40186021826404455526 0.01035967991667277772 0.35069236679807880286 0.00967346040760551883 0.13839469140509974565 0.02123484959306369199 0.06778473361543482789
4	0.04068918629104836815 0.00499076100216963321 0.00061961043311402244 0.12608386536353913265 0.77930611775590197254 0.01512634483029312929 0.03318411432393401916
1	0.06247416718632731181 0.66902534373604038986 0.04107726409338423312 0.00134621106399208652 0.09615279765594857142 0.11911831198007256927 0.01080590428423498263
6	0.33419644975855833380 0.00636871740900812715 0.00362725245006460199 0.00256134538521906978 0.01984071717054709458 0.01350386406396304577 0.61990165376263972608
1	0.00073357099074973953 0.98729112910415428583 0.00162752910271753886 0.00920698380658466729 0.00016906207937594111 0.00073137105253101380 0.00024035386388731851
1	0.04163403069806230483 0.60034621455328063266 0.04825839491055935321 0.15563397630626707446 0.03926472364863599351 0.10196940258981250504 0.01289325729338276424
4	0.00087863310334844620 0.01603700207506038658 0.00298245572230135475 0.00353599334764051346 0.95858608668630962413 0.00166767175044763992 0.01631215731489162393
1	0.02171337579863049858 0.90545976506661207672 0.00231438328322999473 0.04630411409431306469 0.01046214544102954183 0.00688998777218698209 0.00685622854399756381
1	0.02714148213694100864 0.47756769330308518340 0.19586739167330474709 0.07398949319130693203 0.14564307181142782666 0.06637644073809718936 0.01341442714583660975
1	0.00021602413306803556 0.94315485637525042772 0.01005540902166211781 0.00566225763111437470 0.00050800639934395469 0.00311456579667741427 0.03728888064288322229
2	0.00304506678963640523 0.00166592776712138138 0.98074269921144274775 0.00022668297035134316 0.00157648741852089926 0.01230306933562271866 0.00044006650730472565
2	0.00019716895262024393 0.00071757406717990737 0.99812034455599152327 0.00021189155817308983 0.00036382706795412648 0.00024644091385583704 0.00014275288422319578
3	0.04755316184769033117 0.46994900836516273479 0.00245516353031957017 0.47828562065759194777 0.00066750364740509618 0.00083976695608853509 0.00024977499574108970
1	0.04816046820029978165 0.69862304291718235749 0.02191176565217713493 0.08520208422142495908 0.04505259473396910214 0.03067025004901395568 0.07037979422593251821
1	0.15289416207411343773 0.28772149558076420828 0.11200092057156274539 0.09500368580875889757 0.09456895316625997527 0.18698422310390128143 0.07082655969463919066
1	0.00042390190799011741 0.99891127072731411563 0.00011370869370354448 0.00044232270206329664 0.00001808381573355289 0.00003179045367372537 0.00005892169952019627
2	0.00463918277857001786 0.04210461418231113001 0.81578951602084504025 0.06772719206442139039 0.02246098461145746086 0.00343425861914615615 0.04384425172324835085
3	0.16853430134268909679 0.36549331559808467818 0.02590798969461368534 0.40245937941819076578 0.02929533695379857305 0.00330025051588211764 0.00500942647674135211
3	0.05313295814358758723 0.13820830068027503690 0.00594757684960304893 0.65917910935590418031 0.12892765205189030131 0.01125330172875395850 0.00335110118998584909
4	0.31893342121206724737 0.05266580924308938289 0.02930437000054358573 0.00813159238358000455 0.35373059277561191838 0.02949199875260148998 0.20774221563250624967
2	0.01463988517159900242 0.00451206417738084144 0.54724527487266583226 0.01182320430234224534 0.00745590106956993664 0.41156768642028740413 0.00275598398615446022
1	0.04181056640206101682 0.72852219867076084547 0.03199941846159454900 0.01306898251990586124 0.09104940301516580015 0.02881893199104470019 0.06473049893946722366
5	0.00186400467964032909 0.00013377588955232908 0.00021373189711106338 0.00069252277600836379 0.00031130855912108341 0.99657459937257375504 0.00021005682599333519
4	0.00000472778936772347 0.00000147973105615389 0.00000252259317997769 0.00001080853355102258 0.99995799133430496308 0.00001077035700906528 0.00001169966153101822
5	0.01575695607439573515 0.08226669174826126141 0.00792781558664953055 0.01643986323510215550 0.01818184059759021462 0.84053964593386476523 0.01888718682413556907
1	0.00001376225575151227 0.99914026218557538961 0.00024931520525679302 0.00037596239392606492 0.00004218268470572075 0.00017154260766815091 0.00000697266711480339
6	0.45366336394157746881 0.00031954481546308486 0.00022975629372869392 0.00372748248053117416 0.05766110709723200334 0.00017273247014767116 0.48422601290132000207
