1	0.08466470019682505177 0.49980105466798319114 0.02125269241210589119 0.05401461717008768093 0.24995391489735735435 0.04506556148500447806 0.04524745917063612705
1	0.02061010702031038436 0.79332841651805130478 0.06348740610997676004 0.03221935538655420345 0.02790316461681270621 0.04478387686406456319 0.01766767348423031389
3	0.01154874900031705419 0.05378558943361965577 0.00086079982859219614 0.93212019960211534020 0.00028367480212739427 0.00087220859824467946 0.00052877873498429102
6	0.01430417254004204622 0.02862526376005535000 0.02646822657042210286 0.03763920516167457847 0.02740524767591062671 0.00830796824682167312 0.85724991604507339016
3	0.02473481059895702230 0.00474719990103106542 0.00473646815039405287 0.93492465662483303923 0.02737639172093419074 0.00047829196601214511 0.00300218103783879550
6	0.20361396611206333818 0.24913804787631571580 0.08894294747912785681 0.06003070041886773844 0.05183689951816616154 0.08537244693714579613 0.26106499165831337228
1	0.00132907355868330497 0.75003776840951652538 0.00167655786089352526 0.24440904886982606214 0.00100124481543445183 0.00027612396315247409 0.00127018252249296872
0	0.72582800068929331783 0.04516382825004800622 0.07305933463795469263 0.01983031605487690918 0.08440997453294689368 0.02542138310350257682 0.02628716273137771467
2	0.00028181478820327665 0.00046138710139379170 0.97678895998213877139 0.00161062601866436106 0.01199729967540297607 0.00620890419693135003 0.00265100823726540681
4	0.04548180638044733298 0.11713833115211158553 0.00659398377688736638 0.01226119391254542820 0.69256819121584500820 0.03364733445072258522 0.09230915911144083053
1	0.02242706105573265274 0.95617834745272634045 0.00270999667294511424 0.00367675558084435772 0.01028804894371187356 0.00390390083091701322 0.00081588946312224735
1	0.00013994457521882971 0.99636101058908321804 0.00072636213536249501 0.00050589402513121699 0.00056588680522762550 0.00158051191057235509 0.00012038995940478091
0	0.89582991458279515040 0.05659907410438668601 0.00644058010515326674 0.00561524444893137745 0.01151873590043869279 0.01702093068632495529 0.00697552017196967356
5	0.00021032668914368905 0.00048596476085766872 0.00007456642348802039 0.00233780310115708602 0.00330437222917941403 0.99338681333510325810 0.00020015346107103975
4	0.23155300364139844160 0.12641559006325842063 0.00411597675230908431 0.06396565307850758664 0.51335699861602201999 0.00592389483988828725 0.05466888300861619948
1	0.07070156777766715972 0.84286371547070915167 0.00097747589091654410 0.05549799624773672779 0.00434329023151463697 0.00511440329597768594 0.02050155108547818336
1	0.23511003809171440726 0.34929284258171322541 0.05585639170848910595 0.24898067038427462716 0.03729954599244426905 0.03686412374409205744 0.03659638749727207874
5	0.00039344345040437986 0.00003414702556291957 0.00015238990226271607 0.00833474360613261321 0.00007110795515647374 0.99092844389293843754 0.00008572416754250469
4	0.02643498654560898914 0.29036273005570972794 0.00735888400166158536 0.12101071966345421094 0.50114664299805855574 0.04617475864537529118 0.00751127809013195109
1	0.00754167070200515311 0.96753634048827830139 0.00300944592054122216 0.00292853083739721617 0.00080259083245016625 0.00983368492764253102 0.00834773629168483224
2	0.09358466457364472690 0.25148806620001368239 0.36744520871388552941 0.23461421603820381554 0.01721116425135113884 0.02763998065087179198 0.00801669957202909116
1	0.01750523554027245618 0.56280713795486125850 0.01158231020257102090 0.39287773715923429707 0.00273329813865904811 0.00229113768479890850 0.01020314331960336766
1	0.00132891635151755690 0.98337061968230143894 0.00059376481900687468 0.00146328521915662767 0.00041887915455172871 0.01046071603475817215 0.00236381873870795999
3	0.01281816470208525273 0.04151974800680106187 0.00543532590140498491 0.91237057990304049060 0.00077925920715071967 0.02262556322251562876 0.00445135905700249235
3	0.14728977927333050668 0.00365830425444403726 0.00327852954030999908 0.79002377393997857968 0.04635163842750524010 0.00870998353459099400 0.00068799102984090329
0	0.38592783691057641615 0.25871016475573038740 0.00905549827991164458 0.08549088434917100077 0.03304596964376527862 0.15436842912215834045 0.07340121693868695285
1	0.06106386182663067763 0.84328349403034275067 0.00092553056761970768 0.05621828546858597536 0.01994205926726063186 0.01211495161664375569 0.00645181722291646078
1	0.01041655767153512081 0.82374491153212758832 0.01124172079379168535 0.14175694077676967431 0.00138787543790379873 0.00902104610321667957 0.00243094768465676762
6	0.00012747428020135830 0.00043636381260022230 0.00218258213133596356 0.00022923630454956809 0.00080977501516573303 0.00017228883890026670 0.99604227961724689511
6	0.01090339937898406920 0.19017790740600237775 0.01554397625672358091 0.00654987601612353441 0.04523624860546941739 0.00847953000319202378 0.72310906233350513705
1	0.45354351911122131602 0.46228175678528393711 0.02015342565683988715 0.02065074605010604539 0.01399055254896844173 0.02073549036438469134 0.00864450948319562575
2	0.00032216658316169182 0.00361681237281600036 0.99152884929689677485 0.00282522839269511074 0.00075675405059957303 0.00064552308711920861 0.00030466621671344785
0	0.95938242600761503009 0.00785285381280029920 0.00107819434981567771 0.00244212711496548341 0.00728832845342091730 0.01390455285329537938 0.00805151740808730289
0	0.82721758970315806270 0.00625241174145546759 0.00037983100013061830 0.06840379395791845729 0.02406093368998528381 0.01565647311780803477 0.05802896678954418824
3	0.02751583560466379016 0.03533672625031938908 0.00044232160029276219 0.91503527319607547152 0.00850467795375073679 0.01006385736497833298 0.00310130802991919309
3	0.00083268194637485331 0.04158833316852973694 0.04553375867915867431 0.91059643585297189716 0.00055485780036941296 0.00077553191747989543 0.00011840063511625893
4	0.00872714898902104963 0.02308602521856537373 0.16324849050161746589 0.00221132149985743629 0.77049787216980603066 0.02962439321011610741 0.00260474841101653379
3	0.00050328547484107024 0.13776489107813616464 0.00091537987736146952 0.85678067093054477432 0.00051578967726437436 0.00148011686999293193 0.00203986609185950914
2	0.00569533096956861655 0.09893788618077330177 0.85700983687638698783 0.00597352488492083368 0.02975427804816496366 0.00063008557601287353 0.00199905746417234319
1	0.22216176774119800186 0.27320746941552098708 0.14654679336520565203 0.20597046528434917456 0.04259534701891851821 0.07176133545700474903 0.03775682171780305602
0	0.47787892438730850131 0.11839988527557238074 0.09963573897988514672 0.26678803239315029838 0.00603130140864389930 0.02018138789484309747 0.01108472966059677496
3	0.00057654891773094145 0.01084379073525949637 0.00392529489235887621 0.97870414175424758074 0.00464353051236184814 0.00114813687542709856 0.00015855631261506450
1	0.00165479301159783304 0.96971441808168001852 0.00321149100267870656 0.00013108335317958586 0.00104420722339796496 0.02368192978385169969 0.00056207754361457178
1	0.00000511403111120580 0.99963903897391948039 0.00003548110723866424 0.00010256839241385220 0.00004436691483439944 0.00015345144581119574 0.00001997913467139185
1	0.03124982338000485693 0.90872309069964507522 0.01820828826726195171 0.02913093400220683957 0.00909648993542344457 0.00214890993141315326 0.00144246378404482879
4	0.00097872043805459063 0.01035698752549475340 0.00273730000573763543 0.00092405233958741425 0.75980903132486654616 0.22442253703031150858 0.00077137133594742447
1	0.00730616351747323620 0.78671308711971876804 0.01152349340063618666 0.01971141031556625234 0.16538055055444486618 0.00502952458188217835 0.00433577051027896933
1	0.00269393617884817940 0.90023379535549619135 0.00564937008304006432 0.05208986556445193566 0.00833100375784437235 0.02201760080516091539 0.00898442825515759214
1	0.01079159064903545753 0.85058986902882305348 0.06920398406432468064 0.04048241231989149064 0.01115809911701186145 0.00988893852011760860 0.00788510630079575399
1	0.00000954817680161910 0.99969856179436500376 0.00005098386547732063 0.00018283641146519405 0.00001159234585463641 0.00004578800503202304 0.00000068940100655159
3	0.00181208436179689089 0.00017481934284893316 0.00003245417030678329 0.99730552988236709222 0.00063886495690656457 0.00002207229253944019 0.00001417499323328289
1	0.01224804284861627512 0.86291013831098850595 0.07890931128308800724 0.02647556792384246627 0.00769430488744962757 0.00630094346389316502 0.00546169128212184440
1	0.00164384908186521574 0.99236366877168047385 0.00207618843970619167 0.00067058726090845158 0.00042893668774618264 0.00260384195581009163 0.00021292780228322666
3	0.00155205833170964091 0.00137515913486046669 0.00015118305469611200 0.99676005978498261051 0.00001798311929034189 0.00005698203671809120 0.00008657453774265238
3	0.00152258382344067989 0.00425148346293507257 0.00022077145682913065 0.99360961955659021783 0.00005593556028970990 0.00030430500961553346 0.00003530113030045588
4	0.02703844623848545778 0.06279629782122908566 0.07312190915043080552 0.01753021570191790404 0.70954026174329565269 0.08777442477893321326 0.02219844456570780472
1	0.00513281342031933485 0.95964666443354507130 0.00429013432702432876 0.00707536089815193493 0.00863013345010030936 0.01441737099412460262 0.00080752247673439542
1	0.00052354275735984541 0.98472438918445914791 0.00453344514318416991 0.00082780233585096335 0.00067333822421602747 0.00743967440583033664 0.00127780794909903282
1	0.10818972331354119454 0.56376395154112135533 0.14524661188929474664 0.08095446204034435767 0.03619548693372524190 0.02956711117518770471 0.03608265310678514248
1	0.00209094133764413772 0.88151293057010038368 0.03688792738293173584 0.00072927412144481929 0.00176267017364935275 0.07524423916582463623 0.00177201724840449779
3	0.00194138619490628558 0.00408800098854575703 0.00053332568312560585 0.98922113339427730772 0.00067104895988723203 0.00132895647035409536 0.00221614830890275519
6	0.11476131142523117445 0.04387756017108891682 0.02909401111037389007 0.10430862752828611029 0.12645493619944661590 0.02351076353678002023 0.55799279002879320633
3	0.00180042180306220719 0.00161182932230031183 0.00002068550314531726 0.99647178933052837912 0.00002669334643152108 0.00003767076629956011 0.00003090992823329252
1	0.10231145217168126360 0.74484524325412937440 0.00145077921344830148 0.08673491146017765774 0.04493326948140351218 0.00362647257965622270 0.01609787183950362258
3	0.00240231635833764280 0.04703382527478196934 0.00083450315770577097 0.93347584734542898843 0.01513820872855153703 0.00022904812412711061 0.00088625101106797912
3	0.00774171897607874460 0.01394343723332379208 0.00037090873480532242 0.97409913617463961266 0.00207794114129886479 0.00023314640073708655 0.00153371133911706960
2	0.00960444683471571928 0.08790759476736406675 0.37911074035886133116 0.16821224996904965421 0.02541358923981001591 0.06972725484812036800 0.26002412398207891409
2	0.00057374351494940206 0.00287790484100758706 0.99428498956809863163 0.00013878538611638425 0.00108981616245004123 0.00081488881221944854 0.00021987171515851252
0	0.86243029807634330464 0.00207669315819883652 0.00221626212333380290 0.02863616113692821902 0.01533581109388637911 0.00372490492797025643 0.08557986948333917709
1	0.25113634222258934825 0.43599850543847984419 0.06196035696507501411 0.20247254024723995713 0.01934383929708237068 0.00149062823501938126 0.02759778759451439467
4	0.00098053194834480262 0.08077418746852850495 0.00171996893458162031 0.00106514704740235354 0.82046462994531288437 0.09310418837660881797 0.00189134627922039542
5	0.00075489401310527857 0.02065586932302222734 0.02567173257292483524 0.00031041277462384042 0.02441228301084231306 0.92301947632899494778 0.00517533197648681678
2	0.00893861393922958276 0.04053586948206129581 0.80823697657683413187 0.03207864142112031719 0.05799608740231224080 0.03498931553561270003 0.01722449564282971246
4	0.10035867644829263301 0.07376965490677889203 0.00164946892666418296 0.01311148492261360841 0.66371381719881017425 0.01754812299245275820 0.12984877460438790098
1	0.01412045430389076775 0.89878106578126182313 0.01871998759452217498 0.03158654434633237362 0.03245964667715257185 0.00386901270766457301 0.00046328858917465417
3	0.01840053670162412544 0.07663468558695786526 0.00662417529872225824 0.88834369897956744211 0.00184461166688094686 0.00623721150544601609 0.00191508026080146701
3	0.00679263124093131433 0.08397126504655966217 0.00171562315431240476 0.89929434554949638780 0.00202249961457192685 0.00495256795808924136 0.00125106743603869215
3	0.00193075726406168047 0.00559357685393549291 0.00041680634578002617 0.98704938800671071508 0.00040458415207162720 0.00017283455598357438 0.00443205282145673132
1	0.00384933144686473673 0.98049443006273961920 0.00061233894701152967 0.00108895319161083541 0.01253035968055959265 0.00048108325138062854 0.00094350341983332245
2	0.00000219620646622716 0.00000490925619238940 0.99987541365909204938 0.00000065287577996359 0.00001281750552144226 0.00010077382296467847 0.00000323667398561244
1	0.00027309697368875751 0.99590848787090280325 0.00108033927197203716 0.00150967720962135832 0.00017514031517078187 0.00086453644326411243 0.00018872191538156453
1	0.03066551235756375879 0.69180718662215834325 0.03684930431304409698 0.00518706878787841309 0.02629435741309913213 0.18155847203323347006 0.02763809847302252723
3	0.05683882125192793455 0.32867457321159671002 0.14082606108097928121 0.41316508475848851001 0.02442382308365614180 0.00913170263523729701 0.02693993397811356855
6	0.01524305078968023718 0.05865482604358771002 0.04732189464744832735 0.37721949471284610400 0.06357363637475822726 0.01370214964023807463 0.42428494779144088067
2	0.00005707847033300682 0.00500195167589468498 0.99122607960750663825 0.00115528449147292824 0.00001145406189223177 0.00239956276849467290 0.00014858892440592633
1	0.00104219734287571515 0.98186265558003105181 0.00138252393377962120 0.00248348293628774695 0.00116396396126181327 0.01137456833718430635 0.00069060790857977921
2	0.00005944753490432951 0.00612174564807182933 0.98420872665901615317 0.00042890898680646264 0.00116951996607255371 0.00334075235840880676 0.00467089884671923437
0	0.36648379815180825991 0.03464170479964271548 0.00439855419935467843 0.03949473364139077097 0.26211355452473966698 0.08321261248026541602 0.20965504220279843062
1	0.04622633285681523180 0.54040342843274435936 0.00855963273177742096 0.06431811141808164989 0.30017638000989416147 0.03405919440573143553 0.00625692014495558141
2	0.00622390457531628132 0.40429552344277158715 0.41763605636034861757 0.07176935962404877578 0.05789139474624217102 0.00570156103384988552 0.03648220021742296787
2	0.00037039895562045129 0.02874790831922899997 0.96871778246586104366 0.00081930874206766625 0.00047048428253903884 0.00081217107250477181 0.00006194616217716009
1	0.00016517362148591550 0.99192041224378768582 0.00435182776733790844 0.00079128292961246603 0.00054286007575040350 0.00217455924233124313 0.00005388411969491928
3	0.00224719621679728620 0.12120929944383138088 0.00060792898340353198 0.87374828328138309796 0.00023435673874611112 0.00008998520356140832 0.00186295013227697772
4	0.00686203275485761880 0.00403424872964849857 0.00344384288619723660 0.00497175745379397835 0.97900263622583238998 0.00023647300696348530 0.00144900894270698225
1	0.07612709290289679243 0.37104597719390003396 0.21084359865468391138 0.17703603741137799443 0.07047846887830137852 0.04632374444060818192 0.04814508051823186696
1	0.03866233571864712004 0.27826558915963872654 0.16988159964913521205 0.06187452084693383786 0.19033728369186145302 0.06404969441447752598 0.19692897651930582614
2	0.00947907623454181079 0.08985361999733663951 0.77956851586493214334 0.00298287128424973508 0.04457339510873603583 0.06584025060064793711 0.00770227090955562591
4	0.00001741356787826241 0.00004003119722999077 0.00000801833966912222 0.00006267933390022161 0.99985323101639111965 0.00000425053330127339 0.00001437601162878097
0	0.81063119083285395394 0.01397679904389841944 0.01252149869165466133 0.00147423928259398252 0.01200260716000363902 0.03079088863056607742 0.11860277635842911281
1	0.00706918063999259754 0.92013121732104108386 0.00975619359726382675 0.01269333818601537690 0.02021415739497289810 0.02470084039157918049 0.00543507246913513351
3	0.06188919641183832782 0.09071695115277300658 0.01283182849995895616 0.81012184808575493644 0.00896467872216392611 0.00729320061510750281 0.00818229651240385235
3	0.00028429015555558624 0.00030549318433886605 0.00041278291938195440 0.99880946835202111256 0.00008303101139976218 0.00003999577379773619 0.00006493860350574468
1	0.30039336400154448281 0.46538460856111196762 0.00873659611683378842 0.02324088669310766381 0.03999762432110062077 0.11798009630206414411 0.04426682400423752328
1	0.00665897733324985735 0.94188245978240803247 0.00388565832823801159 0.01775236759076095211 0.02385335172662715608 0.00025562613197599508 0.00571155910673948070
2	0.00355845877802042935 0.00468521239028017907 0.98647577766451011172 0.00072374778065772386 0.00378917036633246579 0.00066441649356227160 0.00010321652663575834
2	0.22684875636893336859 0.04829695673375945103 0.46702719701726419510 0.16103335802169671531 0.04521378531391358202 0.03327706917748967513 0.01830287736694273873
2	0.00128612867358288011 0.00005458592665697593 0.99710981165553880246 0.00115903238791195988 0.00006591076156679828 0.00028350252743964213 0.00004102806730255132
1	0.00054577109862407409 0.99326520624949288241 0.00152071875719794530 0.00258607239603999076 0.00107927460754619420 0.00010142919395012990 0.00090152769714972082
3	0.00058133888462835552 0.00089734193003346882 0.00027006051459926400 0.99817057472455983369 0.00000458425010292893 0.00004975254506037887 0.00002634715101529730
6	0.00196951253803654292 0.01248568732983444847 0.00148978809229564197 0.00136729130342828518 0.01899390544655329624 0.00449024394959467426 0.95920357134025746593
4	0.00137779409700621047 0.08276590851673409910 0.03577398940199818383 0.15491133396063555550 0.54058363760322214464 0.00253192802847927072 0.18205540839192452252
3	0.07829332740942317181 0.19226407524305125230 0.00867694996797828584 0.68156846022910921867 0.03570313324683600104 0.00156609982695558414 0.00192795407664626589
0	0.76944618366023520561 0.05878071099531512883 0.00385493292765213364 0.05225371372471764725 0.01027083111996650831 0.10099615154357946545 0.00439747602853395644
2	0.00149975052575271241 0.11473419899721129522 0.71888960067639506857 0.01121906000281076843 0.00674035816711643539 0.14372166661801236143 0.00319536501270125447
1	0.04502879391534066189 0.65003830412392704652 0.00507049295013876650 0.00271832986605969685 0.12747289703659711591 0.12761804201961188254 0.04205314008832512773
3	0.07285028474752998362 0.00688352174639309759 0.01848316224377597600 0.55439229750605023561 0.23255630707602634177 0.11186840772927902909 0.00296601895094521966
1	0.30101176933713319483 0.68677960272605564906 0.00082197353337006126 0.00162517228630399703 0.00494182183965953190 0.00301250074114801144 0.00180715953632972067
3	0.00002904016033770650 0.00002527968112824136 0.00000481809962307907 0.99991599226191252292 0.00000300149056187547 0.00000739301933311173 0.00001447528710383875
3	0.02761718657600377089 0.20647910499112195892 0.04552422736055811159 0.28317781171822259401 0.27089399346891457343 0.05649916639698907700 0.10980850948819001478
0	0.82936558275867566792 0.01071843526432852967 0.00401838427401800865 0.10212449189796612981 0.00496366445332170527 0.01249732270259142075 0.03631211864909845294
5	0.09174158659550488149 0.16556898184327553669 0.25390057542587962658 0.03408308609590274263 0.08398664308658046473 0.33020562566858724374 0.04051350128426943475
1	0.16888746060615519862 0.55477497993441315938 0.00471435392601388288 0.08518396927879193226 0.10485573813758816697 0.07607640164278606232 0.00550709647425143192
1	0.03606179816015407658 0.38828625651156645215 0.12931823157722971418 0.12934168639875365248 0.22255678425759908845 0.03872817536611387196 0.05570706772858374789
4	0.00442930773502549658 0.01854082972041769251 0.06007771562502213503 0.02939361099850580639 0.64905795472649208122 0.20997404149919765559 0.02852653969533945275
0	0.88626665584607466908 0.05160066118797372592 0.00254699686011081953 0.02631876100752698552 0.02647387735501626621 0.00538998091928301424 0.00140306682401426883
1	0.09445345094947962816 0.83667976812466637870 0.00518446091079852352 0.03296409938840282050 0.01311388166340749471 0.01564429743911837853 0.00196004152412657378
5	0.28721335516144147482 0.00415135800974928901 0.02653983477673008823 0.10389768554800757339 0.01210674406353680864 0.55347594344612371930 0.01261507899441090264
1	0.00001931748025376966 0.99722515860701443913 0.00032650252721600393 0.00062341728661335352 0.00025320972557790419 0.00151436663314189358 0.00003802774018629903
0	0.92769356583029594088 0.02858813953927358958 0.00242748111981478786 0.02322786712397232473 0.01011876505921307373 0.00532225777615135103 0.00262192355127875178
1	0.05620185824501686828 0.69547323864227683643 0.06446038727550543190 0.04856809860732128059 0.10313580768939928367 0.00225687048974945520 0.02990373905073093891
5	0.00307412679909053370 0.06038141343906461289 0.00474798606654138877 0.00224653948300714782 0.01659500010692103664 0.90068095055029095963 0.01227398355508339811
3	0.00093328261582774493 0.05448588774438796467 0.00014549058969685397 0.94214065019803172607 0.00192774001505339196 0.00019831792334497380 0.00016863091365710114
6	0.07420464682245703214 0.00471581992363265604 0.00838082594664034917 0.00867410254970824544 0.08710334662970684039 0.04006075969789776176 0.77686049842995741344
2	0.00002381664168155325 0.00013321357186031187 0.98538328251459816887 0.00131259302581847727 0.00423768372041986776 0.00257276421714585897 0.00633664630847623027
2	0.00122653204680660114 0.00118204936510682987 0.99710710029946425514 0.00013436508994756665 0.00016724770842793722 0.00017510100273767233 0.00000760448750859031
6	0.01053934870617235023 0.00955079522173853113 0.00182659648679915176 0.00546816389711546422 0.00763970289770820547 0.00366681083379985506 0.96130858195666657462
4	0.00023372388663881055 0.00800443537927503571 0.00252667557944089884 0.00478899682324257329 0.97932746178410967630 0.00422297407942531268 0.00089573246786812900
1	0.02583914361113190394 0.77610442420262215624 0.05969419322589369220 0.05881538122194283902 0.02011892036714318238 0.04872763267052127728 0.01070030470074466097
1	0.00303886778427566676 0.96477730058622312992 0.00766629211740096125 0.01178131285962068404 0.00130694363426081366 0.01040638870792384013 0.00102289431029527330
1	0.12128947964474053045 0.33647456773019274179 0.13988236776025514407 0.21591089279706807136 0.03985515937420484878 0.03138108852222314810 0.11520644417131553627
1	0.03299198772531408003 0.93629399360371801109 0.00074514104180036780 0.00625793576987742836 0.00476664994243298536 0.00264917524962021266 0.01629511666723671565
1	0.07808049113953345610 0.67474173635252232550 0.04679987326736306796 0.14067248191744119445 0.04347811214550486442 0.00558992662930714312 0.01063737854832792762
4	0.00029858482953298192 0.00012818078725743758 0.00059663858792010662 0.00839773509586085390 0.98873296665349241774 0.00011663444074033710 0.00172925960519646014
2	0.05781840669491746659 0.22064999559861075973 0.47359961804394157259 0.09760267900854054102 0.05499561244518479108 0.05424976953276837432 0.04108391867603698733
2	0.06130121439997367888 0.07307788142443227830 0.71689162979009091181 0.10580764629098901586 0.01799938055145735780 0.01073663879696261370 0.01418560874609374120
3	0.01650982983874921262 0.01385982148877176225 0.00133057389849878692 0.96694877454576133591 0.00017402322908536785 0.00101394064895727752 0.00016303635017539278
2	0.00148200280768846521 0.00352312835876222169 0.97454415490275148048 0.00036867203393751183 0.00021522041163308685 0.01954365244097344342 0.00032316904425330767
1	0.00304060877594283146 0.99087718653409417868 0.00098245631121166564 0.00070182109276518707 0.00100494620287097051 0.00034982363605659040 0.00304315744705778999
4	0.02720334061867783412 0.11679988047389473771 0.00659310476056649240 0.01139336351298352555 0.75327887763817791278 0.01829855507119518970 0.06643287792450407181
1	0.00070516151239227698 0.99837771780477446715 0.00064859819264678894 0.00015552504836507800 0.00003428889169605760 0.00006968436823535735 0.00000902418188947230
6	0.19795446107735692465 0.04888428438666392317 0.13248778842198224992 0.16551722746536204345 0.17519484595334861021 0.01770092103548979653 0.26226047165979643472
0	0.94541850347145295341 0.01554286596449581948 0.01168030077122699482 0.00849907233557448474 0.00898055470903774168 0.00700774772709549659 0.00287095502111655654
1	0.00021522674612211315 0.99956924420950199472 0.00007225560606785700 0.00009070012465189262 0.00000324343316544784 0.00004600815224518755 0.00000332172824520884
1	0.01648955340926692298 0.94770264316678098915 0.01353197134251355599 0.01173652415898747067 0.00829166524870846196 0.00122059306410242721 0.00102704960964020240
1	0.00293285313119430371 0.98080569880973500485 0.00039398805520886342 0.00057274331974798472 0.00068127212935741260 0.01320606646277656775 0.00140737809198132526
2	0.00008600196866566682 0.01097096586457514504 0.97402660792564255132 0.00073658087863366997 0.00075023429147875629 0.01324047584009810374 0.00018913323090663200
0	0.45279354162242252402 0.10690528200254240110 0.00714653460730611551 0.24227916897957380016 0.02444507401483301742 0.00826945157565374227 0.15816094719766848886
1	0.00013335454417948291 0.99803126194382896230 0.00040625314125209013 0.00084924591292072306 0.00006017868670151703 0.00050343596681914795 0.00001626980429877630
1	0.07098509281258483239 0.38635165061859183533 0.00706998966042918144 0.03081219561726438599 0.19211867897410098149 0.02661629333346527196 0.28604609898356347930
3	0.00031456616153164029 0.00164453070466481712 0.00081879582396342482 0.99467404416533899969 0.00005459015341764738 0.00238054657956234894 0.00011292641152084662
1	0.05467273367382557980 0.64486326193666931861 0.02029529180515578582 0.22402019461617184160 0.03979105953471081397 0.00891176183617744741 0.00744569659728870452
4	0.14047520728720047645 0.07747328327250586899 0.01429614823748059406 0.15442279833399397138 0.56280277994960647980 0.02948834070383613004 0.02104144221537643591
2	0.00586713001503569309 0.00795535149606298869 0.96702551040328332821 0.00373354950703643027 0.00677504494175254837 0.00559719547643334168 0.00304621816039566057
0	0.97912413211280135972 0.00598173057849733184 0.00041899244728098295 0.00108223988024537033 0.00180088452596816138 0.00111892346573499307 0.01047309698947168806
5	0.30662425125093500933 0.12553089700879652146 0.00927536114995656212 0.12202198766713749645 0.00613499709528930997 0.38481306259876069120 0.04559944322912458381
3	0.08319023913375754586 0.27369718215501348535 0.01194839112432987023 0.57439301149683219538 0.02479645577522745364 0.02661671896487779326 0.00535800134996140993
3	0.03185050772017303244 0.02386384222957366533 0.00406614094102649998 0.93750288849922247536 0.00156753207067618426 0.00037431953576178093 0.00077476900356670977
1	0.05334868557475522244 0.52313572297864530114 0.00909961942871368758 0.00442016843274460700 0.02230234031348553303 0.37874527739543506488 0.00894818587622099419
1	0.02158288463244483271 0.84248756572218819194 0.00365805724595889750 0.01686691453515247116 0.03783045041422383736 0.01756036428018464823 0.06001376316984662757
6	0.00465142485922131858 0.00058975919600213686 0.00052531900702588010 0.00067618897802936299 0.00196257533648691758 0.00098456349478118882 0.99061016912845289983
4	0.00410890196366255327 0.01064304537448044520 0.00516313528761802500 0.01202705557241711722 0.96322400148894071759 0.00064216197883242335 0.00419169833404777360
4	0.00032777767184308601 0.00091321780863028396 0.00068690106268800351 0.00052663590827915145 0.98829827449116758320 0.00235659511214258684 0.00689059794525036587
1	0.00186006266836066260 0.99424803843057985020 0.00052928651686168216 0.00040522403815541783 0.00007237551025751698 0.00284296445132733609 0.00004204838445821009
0	0.96623689138161006351 0.00183122878271582950 0.00112175371423693768 0.00792866273842566041 0.01125890014751991693 0.00872623723076614358 0.00289632600472554272
4	0.01762705031637200326 0.03810231444821367969 0.08140413470376303695 0.01784474960916660607 0.81813650296573225962 0.01312598582183880508 0.01375926213491336994
2	0.00049828352305427434 0.00005208503768171993 0.99668305465365969464 0.00003371992654404938 0.00133350340092567915 0.00113408290176278317 0.00026527055637278813
2	0.22888091643635602446 0.08124649148346138605 0.43964194245751664347 0.00620732586700083796 0.04857725533625126269 0.16697867786959200154 0.02846739054982182215
4	0.00214817049590919785 0.00424200616490765306 0.00125479052544095614 0.00034868911396348731 0.91432496765841042574 0.00322060262811649581 0.07446077341325139931
3	0.00141446658212051745 0.00399654116787116851 0.00022531751850601021 0.99373453709751180529 0.00019130196173492654 0.00008373892226956495 0.00035409674998611253
1	0.06248256618507312676 0.50459408929611548889 0.00382048857503969894 0.02429779022671619063 0.33598752583114482873 0.02255790749316655130 0.04625963239274424876
1	0.01007505227843309009 0.94225558500529726924 0.00469985836996886838 0.02991432527765732624 0.00105698129926832239 0.00461285559925837894 0.00738534217011588539
1	0.14032739141635988678 0.53561230683350569137 0.08948210908285468557 0.16899712468903424489 0.02363880884254533285 0.01919576043895116629 0.02274649869674888469
2	0.00110700974137770049 0.15856876055951896198 0.81382977544355250554 0.00597302711602230689 0.00639494072704719762 0.00840119730521962475 0.00572528910726158823
1	0.00892780614004473096 0.89824902758879443532 0.00428119453599850024 0.02712028758551925448 0.02171788124405809456 0.03798091558787514144 0.00172288731770952231
5	0.01304929607037109279 0.22228172176616897704 0.00469101832014742672 0.02226892607107124056 0.03958067127475310004 0.69301096687882079994 0.00511739961866706367
4	0.00083393551169369377 0.00045829242498608675 0.00015808947686286838 0.00130685144150060337 0.99668716907671783822 0.00012116143868562018 0.00043450062955287087
2	0.00328758250318344917 0.40466338018949365996 0.51168956616614724719 0.00235202393455861752 0.00090792473467434583 0.07447871008147101402 0.00262081239047267560
1	0.03084359445461657204 0.26134329419257251725 0.04223949261257029658 0.17909494685643670420 0.24165050068017490670 0.21352870418689548493 0.03129946701673350096
3	0.00926742040195265709 0.01013080537581285620 0.00661465861341222448 0.97011401394111695939 0.00065076327751843754 0.00271963325076841466 0.00050270513941787134
1	0.02017036821795737886 0.60350037654445765067 0.00428471253103298536 0.36698448905843483736 0.00083226029003566002 0.00383276107055796665 0.00039503228752348600
4	0.01032422557543607664 0.07086454994432393739 0.00613773580513408273 0.03465283049111033548 0.84164095665571181382 0.00244372236241647807 0.03393597916586706814
0	0.81275912728836274823 0.12834732393207984313 0.00642443650750009702 0.00724678932105285445 0.02751510578890975153 0.00771051809510445597 0.00999669906699049080
4	0.42510424561806026134 0.00207267442607063802 0.00042125500629079849 0.00045282431988407583 0.56731446226500958918 0.00024771529686235015 0.00438682306782227013
1	0.00009885950455323873 0.99130848986811082035 0.00055860655375541642 0.00565196308133806332 0.00145876144160441844 0.00060795062798353681 0.00031536892265574755
2	0.04779668361221880990 0.30515966832523783170 0.41220492019723853350 0.14430814779735073872 0.00059376243892665702 0.08843456102653318718 0.00150225660249409475
1	0.01479736852327155627 0.93194866260832920357 0.01696043430543917735 0.01909425194872055656 0.00296503388735269669 0.00863897886366100758 0.00559526986322640436
1	0.00460338387848810513 0.86834481310463806913 0.07106529153730707649 0.01394683244522816785 0.00294078940566965246 0.03613980151906258376 0.00295908810960589198
4	0.06926605960939279105 0.01420134178950198042 0.14323267384515755984 0.09953647373754932748 0.65436235211242643750 0.01095607240877369964 0.00844502649719806181
1	0.00156257779670892594 0.98887536808839504587 0.00049154000698021670 0.00511800805228391706 0.00234637219911893813 0.00152116275979541490 0.00008497109671753385
5	0.04608732363344800187 0.09136171166541051658 0.07791744244949559695 0.13450907047912402659 0.05364037453043839915 0.59281903742648389688 0.00366503981559943362
3	0.00837038445849259613 0.00176335311117739590 0.00006254842841077728 0.98966605819237285502 0.00002887007493738805 0.00005068525557473030 0.00005810047903481649
1	0.09154805443903096807 0.53846611443296787947 0.00928427997196946270 0.35322183137470725134 0.00304712475479295601 0.00383337149118808751 0.00059922353534378825
1	0.00160126550506361110 0.94708516595627623147 0.00897313813936309775 0.04198470575442354163 0.00007661767726323267 0.00010428574405661849 0.00017482122355455502
1	0.00649595869361562286 0.88260628419492725971 0.00613879183652248951 0.01641399830726098658 0.07991927666888498649 0.00618199065217866269 0.00224369964660969118
1	0.08689525147590961007 0.76710401599486066626 0.03938534178233128041 0.07085855897286108540 0.01317767958586782244 0.00496226834066198445 0.01761688384750777561
1	0.00127942701796985247 0.98220465615892282862 0.00518676665677442715 0.00446345223401517326 0.00207455381371982918 0.00254954679980183563 0.00224159731879640996
1	0.00005557114099505778 0.99764803812756663870 0.00080561179383543046 0.00109263067254686892 0.00007064935888554186 0.00028298849895007919 0.00004451040721861888
1	0.00211158587320549622 0.99232163366880143940 0.00129439008959963422 0.00241092048784718148 0.00058837498753753267 0.00116394709319870898 0.00010914779980953437
6	0.01514674843659045284 0.09075248228200112621 0.07765672421219618760 0.09058843961527117405 0.10243850501824453003 0.06698602403552822437 0.55643107640016831184
3	0.00000456725302693012 0.00000202763330596816 0.00000057510355410868 0.99999223129663561416 0.00000007397120400208 0.00000041144735606627 0.00000011329491689786
4	0.00920246767988484524 0.05783739235985956711 0.03259206222216241844 0.00175057197852437115 0.86133440376877801192 0.03603252749268914118 0.00125057449810188847
0	0.77925144916801547534 0.01037900740113187684 0.00399558451575556320 0.00004007672851146688 0.03406571002049920555 0.00216954745494207357 0.17009862471114417515
5	0.01232321970007969371 0.00924112255686844117 0.00069303892207447535 0.00104313075960845315 0.01298311532819620799 0.95860632081074603761 0.00511005192242664896
2	0.00001216259170872187 0.00023927732952860531 0.99850189485541818168 0.00007939082937875237 0.00017631001297559073 0.00091323980142167288 0.00007772457956732515
0	0.79458281666127528187 0.09899713878039470560 0.00440454104962623681 0.00782966617245200829 0.01339820884843335308 0.04688941693012747131 0.03389821155769109917
6	0.07980726373079827241 0.00176823516714576224 0.01138548595413638523 0.00172182445191198727 0.00155606624087775876 0.00033512742729734752 0.90342599702783266125
0	0.94562106075272711614 0.01001232876742717826 0.00151095726520447779 0.02048045615614400849 0.01140908316056787539 0.00162987007378409521 0.00933624382414496162
0	0.34340841517862469301 0.21296065245448839165 0.04938546308950680225 0.07078945001767351919 0.17242196192746286898 0.06728131176627037691 0.08375274556597360476
0	0.42047077610960587046 0.01101733832153117126 0.33034813459795864254 0.01018900898787925696 0.13760414565242160001 0.02221302328873902762 0.06815757304186455257
4	0.04924211098969071693 0.00620685197373147240 0.00064210687637144377 0.15858298762996062004 0.73425529367591146901 0.01693853550265157770 0.03413211335168245264
1	0.06100285776064916232 0.67291318286444101737 0.04017412306802041477 0.00125043273755655413 0.09778863788477633323 0.11501431475823793715 0.01185645092631857148
6	0.40224343431255560333 0.00517142055428359681 0.00253353173800657805 0.00207431949040824118 0.01583111399053354837 0.01093554614075377233 0.56121063377345870027
1	0.00080617946629194675 0.98743847462331235665 0.00148273296094284315 0.00922580934778981232 0.00015105642119446570 0.00067106043716666606 0.00022468674330070312
1	0.05263917372353577040 0.59953105842455389762 0.04608350930276362833 0.15072132080218222927 0.03979846367157052756 0.10070907090381850391 0.01051740317157556608
4	0.00077081837692394664 0.01332932762167769909 0.00250036052731736173 0.00273563199146924533 0.96323068529000899218 0.00131413542606316686 0.01611904076653956561
1	0.02446011716273848585 0.90354942403804339168 0.00221132491644612014 0.04633845671202592442 0.01071858783086824737 0.00681973021501942629 0.00590235912485845803
1	0.04195377494997093448 0.42315068897796992431 0.18983189501347599859 0.12559964216574656670 0.13733989004192601047 0.06892986622797435403 0.01319424262293644907
1	0.00024549122399047664 0.94072240777620919072 0.00995051651159303482 0.00577902359199602891 0.00052430490614652117 0.00273329254035919404 0.04004496344970735061
2	0.00321028670926222504 0.00168430076262321448 0.97962875326600185044 0.00021190827085117240 0.00156870866378202678 0.01333394474132676248 0.00036209758615334746
2	0.00020585390742873831 0.00068654568295096335 0.99819500243236958248 0.00018660934802781004 0.00036305086873606986 0.00024640488437208737 0.00011653287611663908
3	0.05401778224440766107 0.43285837718512615302 0.00211670564255096597 0.50962426845118369290 0.00052601944332939757 0.00067693919197873845 0.00017990784142363821
1	0.05153773058598622170 0.69249991966674973032 0.02142856513624471007 0.08608270211886234757 0.04581991542006932927 0.03006450601552692128 0.07256666105656063570
1	0.15970865144824564208 0.28231640189172152455 0.10950322355389326134 0.09386710909213746845 0.09378901419384537419 0.19136993334671686950 0.06944566647343987376
1	0.00055997807515046293 0.99879475251902793964 0.00011517277444556473 0.00043182888252190396 0.00001884729991380015 0.00002851462957329101 0.00005090581936754245
2	0.00530551740957930368 0.04363853787337078349 0.80378755952918135019 0.07314629853158431672 0.02341653948065349627 0.00337938588963847871 0.04732616128599225619
3	0.15016116537184265312 0.35156849302662351864 0.02491483083909393909 0.43521560330570946418 0.03010070636219599333 0.00311359193239420760 0.00492560916214057967
3	0.05304712665844465297 0.15111808561118936223 0.00626296572902680301 0.64643083143928603551 0.12867299663169418089 0.01142126798205775687 0.00304672594830089497
4	0.33393283926972028297 0.04919724458884491142 0.02862255701634738511 0.00842989946941482410 0.35298353876513194338 0.02649196140884653786 0.20034195948169428170
2	0.01436743519150323820 0.00479838854372907891 0.51233600864175365963 0.01180720988819662122 0.00744186878121665292 0.44658872439099273066 0.00266036456260847860
1	0.04639736941795762071 0.71910028094559608203 0.03259402914369129156 0.01330110946771620971 0.09024021874468947380 0.03027099459069104020 0.06809599768965875211
5	0.00269357475244639709 0.00010734129813504560 0.00015270486996870608 0.00060007493329043661 0.00022327671595369936 0.99607818112625323703 0.00014484630395310600
4	0.00000401215657487854 0.00000132111496251227 0.00000212968872443379 0.00000848592076681663 0.99996444497452119382 0.00000866119395508144 0.00001094495049504834
5	0.03045327882607680448 0.08356408963509309729 0.00725162617319951436 0.01693868655688563277 0.01814205954989938849 0.82535825184282951561 0.01829200741601615804
1	0.00001690695923240586 0.99919637784739734343 0.00022921172489678539 0.00035258570801198420 0.00004311039357201057 0.00015633770068490795 0.00000546966620538642
6	0.40038719580751397364 0.00025773186209173988 0.00019493896376254890 0.00301535583084354105 0.05885873313857474531 0.00014812869589717252 0.53713791570131630415
