5	0.11912514763854714639 0.05418325294094922945 0.00279551609787825417 0.01774761348768797917 0.03275529327088513853 0.76138448615885223614 0.01200869040519979454
1	0.01146902285117696110 0.96116470519396590699 0.00442083074904083082 0.00429601059746728860 0.00591181763202798874 0.01128142914988387174 0.00145618382643687250
3	0.00118597236650386456 0.00000850002474981219 0.00004054890982534020 0.99855411823846107477 0.00000490515334163810 0.00000448344552065918 0.00020147186159737881
3	0.00112065661949484457 0.00110314276144172357 0.00070428908407239909 0.99647204814792633698 0.00013767583966413309 0.00013293026131427579 0.00032925728608539627
1	0.03677099968143478920 0.76414748880691085731 0.02317783513550703348 0.05234512670845573035 0.02494095133095297623 0.09413070342025392501 0.00448689491648522273
2	0.00050085892201189117 0.00119053302029016876 0.99411301685881570123 0.00122555752265914790 0.00178798667204350449 0.00086627536005786797 0.00031577164412125743
1	0.00043113270557548197 0.99579624753297868445 0.00227959991085547459 0.00106760995348957285 0.00015658860295697581 0.00021962165504042886 0.00004919963910301755
6	0.02661103529381518562 0.01110102307668502965 0.00214609153341133911 0.00788530973975782451 0.02573270852190489080 0.00103949514995710368 0.92548433668446872247
0	0.99314520081562451814 0.00283684876095702688 0.00021020604109716013 0.00010957665762199097 0.00266860815431841118 0.00009145773448326609 0.00093810183589740760
6	0.03490402495512534564 0.00129490432355719681 0.00265878002550280464 0.00341826324517296000 0.00468567144303943042 0.00218711936122143813 0.95085123664638082630
1	0.00968839720999271556 0.95923178359399197124 0.00960912546205072195 0.00217884862490936226 0.00259811529757175480 0.01421605701813326121 0.00247767279335008549
5	0.00131743238719344495 0.13288370077370503797 0.02628302975148686174 0.00163520969145118178 0.06817051669447690698 0.76599339499132779174 0.00371671571035871087
2	0.01345721484483351944 0.00281499253669647209 0.96213033952506921143 0.00149320042422001185 0.00422706892150529617 0.01568053573520315075 0.00019664801247186073
1	0.01595754301974841582 0.90997327867960864367 0.01785621782816853437 0.05216919555460214353 0.00317909022622811423 0.00060010237829849261 0.00026457231334478998
2	0.00156235179644599272 0.18807165775987891299 0.79704408234146073564 0.00438122389866258451 0.00132097616359791253 0.00527746399137154088 0.00234224404858151712
2	0.00129645986574303219 0.08606434672598319013 0.90265335122399803502 0.00311770722542898358 0.00090475177497292868 0.00546069180618653262 0.00050269137768721396
5	0.01755837312842913056 0.02221210736384025136 0.00118491566637154338 0.00016484762885064254 0.00507664778157972205 0.95346044782106531557 0.00034266060986273432
0	0.88927567887450198469 0.01898875889227891883 0.00392742624968940232 0.00437634191737041548 0.01577393085899481823 0.01024061226076644106 0.05741725094639802546
2	0.01016683806439500244 0.01716021300313955861 0.89371111320156315649 0.00044301354536664569 0.01668921668817633167 0.02526234731097946884 0.03656725818638003472
2	0.00003307030131836173 0.00000603424032621908 0.99968693845991918323 0.00001130425752242558 0.00002912237240010349 0.00021180524775872060 0.00002172512075527901
1	0.00022000956218827969 0.99630902542087840246 0.00138475430604251704 0.00070694075507324555 0.00070277186717912455 0.00047626001183661513 0.00020023807680014859
4	0.12873397501095515394 0.01161926524061813668 0.00063021084348170774 0.00261411952611079581 0.83020558907429631290 0.00690526723422011084 0.01929157307031759139
1	0.00000219626417930672 0.99972064035887053812 0.00003077899216287575 0.00005002700696515839 0.00002577464572077593 0.00007064926509764248 0.00009993346700338787
4	0.00010474916691690206 0.00102443807777240930 0.00060233492472537065 0.00122240704901410832 0.99513104749614622602 0.00049394074840911615 0.00142108253701527356
4	0.00002209535798940716 0.00005623914450365230 0.00002281174075390943 0.00015313969425757927 0.99931280760246021799 0.00004573861698026079 0.00038716784305430947
2	0.00005525974689541429 0.00001301776992839146 0.99912027992170937551 0.00000562159310628246 0.00003589269909821977 0.00076543884968898899 0.00000448941957139972
2	0.00033947151631520380 0.00011926286213674459 0.99104916581040214396 0.00008918515851492634 0.00017346967618120943 0.00812804861605365137 0.00010139636039545824
1	0.05679175994413535739 0.60866717716086182755 0.07481606097391620136 0.15284592893247703205 0.03844129112558670319 0.04082410402724410275 0.02761367783577888327
1	0.00136278191474010915 0.70569205161017622974 0.27440422494991723035 0.00692606546083336227 0.00088771624250429235 0.00763798466397468123 0.00308917515785395386
2	0.00211690485655231624 0.00230816921995832553 0.99497191714441790555 0.00010635833381213381 0.00029932137675237904 0.00011495923214723051 0.00008236983635940283
1	0.00000628775020367604 0.99846618142701970555 0.00114439099881688349 0.00015091835194303236 0.00002584850535724173 0.00016875535303891094 0.00003761761362206470
2	0.00077797052720457677 0.00028660029810621780 0.99758967354049221665 0.00008019671525938399 0.00067650737578764202 0.00041759589846001568 0.00017145564468988125
4	0.01336512937010564742 0.01247615019876360462 0.01081712049738855694 0.01361095763074105999 0.82259445951722709456 0.00532529581909891008 0.12181088696667544125
1	0.00037569555966011030 0.95350859864337600413 0.00058317842708002559 0.00015875224644890904 0.00003282022806364462 0.04530986435808270069 0.00003109053728913422
0	0.81418379073896396392 0.01595033626278453270 0.00377900746612723926 0.00394620183816017829 0.13311601960080279849 0.00051793865697555188 0.02850670543618550809
4	0.00000523817220360954 0.00002546239128566373 0.00004405125472614922 0.00000986960812016318 0.99972949562441781879 0.00014857941324539068 0.00003730353599989957
1	0.01921850916950457178 0.91709964679580635583 0.03728933193676751273 0.01354110552921197405 0.00871403465181901961 0.00211948657460763780 0.00201788534228255524
1	0.00142389064608074156 0.95329996654919901822 0.00639890530010809103 0.00890069952056298658 0.01891281888849447382 0.00927051325061968926 0.00179320584493658009
4	0.02120535393474164490 0.08263164544446499615 0.01607373256466153311 0.02881396027624456846 0.80944567236817621669 0.00608440678099857624 0.03574522863071286777
2	0.00142223400671100206 0.00067600651521546409 0.97756654325815905970 0.00205933563842437394 0.01011712855304633049 0.00664803876278734999 0.00151071326565630133
1	0.00666198670613336701 0.95871371392147630708 0.00475546159631580912 0.02065047240041808022 0.00241996202319425934 0.00616992041174432675 0.00062848294071837590
0	0.99323738747692591478 0.00052953128469784220 0.00011430669701963716 0.00004646852747433933 0.00084401921897800988 0.00004836262717287637 0.00517992416773144313
3	0.00740606946442933130 0.03834487474576424998 0.00181843216695665210 0.89565877627975820641 0.03795272855440592202 0.00183941278242430429 0.01697970600626118667
2	0.00001453399293331687 0.13664386535823985769 0.86060372965501785725 0.00013315103843373761 0.00007632648105078033 0.00232779323835420647 0.00020060023597097510
2	0.00191973756427032418 0.00061314412368196640 0.99543667701449556340 0.00049439242800110002 0.00067264593590027160 0.00067631614423378913 0.00018708678941581811
1	0.14281607817914371283 0.82010272637489878278 0.00371412308050231071 0.00419378570311924881 0.01780606849095954861 0.00461705856585177109 0.00675015960552452238
1	0.03642419118117505572 0.87213707461534928367 0.00348776841695180905 0.06815887610121838802 0.00198503697625535946 0.01664263100368819706 0.00116442170536185563
2	0.00065643017895311345 0.00743426684500649373 0.98944132510452542650 0.00026434545748851851 0.00185734287932601337 0.00025986816513465493 0.00008642136956534524
2	0.00127368754244587524 0.03521678851890892165 0.95009976899490311553 0.00613324003193523124 0.00079713742072597062 0.00568316033783459497 0.00079621715324509185
1	0.00676057459336473678 0.97787166221370303010 0.00434071636707327683 0.00436116431428986567 0.00279499816975108117 0.00328944417079895645 0.00058144017101940254
2	0.00148254717349687710 0.00384702620092325321 0.98307813674321131714 0.00336332130943739439 0.00402831770176820779 0.00167262744347163733 0.00252802342769191781
4	0.00001351331893853974 0.00002936967362700810 0.00000922306199365763 0.00010181505366320023 0.99977368002461874941 0.00002318017847139530 0.00004921868868784513
6	0.08044410369420346152 0.00605687435950067864 0.00661242138655112645 0.00148039674551406534 0.03745663053701263345 0.01535051922594432225 0.85259905405127389688
1	0.02612501445148297449 0.80771462594393494960 0.00643846816981249841 0.12300565996937791458 0.03262441481271232541 0.00329237076217557935 0.00079944589050367761
1	0.00104367278808017560 0.96349406358194389366 0.01390464490111224111 0.00926780735753224977 0.00426064849764114933 0.00758383857978856078 0.00044532429390225944
2	0.00941737336629784247 0.02288650150288934829 0.89806813953039876797 0.01665859783824822846 0.00984904052193477132 0.02494212862487619684 0.01817821861535497477
6	0.00422250617228433871 0.00086536404544996712 0.00062333350114347026 0.00005864026974199796 0.02679968147160384159 0.00034892296510990583 0.96708155157466613172
0	0.92653681573823987172 0.02803521424042574109 0.00078475191471219779 0.01137202568571729806 0.00566319415842004605 0.01173364030030884207 0.01587435796217600420
3	0.01069549209637602090 0.00281781383700898010 0.00047202414362551554 0.98221261460708608748 0.00096957895388836849 0.00138504857785286305 0.00144742778416298676
6	0.02064351614695785278 0.00333807568613447153 0.00045312337559721543 0.00046828422827620059 0.00744064237266597785 0.00018127809875898129 0.96747508009160931852
3	0.00014280514061560661 0.00289404730359576687 0.00004505419797574923 0.99687068871911843626 0.00001071922274323812 0.00002878506898384581 0.00000790034696668642
6	0.05653389157973374990 0.00112476688539095990 0.00052375281928048899 0.00031080443058769021 0.00073870508311332588 0.00116459051258508035 0.93960348868930876343
1	0.00098810672400226687 0.97962664813563327115 0.00152659634343828938 0.00983932306968825568 0.00507750489277208721 0.00236009745986851763 0.00058172337459757824
1	0.00127357416456746293 0.98452931363743523274 0.00296157290916234132 0.00685647748034523205 0.00168540464375676702 0.00100536716995366427 0.00168828999478026287
2	0.00105134603855265856 0.14382849626205793103 0.84458463220399249138 0.00144603558919921462 0.00291841272216368953 0.00247133867037524577 0.00369973851365953173
4	0.00563738602061974493 0.04832683578496695109 0.00037037947334538069 0.00085180193362300151 0.94052969651254514361 0.00180311267688450477 0.00248078759801466419
2	0.03573146144826977455 0.02634802111449537076 0.86387453547924075714 0.00438763634380041987 0.01690450267207119911 0.04332784654614616621 0.00942599639597613975
4	0.31252468910863917539 0.00597446209443514443 0.00126544060924522290 0.00173725036420801452 0.65256109043359689093 0.01251303864334465769 0.01342402874653087115
3	0.00426653312421476378 0.00220149872006167964 0.00046657328344958094 0.99173947175218757355 0.00033787065788596477 0.00011815899195111717 0.00086989347024951343
0	0.98643786035478808749 0.00088358852787221928 0.00003577931670883134 0.00007679342777633208 0.00445741907672696138 0.00012238644345422418 0.00798617285267307422
2	0.00504933378824932739 0.00724971455343590473 0.91066618437919233386 0.00154805683297311986 0.01499446449494720376 0.05630080749380870359 0.00419143845739492447
2	0.03065505131844007553 0.00037630509010461914 0.96775284281582552026 0.00002926240804255318 0.00024480651105800383 0.00011113507801920290 0.00083059677851034827
2	0.00056373356312732663 0.00377830267268109993 0.99158628424888228814 0.00004037355026114307 0.00048024899176434617 0.00350055540732583650 0.00005050156595829236
3	0.07303077844924343864 0.04199570034930823204 0.00525178397915521383 0.82277153964496507754 0.05420626929981927494 0.00125350352367256147 0.00149042475383602785
1	0.00001925062567183603 0.99977459645646182818 0.00013448810499549037 0.00005850215766463099 0.00000495588737822182 0.00000658211774764843 0.00000162465008201230
1	0.00300579908916272578 0.98014029405843616782 0.00423604387572463267 0.00990579586407801596 0.00180515722428155659 0.00045386606336509885 0.00045304382495232404
1	0.00727058514795060791 0.98958191114086535567 0.00123404834664074450 0.00015463518960665663 0.00148744938066619307 0.00020317603253940762 0.00006819476173039521
1	0.01262402169636803878 0.97637661523699448285 0.00307948619225724548 0.00608328984484400506 0.00091344688487940309 0.00040002868978566389 0.00052311145487138105
4	0.00140781600746085083 0.00978211627005213212 0.17163293202029292206 0.00231211281656392396 0.80180851258193164277 0.01113281574067319021 0.00192369456302553298
3	0.01053877319840561613 0.03964929620196532695 0.00799836542649363762 0.93529238003796066891 0.00317456551572391438 0.00021401174147222263 0.00313260787797825339
2	0.01907249814807543409 0.07897092033081111462 0.78986012436842412132 0.02417184094093981217 0.06685059074932596379 0.00427427922961936841 0.01679974623280379789
2	0.00023632735141341347 0.00004767312082158609 0.95241479323392863598 0.00031481914776927016 0.00014345906413546435 0.04681915217895443737 0.00002377590297721956
1	0.00005698945797610367 0.99819467006553252997 0.00080471406108062883 0.00059941867512495420 0.00003075534323128554 0.00025871672478019168 0.00005473567227618659
2	0.00003742449023033716 0.00000284865993779553 0.99984600791802591413 0.00000588364693171200 0.00006761228902934271 0.00003123941964756947 0.00000898357619428954
0	0.92581797055014991571 0.02159788943680942055 0.00485201537264773070 0.01710963054612040651 0.01517748460933751424 0.01001279835574050460 0.00543221112919438191
3	0.00191248010191585600 0.01794064557066104432 0.00193674741107457407 0.97502986373513234053 0.00208164232395994337 0.00029679341851202425 0.00080182743874375017
1	0.01728994877866422281 0.92775657990978177558 0.00558550679475848175 0.02328140465034843690 0.01372777848803420457 0.00769056641948819616 0.00466821495892410458
4	0.00005539487002272766 0.00011817682272760000 0.00024214365836092933 0.00101236007278468249 0.99756495675796597045 0.00007168641490023375 0.00093528140323798125
3	0.00295978694917714948 0.02274935739151020403 0.00048221912373993490 0.97042637157613953480 0.00172938796046498639 0.00035612119962267737 0.00129675579934524204
0	0.92040692130484424993 0.00915409915293913246 0.00230683343963244535 0.00288297749587976965 0.01543364103422819635 0.00455137780276375012 0.04526414976971236681
0	0.98888365260377331101 0.00318528705264541296 0.00061779093179066774 0.00117088504094521855 0.00146331498981137485 0.00005148177992052353 0.00462758760111382436
5	0.00143331002633447944 0.02393107147327010881 0.00598809332190212637 0.00387178798221888025 0.05870514572934999037 0.88746657485653324127 0.01860401661039115875
5	0.01111339282990811937 0.02624954868181194473 0.03130965802479959009 0.01555729269014375152 0.01142214627371036795 0.90156704976690948961 0.00278091173271716868
0	0.99009640706099977248 0.00081264546327409364 0.00012014834525474309 0.00006207089905662705 0.00233822553027949976 0.00036415544740797478 0.00620634725372720946
5	0.03149541236103351599 0.09410378070766323155 0.00058328255847347663 0.00191646170986050214 0.00257739614695858812 0.86706096750281913543 0.00226269901319129871
6	0.04625232155750356317 0.01470025231764568452 0.02273157918012052095 0.01677791862587058383 0.00523367466713287738 0.00700983022389109998 0.88729442342783582109
1	0.01781730436453945673 0.90560520439779856883 0.01971104197243888148 0.02510937958861928637 0.00873022952184547216 0.01005006690043691586 0.01297677325432164235
3	0.00843060990596018224 0.05037736322938363848 0.00455435041361851572 0.91565431161792121273 0.01068183336928929528 0.00623557322338881732 0.00406595824043958463
0	0.91813308346501187884 0.03154272331994344147 0.00372476988958554212 0.01482200178714842935 0.00937863210075172773 0.01204745302429425895 0.01035133641326498218
0	0.94635697912574834323 0.01066030160233449355 0.00017710637358968391 0.00386472898777051295 0.01977335019124257243 0.00558891149421582387 0.01357862222509852862
0	0.88244898948732430899 0.00176991092594577272 0.00279084323093804982 0.00103255344286950785 0.01297911016789000255 0.00708577962503675451 0.09189281311999544788
6	0.06354791369016789260 0.02395872919178908614 0.14925177791503124736 0.00628913747581149978 0.01629652685381502430 0.00265700107230048979 0.73799891380108462169
4	0.00000816370197023807 0.00000708177013951278 0.00004893573326917905 0.00006361240761496256 0.99946127357684089176 0.00000934377977375157 0.00040158903039086636
1	0.00141091446016844879 0.97529386254062022665 0.00696997597268209004 0.00434303291659757836 0.00400547339913921805 0.00724312706076204928 0.00073361365003071712
1	0.00873194012436559128 0.98320518626158448505 0.00024446725758560525 0.00353186390286699048 0.00252734046250107074 0.00127503680930858608 0.00048416518178761854
0	0.44941953553226032803 0.10584235748754967921 0.00074513122281690003 0.00081773149343532844 0.43419070555954031310 0.00116949912269743148 0.00781503958169997223
5	0.00138144826460517324 0.02045098834817737909 0.00060305010344018257 0.00012632550585086171 0.00072672763708228681 0.97660011766626519947 0.00011134247457914706
2	0.01073985361412811354 0.08353495608914340842 0.81685310830642698932 0.02683187806241917744 0.04636097955710664908 0.01284793155293863925 0.00283129281783779186
0	0.96523601790904833830 0.02084134528550302123 0.00084435833803248657 0.00020608928856720871 0.01081269752848540086 0.00092279058228295400 0.00113670106808061292
1	0.00263621716129847387 0.91987801482304032419 0.00178260239042210512 0.05243418240571375011 0.00056603812707058229 0.01890807521935783039 0.00379486987309777309
6	0.00177578892297107363 0.00429271777869930354 0.00851252681098640766 0.00297660577584314126 0.27087136290184277154 0.00155214766062890404 0.71001885014902821336
6	0.00370374873289431184 0.00175971315980954471 0.00295074729718941553 0.00113897029677809884 0.00712911705555862446 0.00111581853251101616 0.98220188492525906110
3	0.29311444872006708895 0.23933984832196339432 0.00990716317750879767 0.42839323494901937472 0.01635925113807213185 0.00896045994029006851 0.00392559375307882218
1	0.00071931567104682639 0.98818878956329747609 0.00257387294712999167 0.00755879041618427987 0.00039404604173274693 0.00043820797685259185 0.00012697738375665071
1	0.04521125910864494390 0.69661730811968636257 0.08144128094768841863 0.08539675058178140821 0.03399873356550357079 0.02350724128582276640 0.03382742639087223807
1	0.00700158546607954242 0.94497362374178239808 0.00424178549347076911 0.00246179191088359475 0.01579917667590046218 0.02351269629357100738 0.00200934041831091724
4	0.02548303567062759969 0.04488592998636063008 0.00962191667054025299 0.02783623829024108737 0.87041109282105422196 0.00437884020457130277 0.01738294635660472473
3	0.00290667620574115411 0.00003672171563319049 0.00004131655508927449 0.99666450915363369312 0.00005348254754909058 0.00024803111710646711 0.00004926270524717209
1	0.00011609142460743063 0.99461825848554619167 0.00041179544978306226 0.00224980074755678702 0.00060475393863109622 0.00163704626706730801 0.00036225368680878480
4	0.00078025286022424562 0.00050913904522358077 0.00073906526810432044 0.00311133403877171446 0.98815181216712200118 0.00127671455899258375 0.00543168206156259721
2	0.00133408032620957353 0.00162272820845098275 0.99466723401406009764 0.00042882603321685254 0.00104133248076260124 0.00051044664428286123 0.00039535229301575247
2	0.11167835354840795203 0.21638547282490122603 0.49788828119314548770 0.03250271595943155650 0.08700599224104180185 0.03191432938246134554 0.02262485485061057136
4	0.00666038319760961072 0.01240861430214756575 0.00420893904446502116 0.00290112967531240941 0.80718991659961158991 0.16487468381031747389 0.00175633337053732815
4	0.01384662863179031943 0.00827343741910657564 0.01116075120829090536 0.06213798369629005419 0.89612990052158181253 0.00569575102281319121 0.00275554750012696860
2	0.00099455592138394857 0.00053786500741838546 0.99729741279210548655 0.00054745529845363742 0.00019557513460124928 0.00037876749679295271 0.00004836834924381894
3	0.00111343537134972947 0.00021849084651291034 0.00078576734362523204 0.99619283033283145823 0.00113155260277836528 0.00029706634647265267 0.00026085715642981623
1	0.04748477822758113281 0.68779819896951899239 0.00035095307679233810 0.14414793699979533415 0.11165623906572266777 0.00757532462752672203 0.00098656903306252697
4	0.00005722664936964223 0.00036153146082128798 0.00003600892112477184 0.00027091394972337607 0.99884066000926396978 0.00004892045179784652 0.00038473855790049514
1	0.00001092122625906191 0.99962588419042763821 0.00032223156817568995 0.00001385302679025742 0.00000272610976032817 0.00002202517617349904 0.00000235870241604810
2	0.01440135123386945999 0.03622387710849406250 0.86838472262867916207 0.00465271135379348097 0.03517091689911375912 0.04065486625367843720 0.00051155452237159227
1	0.00221362438218485318 0.99551551814534167129 0.00015684200949685342 0.00082833872170826094 0.00041547727909991341 0.00066036653829347426 0.00020983292387454039
0	0.96370750491927748005 0.01370715255783403093 0.00043012245996039444 0.00118423850604923485 0.00909428209914333111 0.00441340646144747911 0.00746329299628777695
0	0.78300712597398380854 0.17786670658735531658 0.00294309645675020458 0.01648264995512245187 0.00636179018648207108 0.00345992734126028892 0.00987870349904611256
4	0.00432108557120930437 0.08002861019258777908 0.00096114252633309463 0.00042164550255119234 0.87463893733746278514 0.02006862546815900081 0.01955995340169713187
6	0.00883315683112889660 0.00067109454056222758 0.00030346170841997024 0.00039056217012290627 0.00422169368865952469 0.00019226462608425227 0.98538776643502246078
2	0.00351031966188662193 0.01394356119639935006 0.92400279681545882671 0.00508094794603858313 0.00861546508045445483 0.03440381576792041207 0.01044309353184144119
1	0.00023399622577968020 0.99784262903205600548 0.00102403505951047355 0.00031930906011566851 0.00025606126757556308 0.00023320119450486381 0.00009076816045847423
0	0.96021138861300270317 0.00760357108500764496 0.00034525510971222199 0.03104569202217019944 0.00011022001320217316 0.00008120879599208690 0.00060266436091269387
2	0.00110096690056266165 0.00010132908886495837 0.99714463425344623815 0.00032944330552666041 0.00053733201798490183 0.00015587444528918727 0.00063041998832554034
1	0.00313465275182611908 0.97810040514282459156 0.00428169578059130022 0.01127861712478783404 0.00151546953347670940 0.00131467851508818684 0.00037448115140483053
1	0.00779626977787454840 0.80339364623905351603 0.00404361160793680584 0.17647144654674246089 0.00193581774736341469 0.00335343573069753556 0.00300577235033203582
0	0.85062240101833630490 0.08558180495236797358 0.01185044253120923555 0.00713809162171041931 0.00610202709431065336 0.02277607078784594716 0.01592916199421942972
3	0.00235963462939511306 0.00354858213662452354 0.00015865066757698025 0.99043459410012313349 0.00004119818880785559 0.00315156432780240017 0.00030577594966945987
3	0.00220300773970510998 0.03446132060618467552 0.00039518771024396040 0.96164339387731179176 0.00019715269128581871 0.00061761783911898729 0.00048231953614864587
1	0.00551521466898166352 0.92178370940188070204 0.03199862099134833521 0.00437835929688019671 0.00107992424138937584 0.02246662350757554910 0.01277754789194453407
3	0.00204914155806598360 0.00261759206787082113 0.00009715953658898169 0.99498188686433441941 0.00004711335250458637 0.00003642453179080675 0.00017068208884401419
5	0.01103433306728309783 0.00041290244817088380 0.00067890541454078369 0.00445089859752341270 0.00712437935121104041 0.97559745966831545871 0.00070112145295465119
4	0.03263238725458570549 0.01564090196842128286 0.01266748793749850922 0.00263839036339350583 0.90829415793510981381 0.00940630351529093273 0.01872037102570050029
2	0.00235493529818693896 0.00153547485048158576 0.98606567436082881439 0.00686484942019102446 0.00122682264244775257 0.00152225696305760831 0.00042998646480560301
1	0.00579430830836355319 0.99118636765059964233 0.00164585791218102378 0.00058711977937279784 0.00013730996049084049 0.00020299258445479252 0.00044604380453682727
5	0.00146429792107211488 0.00195316667421541711 0.00011020346520311468 0.00036645483005475735 0.00122990972775635556 0.99444060221041230552 0.00043536517128630844
3	0.00869986295707769405 0.09499295351568441681 0.02605053152642191130 0.82783463258023815001 0.02030772629818540856 0.01090230933928203194 0.01121198378311055906
4	0.02917053715660430230 0.00785932689905947078 0.00084873706850132041 0.00020639133118646264 0.94866908521896797790 0.00027091883428466515 0.01297500349139564350
1	0.00345855724885643688 0.97581699914020914033 0.00038057545470035947 0.00126250337730387185 0.00232712641993663028 0.01513054116620026271 0.00162369719279450921
6	0.00095630818061525887 0.00002455087086742469 0.00916686414390722668 0.00012526735369649384 0.00025594509742903336 0.00122141149520594585 0.98824965285827892636
1	0.00335573393063758659 0.96002807047452942690 0.01584176072428877119 0.00014343748519185376 0.00799443558208545561 0.01211120191223693555 0.00052535989102849132
4	0.10632675824395873554 0.00338699576292518382 0.00111472475473897801 0.00189577296495262106 0.80403648382867110023 0.02984339101120760118 0.05339587343354593868
1	0.00099544444203643941 0.96820853270938134205 0.00750727544729161856 0.00461166223289460452 0.00162425476358133455 0.01546429427975676285 0.00158853612505852949
0	0.98142927185588957339 0.00959424401850460240 0.00022525175316467314 0.00148162280591063286 0.00240199387268136668 0.00164290648013825876 0.00322470921371092838
5	0.00257069666294675167 0.00270879876397296139 0.00007425478691141393 0.00013808694616846204 0.00011643999180640178 0.99410934475131140786 0.00028237809688221136
2	0.00076475886943055678 0.00119931020187598976 0.99569077318464527249 0.00030441683014471654 0.00075882797795160284 0.00098102115225763326 0.00030089178369416199
2	0.00003008885936253946 0.00001358167267677208 0.99960138584117241844 0.00001499229100179644 0.00006085256057542161 0.00027728627680145097 0.00000181249841049202
1	0.01408133236935526708 0.97430605034933115416 0.00368647883771904819 0.00055842844751613908 0.00216198497127565717 0.00450100188133018952 0.00070472314347259891
1	0.00844562058881511216 0.93496420069334629233 0.01470813229918845749 0.01363859151439111850 0.01224786717614230469 0.01209463259810910317 0.00390095513000736837
3	0.03987683463490114544 0.05421853466762579371 0.00129267436623816344 0.89806853945998676991 0.00418516559623402333 0.00120367225534848848 0.00115457901966544395
5	0.00991836270616693917 0.00246058339479631773 0.00747815750051068501 0.02591730533859588556 0.05504406349093743378 0.89674765991779270546 0.00243386765120087245
1	0.02897192764574582982 0.88624151880377921575 0.01053026520747452933 0.00232575363230887134 0.01835301299161165578 0.04234175518878265099 0.01123576653029664460
5	0.00012579447213452178 0.00025409495353344693 0.00005170063413313283 0.00001768800047493844 0.00000600552282658169 0.99953197177255559414 0.00001274464434188753
1	0.01125800881471976551 0.76757333259075577470 0.00893747758932297333 0.09353795305070053412 0.00341393403504420970 0.11082881658490889576 0.00445047733454857243
0	0.96654709810196270947 0.00905067653806015081 0.00120066452328300194 0.00542068501091574461 0.00394951704478781456 0.00296824296700025619 0.01086311581399029835
2	0.00069722473597002611 0.00186651273639968241 0.98821457890781827516 0.00099003794601544830 0.00257402566998058118 0.00259548650841856998 0.00306213349539907320
3	0.00471632595619294118 0.07059861000713879564 0.00130904320016895690 0.91279143855778521743 0.00165286063331844145 0.00737839040813108304 0.00155333123726448543
1	0.03529203715203702713 0.84160172461948012934 0.03702179165395083626 0.04122935031966883102 0.00182405642414689220 0.02837724964032307257 0.01465379019039323230
1	0.02252969290814503187 0.96904676330908423587 0.00136895056293131969 0.00020037754022721107 0.00352414274584209302 0.00053233003348587620 0.00279774290028463003
1	0.00055527681589860741 0.99184864697467023387 0.00074001636519982765 0.00334814406278178926 0.00198438086374844386 0.00133347173807425593 0.00019006317962658878
0	0.55324294754344915948 0.00164785931754374477 0.00365302954698511467 0.00047592936070468345 0.39228380732556561439 0.00018545778329965367 0.04851096912245184134
1	0.10418162348640730430 0.69705389531852202101 0.03789039355542120346 0.01806060466654870605 0.01427047194665383677 0.10334175282992892619 0.02520125819651738291
4	0.00014220981589182450 0.00777628202827658922 0.00737446435250403622 0.01528731014613792481 0.95985705297679613235 0.00321973627389103784 0.00634294440650153956
6	0.00018325878980422444 0.01332333558460402703 0.00113914279737344667 0.00384607802995938931 0.04217604953341552720 0.00098536316782936581 0.93834677209701478073
1	0.15035322424389382934 0.50999930326506504041 0.11397875588107464484 0.14946711102325391241 0.02789187170627576567 0.02353846905036832693 0.02477126483006860530
5	0.00248605078807449548 0.00203260401563346666 0.00031579674075112127 0.00005565817755357314 0.00012580762393039452 0.99475286491242864706 0.00023121774162906510
4	0.02573594617201308346 0.14393887811393418774 0.02723575608431420478 0.03686321720815852881 0.71004329342548266890 0.02136460309155090512 0.03481830590454645241
3	0.00995171288384582436 0.03271270869875807924 0.00467695604103859561 0.94015076825149512807 0.00540313392001352984 0.00354654979505879958 0.00355817040978990756
3	0.00249545552195464112 0.01938006620199440866 0.00021639544479976815 0.97719834587173382001 0.00004860969583329654 0.00012186870017112341 0.00053925856351174045
0	0.98734818956597147910 0.00094892241702964101 0.00037548257223741772 0.00128334933682988780 0.00804423345785637740 0.00134863068086128485 0.00065119196921414326
3	0.00179747236202524295 0.01282190022557770995 0.00269510760092952746 0.97447446543503268845 0.00371035109927531212 0.00237577425042404325 0.00212492902673524966
1	0.00701633407083167987 0.89093996270805042581 0.00658600551181695408 0.01943786030316470639 0.06500015515712492808 0.00251516330881013843 0.00850451894020148522
1	0.00046957316837675068 0.97539792531602642622 0.00476769558997799502 0.01397100114659306606 0.00307044516926146659 0.00224998960740305318 0.00007337000236166974
1	0.01746292601921847765 0.87945221826284092348 0.00521348571966072198 0.06941954934889112139 0.01712104640398845815 0.00546109552889158679 0.00586967871650855878
3	0.01445149874725785814 0.03100020086266139924 0.01777349646426444260 0.85629762585585367241 0.02592574286219393245 0.00665888012884166981 0.04789255507892722918
0	0.87491767788191288080 0.03711308682140519732 0.03113416832791663161 0.04100178083567880549 0.00950476184847004642 0.00192182796865995507 0.00440669631595634950
0	0.90749845278197827092 0.04433620193465646897 0.00017299139678905113 0.01183407951129596299 0.02934082184159594181 0.00211069186572556506 0.00470676066795880626
3	0.00805210225665473067 0.06585535937082885594 0.03348960762974394906 0.81948616861493450703 0.03162368561047604332 0.01691993400828070357 0.02457314250908128675
4	0.05536545559458624227 0.02553188559287070114 0.01188169976646223473 0.00744444243437115787 0.81383406457867790706 0.06628758882825361298 0.01965486320477798782
0	0.87190856605713895622 0.05542416352998240370 0.00821005698449327713 0.02672507626375365125 0.01018649317153797959 0.00950844018895698369 0.01803720380413654720
3	0.00299836343295599092 0.00364070571613345348 0.00052993165695098751 0.99130629864605990242 0.00072219580348249031 0.00025400502349188256 0.00054849972092478453
1	0.00001492860301869815 0.99934810261321405100 0.00025306758062436927 0.00010853285198858218 0.00006419025859138314 0.00013945217483092513 0.00007172591773168220
6	0.01480055288588947096 0.01217887458557816681 0.00280046595642148306 0.00910011538920110948 0.01502003295937059946 0.00720562026639839752 0.93889433795714105635
1	0.00082499395092025161 0.97693051809373865346 0.00270570800512692907 0.00021230558650240088 0.00060748258043496919 0.01842002621408742741 0.00029896556919026111
5	0.01932978669027003368 0.00293480214733343649 0.01777346422484595012 0.00081538424407086622 0.00342460405343518893 0.95365826399726916218 0.00206369464277577925
4	0.00000073541584141241 0.00000180170534964083 0.00000660508228152911 0.00000034013500262720 0.99996914696092242814 0.00000132091770283753 0.00002004978289877638
6	0.00262754879433616190 0.01232486764645522072 0.00056210365814442600 0.00197730988299839967 0.05695898282766238135 0.00396198031334216248 0.92158720687706097152
2	0.00058990898694864758 0.00049380215789594079 0.99393724979861319824 0.00055458589853367370 0.00135533544534215209 0.00058290194948551976 0.00248621576317980446
1	0.00034285182068960208 0.98250878214083392503 0.00123293801583919871 0.00909860904480381573 0.00273279502506708740 0.00321465432939204874 0.00086936962337415984
2	0.00089074321870865703 0.01134897994477335886 0.96207998051154830499 0.00605520405670505191 0.00073291840878277742 0.01814264330789529256 0.00074953055158594943
1	0.02277680169831654625 0.85379824495450618027 0.00745655841032353238 0.04238924411081599480 0.02352050523182142375 0.03356454895085948104 0.01649409664335671488
6	0.00932382741978643459 0.00070278915628613854 0.00004921309803287735 0.00008254121544038294 0.00107092250727949118 0.00066078948395504157 0.98810991711922002700
6	0.05559450446849414224 0.00011183403936690228 0.00080605371893709892 0.00009058957831571754 0.00157581423181653475 0.00029146287473432142 0.94152974108833553668
1	0.00001018786599054280 0.99984771126420712850 0.00009911968293349541 0.00002561540278944978 0.00000518280299912115 0.00001070545044144197 0.00000147753063972972
2	0.00117735323552843303 0.00097455094995496151 0.98583683917631503846 0.00018601715156353941 0.00902916655962621682 0.00227121260014387632 0.00052486032686712781
1	0.00017081970608291366 0.99747061059515040871 0.00043537365082715418 0.00123767509891289885 0.00010818137032919790 0.00057361601653076427 0.00000372356216523745
2	0.00151363582999888271 0.00516925054149536007 0.98276484875768299609 0.00010133245124789288 0.00025716091589871612 0.01001714788185691443 0.00017662362181938954
3	0.12163294428278668968 0.00070663474498245912 0.00012575836008246448 0.86972177182890431091 0.00108603089010973959 0.00616300460821513681 0.00056385528491923777
3	0.00397068138466708746 0.00233143105730227547 0.00186940875464472770 0.98530374019382771511 0.00312093803036208109 0.00237975306793877751 0.00102404751125676039
3	0.01759408360406184563 0.01863085414476048363 0.00787373397028703903 0.95209687616797966658 0.00126447131513277218 0.00093416628644708150 0.00160581451133008190
3	0.01545685094122526901 0.03767269881912665985 0.01345536564825048319 0.92398264427367993168 0.00330455065485657897 0.00243991677058051854 0.00368797289228073311
1	0.00092790827012175425 0.98871996079066681862 0.00063399932575128228 0.00013529412267564980 0.00848287693695237884 0.00094364089123609256 0.00015631966259593922
6	0.03653246965834118509 0.03411303924450276304 0.00479129581007421267 0.05950395843310248012 0.01015302966889195836 0.01377224594047444899 0.84113396124461270453
1	0.02501422512299359899 0.73168828367973570703 0.02635035586952161335 0.15367052773094580509 0.02965718596177541536 0.02080522053778971481 0.01281420109723797537
0	0.62720634227870475375 0.14209068309643732575 0.00508356225110112754 0.20896842434163040436 0.00922741168609096316 0.00407248255574327745 0.00335109379029223864
5	0.02298011751831671029 0.02107419196044068438 0.00526875972860346882 0.03817663087815612727 0.00077390306545939023 0.91023600004041593792 0.00149039680860772262
1	0.05960269201521204568 0.78981979328086482361 0.00079889246481206887 0.14674375800352520982 0.00045509325344526488 0.00225198332721811712 0.00032778765492278908
0	0.84839997777347353480 0.01606241806393877286 0.02543306536393145217 0.04456357674524687867 0.05501567048230575352 0.00519717128244827700 0.00532812028865536479
1	0.19749507914462843816 0.59974630015017038609 0.04273285502997484220 0.03599117276229126666 0.06041622604750077064 0.01525355405217844289 0.04836481281325583081
2	0.00243225881774073154 0.01461862094979310758 0.96103706018353651785 0.00293577864054478214 0.00721762682831719217 0.01052592110348058753 0.00123273347658679191
1	0.00182013185474832724 0.97148475208080975474 0.00686210428228863859 0.01496342591194941250 0.00054769779939215868 0.00303071242663892305 0.00129117564417295097
0	0.83032637775050999185 0.02245011598232576205 0.07045519402440138246 0.01025743043764251045 0.05255586103221030619 0.00400350620365557894 0.00995151456925463113
1	0.00416520057043513400 0.97369720745694121611 0.00547124561012153100 0.00447212240355642377 0.00032737381415093883 0.01041154435855193641 0.00145530578624232325
1	0.03505496770461970224 0.95116309667904586078 0.00361496250392800891 0.00050264546603689324 0.00825948231050846471 0.00036794337661208714 0.00103690195924900923
5	0.01593828415809550939 0.00453137622130206190 0.00001637682484555704 0.00478811393188025014 0.00060591976807711039 0.97374171803592013408 0.00037821105987943197
4	0.00120369965678284005 0.00031720830402174818 0.00098147904839972580 0.00106384873125553599 0.99047609177051965101 0.00352166098810440800 0.00243601150091693301
0	0.81247872926810049687 0.08051097995272279984 0.02287189524790103970 0.02865899115192400287 0.03173406540468775433 0.01343277199033734819 0.01031256698432649402
1	0.06675340696223794335 0.53656211187963898102 0.06817830352121427573 0.16378595324167960490 0.07464011905141487713 0.05242173437700457794 0.03765837096680987872
3	0.05603031928683035318 0.14402946070044780891 0.03386406003591184433 0.72593682120310898398 0.02946949296852171413 0.00262501450405311278 0.00804483130112578285
0	0.98952393667570626157 0.00033545238444022041 0.00008318516219106762 0.00005984923448865367 0.00027158982389074624 0.00932725490972244851 0.00039873180956054007
2	0.00114127936209834397 0.00408419702278037429 0.98913695503375709261 0.00134203554329794168 0.00168446646335688663 0.00178849982526194844 0.00082256674944724401
1	0.00010728231832951834 0.99947770180780937110 0.00005052338935275722 0.00020041108183753943 0.00003032152122106256 0.00006981413799069991 0.00006394574345882528
2	0.00001049445775422196 0.00025029003819616896 0.99714969246927187552 0.00000915899337392995 0.00042574663316235979 0.00212640702673253358 0.00002821038150907646
2	0.00013366175053544454 0.00025524946601066553 0.99457946814528519486 0.00058996159488802042 0.00015421128991145188 0.00402956312733539820 0.00025788462603353550
0	0.91837625566193892279 0.00540134727170933117 0.01421373694268663994 0.01868228786965393795 0.01923644476705066789 0.00178242737635316635 0.02230750011060755184
1	0.00069672990550450351 0.98414686738735890348 0.00094669812342135370 0.00901381887001339796 0.00216206952769351863 0.00274113866116029725 0.00029267752484722387
6	0.09604790027156402676 0.00030890343974941523 0.00073106716086287138 0.00144055796353994474 0.03810064414543152395 0.00023536753402586742 0.86313555948482656444
3	0.00832730760887583597 0.00177156382807319972 0.00961518743880326356 0.97857911495425142778 0.00083983528425034628 0.00044960203205297183 0.00041738885369284318
5	0.01207826984238139292 0.00728124369571278053 0.01565621701900351409 0.00066916741589810526 0.00459579099598588468 0.95872668436011687643 0.00099262667090051888
2	0.00460613781153646016 0.00061760745400713326 0.95962895662773406436 0.00047088128635569272 0.00156182874990022104 0.03294897658774723070 0.00016561148271967597
