5	0.12144030737118036156 0.05219115258346600922 0.00327307194885929518 0.02079780613169797052 0.04226437334683279951 0.74565934630997288135 0.01437394230799077070
1	0.01252272626993251523 0.95822822350535952207 0.00452964855402690405 0.00478355715704168859 0.00602130308723597754 0.01190466966111874969 0.00200987176528564853
3	0.00105924035788650919 0.00001136240257912408 0.00008718245984944318 0.99854887588806151566 0.00000855066181299585 0.00001040414858690838 0.00027438408122391309
3	0.00134249638020323163 0.00172964109728046544 0.00140242893713143782 0.99422208549633273034 0.00036646576250324783 0.00026794792664258947 0.00066893439990587452
1	0.03220361177602117098 0.79762032614022537746 0.02493048153988584523 0.04746450796035438929 0.03238713901921812244 0.05976826541372962792 0.00562566815056547015
2	0.00080250071743773611 0.00162472706838003521 0.99138497885560517009 0.00228431185867724630 0.00224887259564237338 0.00108831548837576026 0.00056629341588175194
1	0.00049935234916582798 0.99520344410691752302 0.00252402615422664183 0.00128195464207961113 0.00016517920378961021 0.00025594370323484922 0.00007009984058505136
6	0.02909706236694241735 0.01448505064169185695 0.00322926069689521804 0.01049887007864250613 0.02632231133379158219 0.00147289487438080277 0.91489455000765562698
0	0.99324267678558197936 0.00237537703544177725 0.00025974650260747516 0.00013375313798904667 0.00272457200082209389 0.00010802178825348034 0.00115585274930385330
6	0.03399901056589130915 0.00124956093590631971 0.00243420963508108115 0.00318688880396623400 0.00460919773562312556 0.00217894147992539608 0.95234219084360660634
1	0.01122444736061796282 0.95405814308672942659 0.01097781841616392480 0.00190605778012840075 0.00272587283384589929 0.01633593780548597829 0.00277172271702861130
5	0.00148721410534294394 0.12712179600554451842 0.02702882757793347024 0.00141993540231556106 0.06876956983257412337 0.77038658756615974177 0.00378606951012919017
2	0.01613523554189236209 0.00381668012404001245 0.96198817711943729325 0.00211954969531731987 0.00545176152292477147 0.01006213137263467332 0.00042646462375339316
1	0.01938661634633414774 0.89861228537291304441 0.01779056402537184181 0.05941470760881533558 0.00377338101926185440 0.00062487038004619365 0.00039757524725761147
2	0.00178257066874952844 0.18289820158877356793 0.80165175702049118467 0.00383638655727701859 0.00124565879942059392 0.00606713655497082959 0.00251828881031682583
2	0.00184899643407520080 0.12532070655649688029 0.85845456485000304347 0.00568436152776323044 0.00110871867163638525 0.00667350973544928675 0.00090914222457490928
5	0.02463138132669678501 0.02652046956499771319 0.00173452678830560473 0.00021396542811696130 0.00685383857969735881 0.93930994177621351948 0.00073587653597203130
0	0.87330305311121159129 0.02300379650653092828 0.00633259090821097683 0.00625584400981324222 0.01799797303966615969 0.01572443939129105836 0.05738230303327597481
2	0.00867216920951996255 0.01230386020720395865 0.90056962645260796307 0.00035196266997576691 0.01634382515794265828 0.02443755829855193823 0.03732099800419802493
2	0.00002652360403542085 0.00000441278785484399 0.99972348054434012621 0.00000869111411210793 0.00002695418191724589 0.00019113362582916365 0.00001880414191174616
1	0.00025222793397229707 0.99563584617231659646 0.00171305509200354606 0.00076540252818061783 0.00073621708798056874 0.00057227202127298866 0.00032497916427358040
4	0.12449121279635856629 0.01314729198116715812 0.00085327639273764268 0.00323540126384483373 0.83109313934434558835 0.00909336639587379932 0.01808631182567244436
1	0.00000214164381882309 0.99970379120985375376 0.00002842797979605761 0.00005153899903314846 0.00002492362457814471 0.00006550525293276339 0.00012367128998852752
4	0.00018586629311987112 0.00148455134338758548 0.00114111241087787806 0.00209894311129486550 0.99216636773389488280 0.00123732349386271876 0.00168583561356104215
4	0.00004005752984380790 0.00007516647312603445 0.00003705439213099941 0.00026814865940184412 0.99903499647391136307 0.00008970964785115130 0.00045486682373246912
2	0.00006953343734925532 0.00001545455861093085 0.99896900579293157474 0.00000874384055539630 0.00004082204460393655 0.00088833366453229187 0.00000810666141604422
2	0.00043193868261675553 0.00012989603755727874 0.98938369733960551677 0.00014952612885598594 0.00021925208920546630 0.00952014758583890827 0.00016554213632036802
1	0.05823968381719326487 0.60617143086066127555 0.07643748609900069546 0.14902444772021336550 0.04175824231479618315 0.04091219014378852381 0.02745651904434683738
1	0.00138737314350053775 0.71212627010662810090 0.26571995602176473605 0.00739811121750576662 0.00089667157021020352 0.00839719686563249017 0.00407442107475865321
2	0.00281732877327788359 0.00300507757352654319 0.99321654845974804982 0.00019148355811948690 0.00042411181789287286 0.00015868530893211271 0.00018676450850461517
1	0.00000674962841753949 0.99824907697118747674 0.00131726533265957412 0.00015881802823923920 0.00002696038297920076 0.00018672073396873291 0.00005440892254911433
2	0.00134956039453251221 0.00035708597784574431 0.99624952825555446179 0.00013754915112582241 0.00100869180287022379 0.00052381848423701486 0.00037376593383435291
4	0.01435708380793990560 0.01638185398393524062 0.01504428591642884526 0.01958905916140809417 0.81709007727421478773 0.00713768965841025168 0.11039995019766381257
1	0.00041864592576224311 0.96111773190360683117 0.00071757428876928378 0.00019729964665087297 0.00003956945625109462 0.03745681982607364235 0.00005235895288682693
0	0.80331975789966802992 0.01824834193754807515 0.00582279313816174565 0.00508099557198147481 0.13697480510653697872 0.00075684977082514674 0.02979645657527867433
4	0.00000783121104880351 0.00002807218290188922 0.00006722352391140402 0.00001690179634451591 0.99956731469230664100 0.00026726298439230746 0.00004539360909513729
1	0.02080695516589143798 0.91046032939246268612 0.03859315036516712538 0.01582403210727226922 0.00915633855434769793 0.00226069262975613864 0.00289850178510379182
1	0.00139913222746775381 0.95511797971358314285 0.00657074334594886459 0.00832430337222139945 0.01899283631186662880 0.00800292083200404569 0.00159208419690832093
4	0.03281297612154900761 0.10408141960123956649 0.02330626525822159650 0.04750327926253618965 0.74555399047665593670 0.01008543719428029936 0.03665663208551721286
2	0.00094989348768562305 0.00052444342567256900 0.98051011313270985958 0.00162625279183838795 0.00900317686048172743 0.00603631645751459903 0.00134980384409761397
1	0.00611249130744132441 0.96024056230538801238 0.00446363225798474764 0.01957368112788374082 0.00239799777519480268 0.00653179841177705962 0.00067983681433067230
0	0.99361136021233587012 0.00058773050029990823 0.00015929144883056659 0.00006487743568667930 0.00077137091493063078 0.00006551526051326359 0.00473985422740286298
3	0.00714813486662250249 0.04018967124950279662 0.00165061423570030466 0.89362055853759780888 0.03889204500457480590 0.00158445072895780606 0.01691452537704473194
2	0.00001490763546484878 0.12905451253915056764 0.86789973982175383505 0.00013477085142221324 0.00007591121627842645 0.00256528182429976862 0.00025487611162966842
2	0.00313569797069276294 0.00097608440239452059 0.99269542456249004747 0.00093858326800663099 0.00096836018289971158 0.00088186909767387417 0.00040398051584343873
1	0.14656501809157082561 0.81415741277400122122 0.00381571869448697970 0.00365355168009991573 0.01926335094728506489 0.00459665690597216813 0.00794829090658373018
1	0.04297073809446798343 0.85884758089793300506 0.00343434368195268862 0.07351234962153987973 0.00231771065007637875 0.01717591360769272699 0.00174136344633693671
2	0.00078020050359612595 0.00857982495021977244 0.98741064012416834839 0.00043483080845575702 0.00233249266129953491 0.00029435665045574955 0.00016765430180439427
2	0.00195822010381171540 0.04687220906909581042 0.93266247717665207162 0.00926869398540446608 0.00097205579954005947 0.00669897385257423560 0.00156737001292199291
1	0.00776145235663097070 0.97497222224440360794 0.00479017167521130546 0.00510331967474818987 0.00311438693078798295 0.00337475626718277159 0.00088369085103615606
2	0.00148601151994730242 0.00324115306471231329 0.98395590952610023638 0.00323056647899786159 0.00395645332995691983 0.00162177235546752093 0.00250813372481808105
4	0.00002306282630170371 0.00003401719538688543 0.00001455294641896367 0.00020662544095284316 0.99961380470283411892 0.00004358798467502093 0.00006434890343233608
6	0.07211378202211170263 0.00569561406551378525 0.00729183427821340508 0.00130800402054153308 0.03553608093839148718 0.01495156157221644473 0.86310312310301162686
1	0.02904099525908467039 0.78277488840047293461 0.00599505227006445242 0.14305486382181528682 0.03430840712349449845 0.00360090593610001798 0.00122488718896796608
1	0.00109429155335018084 0.96087851370059129685 0.01523391536606655619 0.01010225186685659998 0.00457620413070802465 0.00768437618674774371 0.00043044719567889744
2	0.01068436336465514169 0.02079657918002845648 0.89949060930070445785 0.01550765244833640817 0.00963057508344076704 0.02476225961546062518 0.01912796100737500921
6	0.00774607026995558553 0.00176655322473344791 0.00166698372045553803 0.00018258415649626623 0.02517877010844337196 0.00086926662013391681 0.96258977189978167655
0	0.92547646482173984150 0.02843409052394608658 0.00078992591711142491 0.01096244942533092064 0.00638585525383982087 0.01073807760879347956 0.01721313644923843159
3	0.01118993786291351371 0.00218124831251040709 0.00040671772634963616 0.98259514389898050535 0.00080705653189519500 0.00131039033208665032 0.00150950533526377243
6	0.02205805310359750318 0.00611600067670961273 0.00124918858159918551 0.00106832293078000539 0.00890703707202715987 0.00051944886494376748 0.96008194877034302994
3	0.00020468272894341201 0.00434665169903941662 0.00009042178111438690 0.99524720572421609965 0.00002468142034394489 0.00006683278697001525 0.00001952385937123297
6	0.05194339022010117934 0.00117934078367792515 0.00080265908027334933 0.00040845612270315397 0.00082718790347391369 0.00153365608441830004 0.94330530980535243213
1	0.00116381258744381101 0.97579558589541293134 0.00174133668523848185 0.01257826675399640638 0.00519278657758177626 0.00262234996342553157 0.00090586153690111525
1	0.00112705834108862177 0.98601337294042135095 0.00291538308832199090 0.00609081742234895713 0.00159202435804371885 0.00086857225364989337 0.00139277159612548372
2	0.00108454903912130990 0.14559972112522956422 0.84291276262067904579 0.00121693512383829177 0.00289194952276375719 0.00274369070570120496 0.00355039186266693611
4	0.00881707796311931129 0.05384696850733217827 0.00061128690263386539 0.00176127966170451880 0.92791108828784552021 0.00337596324418382382 0.00367633543318000335
2	0.04606946367450493601 0.03378720295525550199 0.82822797393459424153 0.00723716939982160194 0.02162651140763708832 0.04644116421642591891 0.01661051441176115279
4	0.30045746042330362391 0.00557424527522561077 0.00132251787876650276 0.00167557609387372413 0.66512188713184750011 0.01246765099861285760 0.01338066219836996085
3	0.00460572977332882830 0.00203359854610446781 0.00038544846752076173 0.99155686234454698536 0.00031609714990586175 0.00011261563269328910 0.00098964808590011502
0	0.98309420179894169145 0.00104147829462990812 0.00006272722332977247 0.00012126972586857669 0.00582315466946476627 0.00018408253620895784 0.00967308575155643828
2	0.00686077795307242500 0.00729828170785945356 0.90123625886084535175 0.00196461581580637023 0.01509014739522709231 0.06090885295845900604 0.00664106530872900832
2	0.02195492005635069424 0.00038550491745209764 0.97633024571510074185 0.00003966273946659638 0.00019814047966382336 0.00012920540791277866 0.00096232068405358322
2	0.00076148660393512437 0.00523203100479133123 0.98931811538847436172 0.00006861457974626098 0.00059822240513825414 0.00391823676098452568 0.00010329325693054814
3	0.07002348131192719094 0.04442658989152947768 0.00545648321978730276 0.81825383747049107441 0.05880406835659830050 0.00131949998408345905 0.00171603976558315084
1	0.00002219704277470788 0.99974242090643594683 0.00014321966354646917 0.00007681671904505202 0.00000543151071055923 0.00000754327931119764 0.00000237087817533084
1	0.00302819111317510726 0.98063002740634630516 0.00367858073397146594 0.00972536601946276912 0.00178345229862243606 0.00050797713932718559 0.00064640528909420936
1	0.00857147336863886035 0.98778637990174400496 0.00134475990101710712 0.00016697248848987527 0.00177838026763119800 0.00024329362923679765 0.00010874044324240237
1	0.01227227853624963082 0.97656942963719872708 0.00306029333983270316 0.00613993811667106013 0.00100064222070090345 0.00038805565351560079 0.00056936249583172910
4	0.00172120013758395767 0.01102635896868663090 0.16066143289531484295 0.00313166482751901570 0.80818620240978888969 0.01171481275775836800 0.00355832800334898985
3	0.01142025917722697473 0.04033902162524966722 0.00823361122413091180 0.93297074374683730547 0.00338223484452420016 0.00027090749160333104 0.00338322189042799181
2	0.01942232347040627818 0.07248815487983878425 0.79507082955831132054 0.02154636457208660219 0.06824520091405318623 0.00424422363180050524 0.01898290297350318026
2	0.00023369645280313554 0.00005452304593035492 0.96757738746188692858 0.00039563962947439132 0.00017938328102629962 0.03150402931291610559 0.00005534081596162188
1	0.00007420948986982184 0.99770911582244892202 0.00096729739713949240 0.00082042744497449159 0.00003200678452281930 0.00031421951059086675 0.00008272355045436629
2	0.00005298092986989846 0.00000344142846646748 0.99977859739970420527 0.00000919589059366215 0.00008987368429266347 0.00004792850211018464 0.00001798216496144841
0	0.92298088093614016891 0.02172572400289736125 0.00490977475539968334 0.01801782650817959283 0.01534726826454774901 0.01143744010047202837 0.00558108543236324282
3	0.00225741337722385697 0.01702586546498227951 0.00199053196636869928 0.97524265885086325323 0.00210750719306240179 0.00031350116389741825 0.00106252198360115460
1	0.01961499406630381678 0.92108446113219166751 0.00593747799378340282 0.02318900506940611839 0.01583474058198693080 0.00798739920475004944 0.00635192195157855549
4	0.00009804629604339957 0.00017587164490955856 0.00039598229167189520 0.00199066708605467099 0.99617200886119638970 0.00014064172629059938 0.00102678209383253480
3	0.00305666815973334267 0.03021011224073395091 0.00088854495630020245 0.95870302147048913621 0.00379761958660587316 0.00075941578162418860 0.00258461780451333441
0	0.90657224315127071801 0.01141431968438867336 0.00426605903721672883 0.00416608962307768622 0.01934792355953197235 0.00708378552706573177 0.04714957941744835068
0	0.98858736553558845817 0.00333829348078807688 0.00110272424370171031 0.00153365335752190081 0.00131863537314203406 0.00007285724226478950 0.00404647076699292136
5	0.00131266765424103613 0.02262959673156675344 0.00751375841229203704 0.00452552675591868288 0.04351818383138782165 0.90343529268708167024 0.01706497392751200534
5	0.01142661914969588660 0.02871815914700910979 0.03689310562941633398 0.01694216966519506568 0.01658283243002514271 0.88522779844577981212 0.00420931553287883040
0	0.99039684088096779924 0.00074660140393794316 0.00017611299850889918 0.00007392774247958901 0.00236609947887010934 0.00048120322296960326 0.00575921427226588293
5	0.03809793111526286330 0.07743055422291972301 0.00051442714260323350 0.00201154559956391674 0.00229390516351341261 0.87761859181508394823 0.00203304494105289134
6	0.04415566329242155696 0.01314566953588916162 0.02162130228174508062 0.01416142510559133434 0.00539258859937792948 0.00683655856415367556 0.89468679262082140280
1	0.01853583293205083096 0.90523755902508040716 0.02116896090824015725 0.02245358487375615636 0.00914925258388277207 0.00912944641714120986 0.01432536325984850450
3	0.00734407176630701413 0.05046821141118806864 0.00441676753913571810 0.91742530740236716280 0.01061353226343340894 0.00588665433032290429 0.00384545528724593213
0	0.92529131167235589839 0.02878348156491403187 0.00360932764512208060 0.01311123687178150990 0.00886444514822970833 0.01093148689231947766 0.00940871020527708421
0	0.94557521549632894686 0.00975890769600525239 0.00025301459266998755 0.00530431772662981645 0.01858141202934950054 0.00765542844708230492 0.01287170401193381275
0	0.87119111273560101427 0.00188037711391274742 0.00429416403467900668 0.00138958306708737928 0.01329008047904489329 0.00920747855241175334 0.09874720401726316821
6	0.06223110843700332268 0.02252117531848507950 0.14763315165603363432 0.00513472153726023985 0.01834402756830373973 0.00246460508691244201 0.74167121039600147903
4	0.00001006169789103614 0.00000832040263349665 0.00006365820441541707 0.00008060244668400948 0.99940869030274459561 0.00001638775668884326 0.00041227918894262867
1	0.00168248309504805019 0.97276532506218971186 0.00827186626608785586 0.00438394115765727323 0.00432170707643853100 0.00757000035649287636 0.00100467698608462598
1	0.01015567962423443923 0.98155179090071953407 0.00022564782095969591 0.00373119067706297091 0.00258809515149668922 0.00109897571453074130 0.00064862011099610318
0	0.55054942613608248703 0.10839480861708587767 0.00096075990157147128 0.00124643880464785865 0.32681512515237093330 0.00178211947103937719 0.01025132191720211534
5	0.00144970401161966227 0.02689285677507289099 0.00096558420264298618 0.00015664289465986165 0.00111676533200129931 0.96925464115286918965 0.00016380563113468178
2	0.01200583414164790863 0.08264059745234565713 0.81585485599569751436 0.02519915720058532593 0.04644607152198686195 0.01459983504372213206 0.00325364864401520102
0	0.96594649917138719619 0.01966781309219026164 0.00110527173145830225 0.00030787515970518494 0.01069553313179642459 0.00128243182347199513 0.00099457588999092594
1	0.00339279228505969758 0.91875424323007182092 0.00191961253318897324 0.05393768251039118833 0.00060256733982616767 0.01773268153589105042 0.00366042056557243757
6	0.00270894498579892428 0.00565201075508421462 0.01129769347182596993 0.00469537734887624358 0.25438053641234859015 0.00271054161273102121 0.71855489541333517067
6	0.00444322502240160865 0.00242933614981030591 0.00484615113635632720 0.00191275728999862837 0.00711298828210049812 0.00177170637801516372 0.97748383574131736395
3	0.26963806675844759209 0.22532233787506333877 0.01362847988096384591 0.45759417963787241135 0.01561392757474109640 0.01282128681451766804 0.00538172145839398239
1	0.00082619900797155398 0.98544817223645808646 0.00298762463297305237 0.00959503172107876480 0.00043687139228527346 0.00050605465508748960 0.00020004635414555476
1	0.04630247932179169801 0.68930046107616815831 0.08448442575691181289 0.08556855582082406597 0.03660674921227551754 0.02346567039539123115 0.03427165841663707552
1	0.01036108507444209043 0.94251491167881940036 0.00434881628442290984 0.00262290045028040243 0.01571929909613582060 0.02169543525168019654 0.00273755216421848807
4	0.02458842481293207344 0.04051621613449238324 0.00907411803676707804 0.02526629929224645521 0.87709913611737944095 0.00442672871856355198 0.01902907688761939706
3	0.00412234651433284263 0.00005822856878639383 0.00006900616802020942 0.99503552183839782952 0.00011112261776993086 0.00050630426678514168 0.00009747002590684054
1	0.00016629436176609491 0.99404930493387799739 0.00053520447195486718 0.00233060159451549268 0.00069377249677350487 0.00186447345699305728 0.00036034868411997061
4	0.00065370793703239971 0.00035929084493469503 0.00053167659714201208 0.00218461517423431317 0.99036298743027906255 0.00094957739749078525 0.00495814461888628970
2	0.00150403841658701691 0.00224005114129961855 0.99310486837088618461 0.00067142687895160001 0.00123573432400252625 0.00053104241358688882 0.00071283845468678739
2	0.11774593417662317096 0.21408733373563626490 0.48470634052920252843 0.03430542341736918244 0.09419723544131787529 0.03321602692968245174 0.02174170577016818276
4	0.00664857236479629056 0.00948046965178449795 0.00418147556264030287 0.00283292092548186221 0.80250198590016463829 0.17273312187616102209 0.00162145371897146019
4	0.01189114779776538969 0.00795550185119298266 0.01008694774447271500 0.05751034373207445510 0.90362918222447186078 0.00623418446336266013 0.00269269218666089898
2	0.00176771439544139109 0.00077043900185538210 0.99544213376807100246 0.00108029687500583440 0.00025361810935748639 0.00057420117554991823 0.00011159667471942644
3	0.00110427059684931679 0.00027925758967107975 0.00149726393012718207 0.99377970343845889456 0.00234482483664323312 0.00053957688635718247 0.00045510272189322091
1	0.04131529397228918266 0.68295301649240569564 0.00047303236912179798 0.12760518472070805918 0.13580170175014799616 0.01023741944870936588 0.00161435124661839322
4	0.00008672591711717868 0.00042007970856283434 0.00005345023618836177 0.00043131620690557454 0.99855972799386538696 0.00007900357116404972 0.00036969636619644760
1	0.00001295932391637548 0.99961490639798578073 0.00032602013321027289 0.00001666732286356822 0.00000270680116346285 0.00002341554954592082 0.00000332447131160362
2	0.01757795492118746639 0.03879596548846016985 0.85016388872443759972 0.00712788696783312782 0.03689868226588687711 0.04854398002172273519 0.00089164161047256929
1	0.00279953395786833835 0.99442779729836039415 0.00016344332158043723 0.00109649331573633360 0.00048124994157930357 0.00070697055357451263 0.00032451161130155163
0	0.96155709595603378048 0.01329574336499585001 0.00058963426775789963 0.00154847172657074112 0.00846642331733063469 0.00598975312667435287 0.00855287824063663202
0	0.79321300352422396962 0.17041272508629171090 0.00258337682460169516 0.01341536893699800219 0.00776985264760871822 0.00305806734545793464 0.00954760563481821603
4	0.00581794689754273984 0.09255792185189490318 0.00163857693497468718 0.00078918977396798815 0.84538282078697601918 0.03285600529155885408 0.02095753846308456153
6	0.01339970602832513298 0.00111603222022502689 0.00059334693633509249 0.00086090684524410056 0.00530221462906818077 0.00031787127080147256 0.97840992207000110348
2	0.00469630256462791155 0.01716669448622862304 0.90421226942888244249 0.00778979434475299184 0.01063438152695189709 0.03704996297356433904 0.01845059467499124417
1	0.00029607276550719255 0.99742237922697862818 0.00113734855117245560 0.00042804968044856783 0.00031001086597459704 0.00025998397133716379 0.00014615493858122363
0	0.95724551120131085025 0.01019030749194474277 0.00079740410863148481 0.03044523139003892792 0.00021714477921470169 0.00018566442030957910 0.00091873660854978952
2	0.00146220765065294264 0.00014600352461725745 0.99554166503545260536 0.00060280795378741007 0.00074458938611008632 0.00025493280725549333 0.00124779364212436873
1	0.00354686625894793869 0.97645797670960077230 0.00431708799982880812 0.01224540775553901832 0.00178794060249969295 0.00109772420621345301 0.00054699646737047935
1	0.00671625030254578270 0.83439737889156073702 0.00543097710589064264 0.14022303561619098300 0.00314564613964023881 0.00467950753682399700 0.00540720440734744796
0	0.85491420010163066134 0.08176729041374077023 0.01203604782121927425 0.00596221932401964048 0.00686386780237713528 0.02352038645234567557 0.01493598808466688882
3	0.00279334276512218510 0.00461889113957213247 0.00026325406143576184 0.98565366100217988166 0.00007752582665306231 0.00612659829014778039 0.00046672691488910603
3	0.00249795935829182515 0.04448160455383728951 0.00067387902920885371 0.94983969866019246631 0.00042298359546820582 0.00115192266359621107 0.00093195213940548086
1	0.00591429013204268841 0.91349125150082033375 0.03654108001743821416 0.00430885948680947636 0.00115141973913375105 0.02433586567106905268 0.01425723345268657682
3	0.00234410185215279876 0.00359575949482235672 0.00017354063368381969 0.99337177846741608889 0.00010189830745651728 0.00007304942976443995 0.00033987181470391062
5	0.01407778627275499232 0.00056843890363766220 0.00113897698851352872 0.00578350665137224423 0.01157416607241264390 0.96546652449708159072 0.00139060061422697752
4	0.03287858262624050038 0.01427044384659595724 0.01408260927028222136 0.00271817189109211212 0.90665834635190512003 0.00999265809450694022 0.01939918791937719766
2	0.00332241568802081871 0.00213458616148198789 0.97996229554689673336 0.01023646964971713577 0.00169202603629547803 0.00180632785422909429 0.00084587906335882449
1	0.00619277722528338917 0.99045970659212001497 0.00157031194532869121 0.00064574845173721830 0.00019152055857694640 0.00019587503041684949 0.00074406019653664357
5	0.00178624913527348963 0.00220332099573024428 0.00017782788910341749 0.00038499094931796548 0.00203224935762799609 0.99267813020010120528 0.00073723147284546415
3	0.00827932229318097644 0.09664088695902081638 0.02639680784152700563 0.82419683587125547319 0.02183653845394135581 0.01119811722633721335 0.01145149135473732399
4	0.03576675929222809802 0.01196113059153226625 0.00179406159788565115 0.00051520152348995978 0.93530373099057118047 0.00074593388363280641 0.01391318212065990531
1	0.00404883116001486174 0.97203520156509437555 0.00047057883139326330 0.00170579126464411100 0.00228002043053775064 0.01692600990580764297 0.00253356684250858645
6	0.00122754896554703335 0.00003545668232126681 0.01615003227325250909 0.00021091109445991733 0.00035047914170902917 0.00210232944499424241 0.97992324239771588790
1	0.00354794234859179530 0.96822740617929825557 0.01094130971804169010 0.00019113567854158747 0.00629350517033280994 0.00981439013716523673 0.00098431076802845590
4	0.09804074700667296527 0.00304339785163251211 0.00104142816816659442 0.00163629792918463038 0.81491895180465512283 0.02763330902325908389 0.05368586821642928192
1	0.00133212648003568903 0.96523575742322886839 0.00884312774703657767 0.00497798275444934386 0.00158297535845934828 0.01613141945862673482 0.00189661077816351406
0	0.97789669335026441210 0.01022222095905745386 0.00028924892052922238 0.00221371166326296337 0.00255640589063363443 0.00249487528612961666 0.00432684393012248807
5	0.00367609908531985096 0.00435563211800533805 0.00014005621252078372 0.00022587668531076798 0.00024323096904521277 0.99073186959916015315 0.00062723533063746659
2	0.00100244951607327860 0.00174065464934035114 0.99399105028625112102 0.00052972051050986671 0.00098925525362014211 0.00115417981412542221 0.00059268997007946769
2	0.00004620042759532063 0.00001450011623482119 0.99949311791547723605 0.00002090420439745029 0.00007773389728630168 0.00034384139201979472 0.00000370204699036591
1	0.01977305565632182793 0.96724460416499358217 0.00386931007588843003 0.00068422440064737659 0.00225194396746182437 0.00515627521010691547 0.00102058652457999726
1	0.00915877466389214759 0.92748500433017866396 0.01573923373997627995 0.01541383371984491289 0.01432503820236280881 0.01224260913776211573 0.00563550620598250989
3	0.03969191817427963898 0.05747534575270867030 0.00120331120358934947 0.89596254089385141128 0.00372645827760412782 0.00092800817069455584 0.00101241752727254078
5	0.00893739811986374484 0.00201405330095887243 0.00713330118630889527 0.02204410073429953487 0.05100295895528726697 0.90684945190533083892 0.00201873579795086491
1	0.03117775681430889553 0.87642042159735533691 0.01276261141537854589 0.00228220388493681828 0.01762472955988365550 0.04798687086710304306 0.01174540586103371351
5	0.00019551771002777427 0.00037422641896586327 0.00007543806094798405 0.00002133180167857788 0.00000875912277379856 0.99930405402543776017 0.00002067286016920386
1	0.01198531404000123188 0.75534879436070068159 0.00905699526037724925 0.09796358506876068351 0.00314960751261500124 0.11840308816201927655 0.00409261559552685696
0	0.96391664538270604989 0.00915285967917727622 0.00169803503723157359 0.00662174089833069898 0.00397403048711915657 0.00401468709966829995 0.01062200141576682445
2	0.00089751141759547679 0.00228033147598604010 0.98295287036623646415 0.00166491452052196297 0.00333846041485782227 0.00282616125085403134 0.00603975055394841229
3	0.00588096925012134789 0.07237248227051544525 0.00153488646392913259 0.90786046785804819237 0.00201327170065998930 0.00845451115545246476 0.00188341130127332658
1	0.03930774814060048611 0.82496996180631454454 0.03827508392595323911 0.04752797806944036862 0.00190811494658909794 0.03335321958174863183 0.01465789352935396167
1	0.01853274959812946029 0.97252531894652582967 0.00182342077502157325 0.00023443958974835803 0.00288605112447534945 0.00063293963756532281 0.00336508032853432377
1	0.00058926637214648926 0.99137448690964402598 0.00074578202017604807 0.00370876989976945274 0.00186282910784940051 0.00142599259731351533 0.00029287309310022059
0	0.67564208324581254139 0.00199060843270592409 0.00436481893386964602 0.00111404690006740108 0.25870657729035217987 0.00028273158687792033 0.05789913361031431144
1	0.10544849113530369022 0.68355070207172219376 0.03496501424777529593 0.01711906289545756660 0.01488624641638038211 0.11854258302336306841 0.02548790020999771450
4	0.00025176596337446780 0.00953428485123539518 0.01290796966397793517 0.02328712282153270682 0.94151903849922169432 0.00578402472272350823 0.00671579347793228171
6	0.00020667577419238877 0.01703317872786897294 0.00151614694583354962 0.00546689051502565176 0.04933630339223823991 0.00130771011480258336 0.92513309453003877980
1	0.16184088795892462298 0.49424589794800166676 0.11723034595555606452 0.14794506727925110789 0.03055447045541714521 0.02419393285235481306 0.02398939755049451020
5	0.00294647981728368919 0.00228489566849993716 0.00044832712583647117 0.00007190371194354601 0.00019369325940349279 0.99372968671966610543 0.00032501369736681222
4	0.02404761889020716470 0.13435921629195507476 0.02907669261686748191 0.03580339373270816777 0.71445813287989834439 0.02159016974450023163 0.04066477584386311156
3	0.01054920195179280887 0.03047680429366708341 0.00406081920858887557 0.94204053109968199919 0.00574759835246216409 0.00346659188297498760 0.00365845321083199107
3	0.00296142336984346350 0.02341992807585742409 0.00038854366572892732 0.97189335491448580751 0.00010332121284876495 0.00022331474653988296 0.00101011401469509161
0	0.99071902908004694233 0.00057434787524708044 0.00026227906234385027 0.00100856370679168320 0.00592405969326365630 0.00098938029583532129 0.00052234028647131991
3	0.00170093802104793654 0.01645629520919751967 0.00487946730158696045 0.96243543062781600206 0.00689655822446344664 0.00408813029791584535 0.00354318031797229080
1	0.00634667632255788046 0.86913941323200660793 0.00733781891261031487 0.02064567591824442022 0.08272274194126465197 0.00313738679182772821 0.01067028688148824976
1	0.00056192490976519687 0.97117946951154177082 0.00511400572404344025 0.01687899670911736927 0.00334712901078841217 0.00280756750389269749 0.00011090663085158130
1	0.02006755190313866746 0.87228763758353267121 0.00575344060857743700 0.07454909058846473369 0.01557367970278743068 0.00531358691786655308 0.00645501269563227356
3	0.01457102749671304424 0.03250352173533652134 0.01760439337295106529 0.84575338021836565794 0.02708149382061826246 0.00729867772948979317 0.05518750562652595393
0	0.88453183070653429443 0.03862175414683442776 0.02701131471634757308 0.03465920983227386426 0.00909320656938409667 0.00163276343994965328 0.00444992058867588712
0	0.90581044507435704016 0.04592690837309210128 0.00026711909817813713 0.01368234960471346150 0.02771101511884696555 0.00255041316291962144 0.00405174956789247816
3	0.00862767996609447620 0.06803291151411190729 0.03541492308306178061 0.80719177510680040211 0.03456482035992840263 0.01844096955707608815 0.02772692041292643475
4	0.05411563316466514589 0.02444535850135860777 0.01423246460696005015 0.00753513397059139139 0.81947749631130550885 0.05685268081616400709 0.02334123262895573120
0	0.87682396500050541199 0.05154065729715835709 0.00833498398796085442 0.02478287698428864247 0.01008757383079909344 0.01037915124423903490 0.01805079165504849814
3	0.00332056567280616726 0.00506163610141376931 0.00099051426795651381 0.98726420398504199927 0.00175885626631581732 0.00052561618747615994 0.00107860751899033691
1	0.00001485434570385064 0.99930285484500946946 0.00027807702159662672 0.00011210214955016424 0.00007018566513163130 0.00012717476666872769 0.00009475120634023150
6	0.01749327946698688713 0.01685755283984800498 0.00442284932470286656 0.01489315774234391092 0.01626921575898910427 0.01148057067700506383 0.91858337419012403569
1	0.00101022496265123335 0.97219857671257214893 0.00304872119407621767 0.00029513866971231785 0.00064659251084667646 0.02234024646738050346 0.00046049948276157866
5	0.02184331043548486118 0.00369480057910200142 0.02593369058876164937 0.00095779976251521781 0.00549202877083890175 0.93866132953750491819 0.00341704032579260393
4	0.00000114085007978880 0.00000206878036896479 0.00000804260525536134 0.00000048648295984599 0.99996637909522634313 0.00000253133146499978 0.00001935085464495802
6	0.00350491333620755411 0.01395188315598368603 0.00079517815533727756 0.00249405227716646997 0.04899700471985989070 0.00624822148626420076 0.92400874686918044176
2	0.00067989772196430306 0.00067631371016565035 0.99045774054966073674 0.00103728311593951792 0.00153825778127551034 0.00067330653973379849 0.00493720058125966116
1	0.00033955247968579810 0.98249111103896513697 0.00134573300751756773 0.00859352164175519913 0.00262219241578003776 0.00369265893796868810 0.00091523047832833663
2	0.00077597329441711417 0.01001406545597716483 0.96486704177454529763 0.00614484949091531098 0.00075068726899318807 0.01676105012075938122 0.00068633259439309811
1	0.01994090966926367198 0.85076434609690954058 0.00770171005726504564 0.04330699566161144015 0.02558266828478250945 0.03515662447632800919 0.01754674575383987148
6	0.01276959076096113692 0.00141913405199279056 0.00017039172127986899 0.00027276918308048292 0.00137990395184101576 0.00172046037393628172 0.98226774995690868675
6	0.06534600045509726673 0.00026199260704530173 0.00243178638967318696 0.00024822910038976024 0.00215230378326470434 0.00077678399827908523 0.92878290366625060326
1	0.00001182738756305581 0.99983707496246276847 0.00010441816982132519 0.00002650034921770944 0.00000560157800443381 0.00001226205837599660 0.00000231549455479131
2	0.00119854769475600696 0.00073167814389699126 0.98688669017701891040 0.00014021002658258725 0.00828146028405595327 0.00221405562987512508 0.00054735804381493341
1	0.00024196303084703783 0.99694745604344303658 0.00055670922919993590 0.00145307880974212557 0.00012620224138244242 0.00066785536437965923 0.00000673528100565403
2	0.00097211714898620195 0.00389496644881528803 0.98531706261287177462 0.00008137210597071759 0.00021645814058825793 0.00933355902553648607 0.00018446451723058539
3	0.11334914865335071754 0.00113412593330426410 0.00033088846015519590 0.87299238999029926678 0.00249505230223971567 0.00858238492098347544 0.00111600973966755317
3	0.00403944216828913943 0.00212043120396187114 0.00177216421716746013 0.98548505326974700225 0.00310183052635927461 0.00240166357763203471 0.00107941503684360739
3	0.02060796234804672389 0.02709228828174341935 0.01421079379728544881 0.93010424400686320112 0.00295036632393661609 0.00196823917899601472 0.00306610606312811762
3	0.01801116940229125635 0.05103690190684796041 0.02246038077516677306 0.88932138857446574320 0.00742774493965724352 0.00456801239293710797 0.00717440200863388427
1	0.00125251163879291222 0.98733439498593478234 0.00072764606774521068 0.00014564420503347951 0.00929754269727346358 0.00099555401897233483 0.00024670638624874563
6	0.03787013995237409336 0.03321311240794545122 0.00465969717495250645 0.05764751854851489499 0.01043556644132291253 0.01320541244748614160 0.84296855302740414384
1	0.02902918327840819240 0.72215316323395906117 0.02882238210912489024 0.14471976949653309052 0.03477788302570953421 0.02205704180857339519 0.01844057704769166972
0	0.61790120117079028184 0.15687107265881461426 0.00750457060769632676 0.18920389102042856067 0.01689020335365399444 0.00652909458882820759 0.00509996659978800056
5	0.02810235316086885649 0.01956950919670455771 0.00550103796929453989 0.03884926137445193772 0.00081616973320450736 0.90539711280363810442 0.00176455576183751940
1	0.06061517634345011535 0.80457319433458507341 0.00122324033344207929 0.12832526248080608489 0.00093662603427563146 0.00359439020889450699 0.00073211026454610281
0	0.86071480201409411581 0.01413438143238687425 0.02436806094425145175 0.03818344371976663959 0.05245329645001433477 0.00503195131342957722 0.00511406412605714712
1	0.18397782390884950821 0.58325534414422808283 0.05853990297146773741 0.04331864956776781961 0.06470243361008173877 0.02188731957891578220 0.04431852621868950098
2	0.00330780122171036228 0.02091633633389449257 0.94640526293692750492 0.00479604592685127420 0.00935581595420799036 0.01289270343757380720 0.00232603418883489546
1	0.00179449170326619685 0.97449516285497761459 0.00656856243304118279 0.01267112599209073952 0.00053232306303075110 0.00269734658510137684 0.00124098736849328974
0	0.84118258212045027289 0.01631667918318349675 0.07128752927636090864 0.00814021525521656068 0.05098440838610174969 0.00369447968655894606 0.00839410609212809175
1	0.00407382270562613429 0.97291248165701726958 0.00584913829833089236 0.00452722462287119196 0.00033662026498585475 0.01084863836519368678 0.00145207408597589787
1	0.04221166091264635933 0.94308756165022711304 0.00356597705980335250 0.00054705593282058896 0.00876379534070690844 0.00034369852812941046 0.00148025057566612069
5	0.01288444782327427020 0.00497302607753375130 0.00002993640589647584 0.00618961683622869675 0.00071285775559760012 0.97477031321292695321 0.00043980188854199446
4	0.00204952063782334881 0.00039168293076392787 0.00152907000565549430 0.00186688695157567926 0.98572679565294996085 0.00565778981011456125 0.00277825401111720998
0	0.82907167657019942286 0.06675270617189493771 0.02205205218312338358 0.02472077044277928848 0.03368029316373268717 0.01285630230814958572 0.01086619916012104316
1	0.06956822857543423777 0.51632524431934179177 0.07125801386796189185 0.16950602675523129825 0.08347541947053599420 0.05014836161825867583 0.03971870539323660992
3	0.06457292903730590949 0.14510161722207118307 0.03620745449163880608 0.70478303419990095957 0.03627119981048255309 0.00298182505147700713 0.01008194018712333870
0	0.99035644447261317325 0.00039100391182614010 0.00012566117702535203 0.00006821468626981243 0.00036025741164390744 0.00823553847978674564 0.00046287986083505962
2	0.00139084965017458127 0.00550488501080299581 0.98511283302439378584 0.00211082463428975339 0.00213757034072540328 0.00217446467051875432 0.00156857266909499844
1	0.00014785141823091499 0.99932226299272797210 0.00006278792977344275 0.00022836033436716789 0.00004245307832948297 0.00009526657773611320 0.00010101766883597091
2	0.00001262559469712641 0.00028975753530134722 0.99648296965865312824 0.00001435632903824660 0.00053788894714815920 0.00261025500192437355 0.00005214693323783063
2	0.00018716354570878896 0.00031523340634036039 0.99269656782924231564 0.00100635715162849322 0.00016396595396814544 0.00514107545621079586 0.00048963665690001398
0	0.91129272432337038445 0.00545871387375969179 0.01905927384140052028 0.02052212894313172609 0.02010980898110138748 0.00225650582846470635 0.02130084420877161044
1	0.00073042726982172992 0.98403341166718805155 0.00098948031422033600 0.00854881000390926224 0.00218466102941796206 0.00306165758862165811 0.00045155212682145056
6	0.08662356354823398663 0.00035540219847595659 0.00126941805230382319 0.00192453536738199245 0.03998974757725824031 0.00034221502178912729 0.86949511823455671866
3	0.00977479471595548745 0.00229990205102767161 0.01525523795083695393 0.96964373960505267913 0.00153468762423706793 0.00083396067652589793 0.00065767737636418197
5	0.01252422311097032594 0.00525315524409537739 0.01499972707310200798 0.00062074245557226424 0.00410734696744610110 0.96172070814242149872 0.00077409700639181336
2	0.00683770110794273533 0.00101367757566644067 0.96423090847522052727 0.00074799720035337238 0.00251483390424537189 0.02426354610003484194 0.00039133563653684920
