5	0.10856353681120567423 0.06668912917958857989 0.00209443444330660068 0.01876558653860972356 0.05617722591856050274 0.73456846419449284280 0.01314162291423600151
1	0.01011710951811293363 0.96240115939080272955 0.00476839264856646246 0.00596791269502960214 0.00511552074670342406 0.01013590226276283104 0.00149400273802318523
3	0.00047521735437977937 0.00022825230378612237 0.00178836618336155597 0.99609193372620719042 0.00012150093774558973 0.00021401627459865399 0.00108071321992163892
3	0.00099809777400905009 0.00109447444437881132 0.00081770103854128052 0.99616779281410827718 0.00024072728325304885 0.00018651512063994183 0.00049469152506978334
1	0.05370642339398818549 0.77363693263908506204 0.01695247780465561696 0.04684998878231871194 0.03222286650129910918 0.07131051390390491518 0.00532079697474808870
2	0.00048991294513292907 0.00100015951767198300 0.99436632316885009697 0.00126424935393946915 0.00169432229181974768 0.00094141107372782979 0.00024362164885702246
1	0.00029145561776322673 0.99514497747577856934 0.00270248059627527411 0.00145631270987920595 0.00012737434503955750 0.00023228207788039023 0.00004511717738317671
6	0.04047393464657697559 0.01333038910351466017 0.00177545851154122056 0.00616755382729428266 0.03279042880482645889 0.00097719960780865713 0.90448503549843750626
0	0.94083020973949538224 0.00522892424463180117 0.00542514170283146021 0.00309948737862921365 0.03082982989111685349 0.00178919280590177998 0.01279721423739345505
6	0.04251076958098399389 0.00108787527330368120 0.00276466077329414958 0.00250058331714882696 0.00364306491128999843 0.00151315744255865205 0.94597988870142046824
1	0.01421844383011675733 0.93690981761205749390 0.01604150567321119616 0.00154692072682743051 0.00449547569771200500 0.02267319766342458173 0.00411463879665047074
5	0.00106096598440824858 0.15400999645997662246 0.01750394132259427971 0.00109944479084104823 0.06323585922384085400 0.75930111819044299182 0.00378867402789676878
2	0.05982101659961981677 0.04633714876206616873 0.84459274535258666017 0.01495285936096051212 0.02623350062969108387 0.00344529978758040473 0.00461742950749555875
1	0.01731810182838460638 0.90735888693041599762 0.01530814983658535487 0.05501178075183299487 0.00429597872619821939 0.00040469867634589047 0.00030240325023696393
2	0.00169702491352494720 0.16352560791199677315 0.82148836549993653477 0.00289137493674603572 0.00111294598332400247 0.00668674065360883203 0.00259794010086190864
2	0.00108427867417299536 0.08885485301239677558 0.89833912529655657320 0.00365973459568591638 0.00081600811039014788 0.00671902392443066935 0.00052697638636731278
5	0.09851684449304237701 0.03553098277227029894 0.01007178928120272196 0.00132677126033467940 0.04297928044266038916 0.80208971496362779785 0.00948461678686189288
0	0.88394099824881622318 0.02511933192034376469 0.00544921093447174251 0.00635840213398896487 0.01806093341555078599 0.01681719437046409749 0.04425392897636437617
2	0.01049913428252198695 0.00965075706217429982 0.89749481310581369353 0.00022226688033422058 0.01965604951033584832 0.01994333958448378866 0.04253363957433559106
2	0.00002051077433696142 0.00000356459847489896 0.99975035733684392003 0.00000689389979359297 0.00002170954373495279 0.00018147318640971823 0.00001549066040567583
1	0.00011928877077925844 0.99703633746059239229 0.00130610148332333692 0.00056360885334009536 0.00040683373626834978 0.00038731771539307456 0.00018051198030433403
4	0.13791316890564375708 0.01392778458743453365 0.00040433386283214389 0.00250915902008916163 0.82848837637184824523 0.00534750536890267122 0.01140967188324958081
1	0.00000091236843604877 0.99981498166902926794 0.00001658031000526199 0.00003934182300601238 0.00001257395600796157 0.00003339081891537411 0.00008221905459948300
4	0.00013195915205289457 0.00054121264551264833 0.00085546615717304534 0.00114151082545356302 0.99560577314482567868 0.00072798678964725830 0.00099609128533481909
4	0.00002615531212904131 0.00004004049757296185 0.00003733153570183359 0.00013392240292331504 0.99935462004025055194 0.00005789295483960076 0.00035003725658209773
2	0.00004577121629519797 0.00001363775712483210 0.99885622222652636903 0.00000585471774511960 0.00002435225469861137 0.00104878654657110447 0.00000537528103866540
2	0.00037389304081498549 0.00009286616446139801 0.98972652095544400019 0.00008977859413828294 0.00016729494700314080 0.00943524517926882210 0.00011440111886985359
1	0.06666150132658678340 0.61765771849460615606 0.07412696301776433572 0.13048626160867998758 0.04130164543610685690 0.04410202438733190622 0.02566388572892341555
1	0.00076348356214127008 0.67436113661707286493 0.30553265198636653244 0.00823837175514535724 0.00064218567024308746 0.00757640443949457541 0.00288576596953621671
2	0.00276112020462591663 0.00246585853815192799 0.99395793162038337254 0.00011141762259341520 0.00040475174381293384 0.00016137037073055930 0.00013754989970169264
1	0.00000509333621164374 0.99806671132600410790 0.00146520417891655335 0.00018999399451462398 0.00002033263159521230 0.00020753110175989077 0.00004513343099859908
2	0.00059883217878382898 0.00018924133851482599 0.99796381520314381142 0.00007317722395153511 0.00067686943584903338 0.00028949215559189074 0.00020857246416458125
4	0.01282452640701315857 0.01174626683781120930 0.01012570109293419590 0.00986086020470686858 0.84867671930676891190 0.00454626075125704170 0.10221966539950863573
1	0.00183280365812383108 0.96953498378426850035 0.00684848595332177793 0.00202787627548778934 0.00030478250543224187 0.01867894425354966678 0.00077212356981675877
0	0.79281373308967473257 0.02163257734203262450 0.00528340068395861256 0.00488084610743692859 0.14559093060918418261 0.00073382751252069520 0.02906468465519214048
4	0.00001094162127835434 0.00002098989969818436 0.00007626958832921313 0.00001114763445155458 0.99956081223019677129 0.00026991277315617951 0.00004992625288885213
1	0.01525803856093517485 0.91638609005801963114 0.03942815802670486536 0.01652659010967274383 0.00822126360897262355 0.00212791487425041757 0.00205194476144494355
1	0.00145580835246136831 0.95837875325359989098 0.00444542786753013112 0.00780206719634842383 0.01855195397420988934 0.00767536764151007054 0.00169062171434146663
4	0.02971552015504082614 0.07634301300481581565 0.02255502235440407649 0.03810468053927025534 0.79394296535787522995 0.00933446174470019784 0.03000433684389360728
2	0.00084977526659379585 0.00050960338550952856 0.98183441491107770194 0.00161646957206071883 0.00890400167705241406 0.00485265926938879127 0.00143307591831723152
1	0.00985671683238010209 0.95169857593186180100 0.00481007255940396790 0.02243846330301967409 0.00326765528222902439 0.00722967128956364998 0.00069884480154229608
0	0.99439784558260835290 0.00064237393879179063 0.00011925706311235618 0.00006686434844534135 0.00062190223083681442 0.00006200939523890734 0.00408974744096667845
3	0.00791040338564719114 0.04028482541061927796 0.00135675093396493262 0.88539494075970259779 0.04616635951075820365 0.00136803753832063493 0.01751868246098788398
2	0.00001136634162134750 0.12621570496910808346 0.87004566269939298540 0.00018115758993276127 0.00007502437928439491 0.00328272629889679243 0.00018835772176344228
2	0.00150600642501171338 0.00054754020407369610 0.99595373718139823538 0.00051676725128135153 0.00064227041600285804 0.00062232487169121525 0.00021135365053981183
1	0.14915193700989529124 0.79758330748577166425 0.00415100234420692858 0.00313958931755093165 0.02725288030094073430 0.00543681006176521646 0.01328447347986928470
1	0.03560449636908264576 0.86273385925142287434 0.00314461675218218138 0.07715685494012589074 0.00264690595886090578 0.01727839291164389585 0.00143487381668193684
2	0.00098648093889673822 0.00815510588530040693 0.98696004874916787308 0.00035286381241467912 0.00306203688607865031 0.00032643881101750225 0.00015702491712343540
2	0.00219723451530653459 0.04395257526775488838 0.93861123147208047612 0.00627994708818465155 0.00087991092275380817 0.00638066909347063688 0.00169843164044870994
1	0.00622209425954413971 0.97434748477421673218 0.00454194236016897991 0.00638193301237561118 0.00280256727424855372 0.00489635059866880794 0.00080762772077722729
2	0.00181114318013670468 0.00312323754101656581 0.98520741965790303851 0.00256928967501095836 0.00405654660381118710 0.00113628878423995537 0.00209607455788138591
4	0.00002732385093528669 0.00003688158874573701 0.00001447624271313363 0.00016501929826892873 0.99964036093435026942 0.00004534887016002221 0.00007058921482783573
6	0.07999431622446440127 0.00542943746268412502 0.00873397321683406537 0.00107810547374120554 0.03620599393953786993 0.01214981069858983229 0.85640836298414846350
1	0.02455612800056878459 0.77176090862515067670 0.00743831344275883415 0.15648102265021499035 0.03550661647525409081 0.00291918213044517743 0.00133782867560712894
1	0.00065701687926007866 0.96380034083652388333 0.01312889743202309834 0.01014813261934489202 0.00462812877116369325 0.00726437969918669081 0.00037310376249727187
2	0.01175077306449409144 0.01881163561193727185 0.90420135779183208324 0.01533314751788117207 0.00784723082433914573 0.02067589360510217397 0.02137996158441413802
6	0.06571930002670149651 0.03599720660619116358 0.01453546604846487310 0.00184266549244373559 0.00654533241203802442 0.00704550455348624139 0.86831452486067428609
0	0.93504751382844142338 0.02289700181118731886 0.00044266415024406264 0.01097199889543143056 0.00792476060256185749 0.00829616770035624881 0.01441989301177775545
3	0.01335100924563828104 0.00238297475542064265 0.00054347444574226987 0.97964878168720881391 0.00074250750569441885 0.00120326643063044811 0.00212798592966485485
6	0.01341589336420820691 0.08853867201182476221 0.01429599742417526215 0.01091403041474313558 0.02143088496685744554 0.00624147875823697663 0.84516304305995459956
3	0.00018032230595504761 0.00376004018913864190 0.00003361862830066950 0.99594887702260148643 0.00001267123843611022 0.00005083023186966962 0.00001364038369749674
6	0.06309222407701120527 0.00117690924079337381 0.00065964762316330055 0.00046205701285886776 0.00087480546295968880 0.00194351838205147377 0.93179083820116215264
1	0.00077056104234813000 0.97718020945000794164 0.00131926721674507919 0.01425417154950633404 0.00405782028488744454 0.00176768674971656821 0.00065028370678783321
1	0.00145793360320672460 0.98584667411987048080 0.00256097993513649353 0.00552601460380063112 0.00237599319623675630 0.00075887706410827547 0.00147352747764060684
2	0.00124427250748246516 0.15257328524091251509 0.83288310672135790202 0.00119762573341737188 0.00348167947618630057 0.00353033814480220110 0.00508969217584094233
4	0.07164131417785848943 0.08326268816041410004 0.00442579078920991766 0.02310496505263770484 0.75636339069532732005 0.03105292767066581555 0.03014892345388647463
2	0.03401236487320677404 0.02567540861785222103 0.86485271405199792838 0.00495100509068170137 0.01608945139942045965 0.04298119800718700617 0.01143785795965375322
4	0.24459860111030795604 0.00544692236347520641 0.00125167014859604029 0.00170899334794419279 0.72800055307804334426 0.00683038777627138338 0.01216287217536197833
3	0.00809110361914108442 0.00230605403523043324 0.00042087977426242927 0.98759518785051547685 0.00032809433274669171 0.00009591308840076632 0.00116276729970233444
0	0.97773520066243002624 0.00119472497964122457 0.00005330686223594044 0.00010270833280640001 0.00962790130656760758 0.00015475574091816004 0.01113140211540061993
2	0.00606063460694631576 0.00454703681050010970 0.90467504305656176733 0.00134335545884380178 0.00938268632308390804 0.06995806256007373880 0.00403318118399062769
2	0.01138913193647839162 0.00657363672238841200 0.97209815766015383875 0.00077725643921456103 0.00114343063011607539 0.00106417388996429721 0.00695421272168448602
2	0.00025825660486191961 0.00354127029759560659 0.99243344289951906934 0.00003011498285766727 0.00036097881340556239 0.00332802905916811196 0.00004790734259290218
3	0.08589318844282044230 0.04937098392206568098 0.00417424768396463652 0.79154284611585490339 0.06648245002089399336 0.00097843773126668650 0.00155784608313310207
1	0.00001166800162202401 0.99981855980790113048 0.00008775531034504337 0.00007357258797975946 0.00000336757437490725 0.00000387759837922107 0.00000119911939692752
1	0.00279254713838238784 0.98417541137342146040 0.00279085398612540425 0.00802824571780105453 0.00148457918564025076 0.00031235332152242129 0.00041600927710704587
1	0.00448478633902456379 0.99293855810958520092 0.00097426053538327614 0.00019603811676671760 0.00110216249857080753 0.00022762592041325409 0.00007656848025558847
1	0.01171319160659971097 0.98109646970555797196 0.00146223521464109406 0.00416485699281121148 0.00089381729026695239 0.00022562430750867996 0.00044380488261488494
4	0.00118921181670110098 0.00625375227442299952 0.17205121777749945999 0.00172238438331787113 0.80694802538973253725 0.00887205929906261480 0.00296334905926354383
3	0.01169764451702883651 0.03501990131483566360 0.00959171864994428150 0.93798939304387207727 0.00243945712931991406 0.00020858842945082188 0.00305329691554881519
2	0.02565059958950532265 0.07807948590722608995 0.77718413592611901297 0.02137680437354122498 0.07165602300814236103 0.00353372112513131425 0.02251923007033495086
2	0.00469344786773947045 0.00210013061221935938 0.96314286765447587602 0.00678325438449293994 0.00386523163895137120 0.01786374635927850257 0.00155132148284216017
1	0.00003403573472866277 0.99788813537035059298 0.00087748949646057302 0.00087747876144843122 0.00001926291070532495 0.00025353279151096782 0.00005006493479690368
2	0.00002585188021932544 0.00000128843988983100 0.99989447365231742815 0.00000333050232838813 0.00003753185779516110 0.00003024600457967238 0.00000727766286961514
0	0.93111010621202039417 0.01915557403654741253 0.00337949911115477007 0.01515098577300833839 0.01668450963107331181 0.00996908627078177574 0.00455023896541417554
3	0.00361554297033015587 0.02373037954875201541 0.00234716258251980959 0.96564376815432906298 0.00269510479324151049 0.00023872186103828099 0.00172932008978844633
1	0.01451872826585524391 0.93075781811526570042 0.00520089896488087726 0.02510705214708453328 0.01391647599278535499 0.00590109715680774485 0.00459792935732088355
4	0.00014724396575206710 0.00012845469395340867 0.00040821348352187514 0.00167184345299881349 0.99650079144034264811 0.00016650627743858621 0.00097694668599279970
3	0.00327505699150445464 0.02182708901257135459 0.00064549785055841708 0.96905689334273981128 0.00251090983019241999 0.00051880381091230885 0.00216574916152014385
0	0.90374587448668730616 0.01368688378299391661 0.00424659620500719009 0.00417874539193209028 0.02356751896181957101 0.00754160494089667951 0.04303277623066331659
0	0.98829745664271351213 0.00388217753027335181 0.00089905744229498632 0.00134947403582508121 0.00131372819672920726 0.00007412067097808473 0.00418398548118582153
5	0.00585856805409812505 0.08454413099850506541 0.02424238192669036715 0.01995215537402054637 0.00941899485037340188 0.82990502849900227300 0.02607874029731060972
5	0.01353133544994721167 0.03234556137734288100 0.02510763880515280363 0.01679300423764241296 0.01513105212848813580 0.89281665972821377952 0.00427474827321320215
0	0.99296115504062865131 0.00056048759397963569 0.00008613390600063208 0.00004223740788339563 0.00199380821677773781 0.00031538814071817631 0.00404078969401187437
5	0.02428542246943246954 0.06950254806080023717 0.00023616776885029879 0.00147636036298365607 0.00170203013598802726 0.90171421763780212899 0.00108325356414319587
6	0.03661679325225895842 0.01016598293337678260 0.01646283206461643042 0.01111842043692878347 0.00466264303968778014 0.00422087322008337165 0.91675245505304781002
1	0.02050695832019687123 0.90845891995388727835 0.02207782513961253912 0.01820743832928332570 0.01048179570911822282 0.00704117173617583702 0.01322589081172576182
3	0.00676889879475203217 0.05606539832108874827 0.00440123553657505075 0.91345157517779274059 0.00979510611388415692 0.00551090636748129831 0.00400687968842519324
0	0.93859465552567911129 0.02128826418255266167 0.00291767656178497023 0.01030350969404082370 0.00780788579441668920 0.01120652988034820906 0.00788147836117776036
0	0.95427007738033697848 0.00799685898511651692 0.00015116068775759448 0.00472441596171509041 0.01496713660483163337 0.01019190931590880679 0.00769844106433329855
0	0.88614388167343127733 0.00164895648375477369 0.00338183774474089347 0.00109105969277461298 0.01124909734812772934 0.00746099799768141017 0.08902416905948916381
6	0.06180303984621999397 0.01453155763881403516 0.16240354564665099302 0.00357779535358059095 0.01817828007002153870 0.00198291993424164203 0.73752286151047130591
4	0.00001196530305937084 0.00000541774485254857 0.00004127062371807958 0.00004930118066431248 0.99961467189897135199 0.00001412120758090193 0.00026325204115573291
1	0.00077898818167410446 0.97730718303826213944 0.00833937810450437016 0.00406885332672395853 0.00285305877353589626 0.00603336389809482846 0.00061917467720469543
1	0.00807452640329868639 0.98342424240857984064 0.00016030136348665287 0.00497764916716136267 0.00206201601582581100 0.00083627910323415874 0.00046498553841532503
0	0.88048343896302183609 0.04539591911279833997 0.00204457229148603033 0.00464106299260057167 0.04386482778953738199 0.00272776720936698889 0.02084241164118905143
5	0.00132644659230834495 0.01879205020539216620 0.00053891592453304024 0.00011384060406711482 0.00096236177328224521 0.97818003414030529896 0.00008635076011254910
2	0.01689181757519970725 0.08507884538400077579 0.81416463182408560506 0.02359636516717889335 0.04565970889964755114 0.01139629933773124264 0.00321233181215569655
0	0.96124459570273979026 0.02112330287525041039 0.00087385684933587746 0.00031204672239745919 0.01396897275688470386 0.00163694296329531131 0.00084028213009662231
1	0.00445507064286636192 0.92763914915393164140 0.00134510976601127127 0.04780213861756893445 0.00056778203402231824 0.01489170164367782656 0.00329904814192084461
6	0.00294442561364828201 0.00260890066322366125 0.00931933119933077599 0.00260694195680561758 0.27609208375963856241 0.00194392600271712981 0.70448439080463587381
6	0.00412939144109956708 0.00196538886879379102 0.00451499540148231956 0.00147137981346717175 0.00973168861324661544 0.00152730410792104618 0.97665985175398994933
3	0.04385059026841713753 0.04963142500098600279 0.02793575616140142256 0.84186655033738844178 0.01093462700377878863 0.01932439186690226157 0.00645665936112583497
1	0.00053971081216189329 0.98623380609538924269 0.00222880394090605848 0.01012659166971551124 0.00032550144939225888 0.00042350081770421938 0.00012208521473011023
1	0.05419028386407761383 0.67602914312751027914 0.08763455310198059456 0.08298025210728100787 0.04009988773658309386 0.02419604111732992155 0.03486983894523758287
1	0.00737875069765084237 0.94525733719539117850 0.00556457615033931988 0.00396827701621530783 0.01456948720599554603 0.02084113927439067843 0.00242043246001740799
4	0.02479675237642267951 0.04585226419604258169 0.00959272595965985839 0.02224434848652375243 0.87642414252460543178 0.00444464780384827216 0.01664511865289776751
3	0.00232981954421223681 0.00002630361131169696 0.00004116424183255477 0.99715388969136853348 0.00004909584880082078 0.00034615334753228505 0.00005357371494225438
1	0.00012260131786934268 0.99573440180626104912 0.00031007152285680980 0.00199999080497913727 0.00038023525525986054 0.00122233556358164464 0.00023036372918896971
4	0.00094360332805228445 0.00027936274781061471 0.00040573954033643452 0.00132937309022885999 0.99169246966377555541 0.00049183552320099949 0.00485761610659538219
2	0.00063077121049807093 0.00133150601054990696 0.99555287090186028731 0.00040817026898241226 0.00109897853980727030 0.00059770404349169268 0.00037999902481024523
2	0.09688586692274485379 0.22437958047657846627 0.49947684309889534005 0.02989297802510649388 0.09731839780300505227 0.03347731528803282730 0.01856901838563689705
4	0.00760013029817470896 0.00875273071292261007 0.00345024837102260321 0.00222681950278039035 0.82459749372824830971 0.15220863993290820182 0.00116393745394320473
4	0.01606534146330687585 0.00803534864517251729 0.00883523655335019878 0.05050103367122484033 0.90817585021039481941 0.00565543978611995554 0.00273174967043089212
2	0.00083552234389018662 0.00023139000908415023 0.99785990912325661650 0.00060001215412030043 0.00011221329708510015 0.00031906946887623743 0.00004188360368793728
3	0.00068415974252011207 0.00016345486950750975 0.00090170800225930904 0.99617328062413701417 0.00120147553434348507 0.00053359357404643242 0.00034232765318529748
1	0.04033963504727092197 0.67446563706087214740 0.00036135007587048007 0.14459120796040339507 0.13095941657199350328 0.00782138613574385154 0.00146136714784623123
4	0.00006748619097567025 0.00023893399841967526 0.00003730718336944956 0.00029024846296818251 0.99901831151855091662 0.00006904840135969421 0.00027866424435763295
1	0.00001091751646614003 0.99965049001170291909 0.00029811639922824477 0.00001894552433457965 0.00000349140432818786 0.00001602248523216876 0.00000201665870660294
2	0.02394711884738989077 0.02429681609148394081 0.86380092257461282834 0.00285029756001799889 0.04040387107442489079 0.04428843542077019052 0.00041253843130018800
1	0.00131522754157607953 0.99607776683809434726 0.00011513704778504704 0.00135326418788333375 0.00042581119187858258 0.00049807955456258337 0.00021471363822104489
0	0.79218620560340691217 0.01694494557659634998 0.00903212742064876326 0.02885525326388782563 0.03988674221231205269 0.05884829354813403413 0.05424643237501398235
0	0.82269156034263180022 0.14506183421048857163 0.00132793462461149514 0.01151580895577189803 0.01054860579785498950 0.00264708991751032860 0.00620716615113092295
4	0.00900071835262919624 0.07783848476270853467 0.00121028783152634474 0.00042302503272491636 0.86910710875201524495 0.02371579717609439628 0.01870457809230134660
6	0.01741984739024545967 0.00040785668731311469 0.00024012384673896962 0.00052827076286610011 0.00517700198813940242 0.00019798882185888188 0.97602891050283802077
2	0.01057017800709284840 0.04141757673090008807 0.79916033491532334487 0.01658312383990747166 0.02098630933806091073 0.06541478426984821681 0.04586769289886764162
1	0.00021562859256124453 0.99774003087468166040 0.00097167284322121749 0.00048538345863370565 0.00022890559822955482 0.00023297750013883696 0.00012540113253542258
0	0.81153169318465478987 0.13202910994572431003 0.01861277150472581340 0.02570918845165067954 0.00305162022366519282 0.00389944966542836707 0.00516616702415077702
2	0.00053815666664612223 0.00006430531000832680 0.99793416678796609265 0.00022091487929453205 0.00045028525648627154 0.00019064083233680923 0.00060153026726299697
1	0.00177450785446860073 0.98133952691831760617 0.00316631401895127972 0.01123832021807397857 0.00137687237827706756 0.00071861725238154379 0.00038584135953070371
1	0.01439984816766454699 0.78699064302627741441 0.03065981085119936708 0.05934595835837925409 0.02470847775472304053 0.02606504655590536138 0.05783021528585094440
0	0.83324456678158875800 0.10209577573182948562 0.01201588463870751841 0.00471299723410139020 0.01160268014820388903 0.02113088964066622139 0.01519720582490289955
3	0.00246488139830894478 0.00403350947861966930 0.00021700977021537777 0.98635539148111295304 0.00004632750551814408 0.00651464872780777460 0.00036823163841704536
3	0.00404728148072522418 0.03412172593656136177 0.00045858290917277002 0.95920778776172732627 0.00041861905395389784 0.00093815466420769608 0.00080784819365196622
1	0.00371589872738473754 0.92105206107699522100 0.03622743621352578908 0.00376428020800378049 0.00084021767747650283 0.02365190852948498984 0.01074819756712913806
3	0.00120248076900925029 0.00196085528704642142 0.00010934531167437205 0.99640924571965927559 0.00005476266516598818 0.00005530651068249850 0.00020800373676138699
5	0.01118617078175210798 0.00061282967908545818 0.00066911520808309662 0.00592818358599923358 0.01121302571555636562 0.96914506763079055762 0.00124560739873281665
4	0.03447796980146018708 0.01726937787196823962 0.01720515955714986209 0.00260040233781712055 0.90015147101792591933 0.00816785333832377447 0.02012776607535502263
2	0.00273928929201382090 0.00138529977582289138 0.98564228151412336398 0.00675604188665085512 0.00142120974875433403 0.00148280183628948597 0.00057307594634512578
1	0.00367923242872425721 0.99393893553793755125 0.00083420309793021932 0.00052158092047593593 0.00024258684688990479 0.00015278511718651324 0.00063067605085517981
5	0.00083235161147628893 0.00088492716377630489 0.00006678871226119563 0.00018492607948205104 0.00104039310507601833 0.99662312985179601910 0.00036748347613214428
3	0.00933123411871407578 0.10441527525132220100 0.02311001444735371821 0.81977229112085392426 0.02230770746286710529 0.01026375907709716623 0.01079971852179194801
4	0.02901583966214353605 0.12409062655319189061 0.01824521608713912738 0.00665576156961954820 0.78998379197528945106 0.01336305232609447807 0.01864571182652223144
1	0.00355831219456960099 0.97201045338237068716 0.00051764615951420845 0.00239992513407247775 0.00224513696699747082 0.01646638748348411632 0.00280213867899097848
6	0.00109496238880659943 0.00003257549489072935 0.01332361172361754345 0.00011574377183168332 0.00052262414223772601 0.00183779833236854184 0.98307268414624693342
1	0.00881996127125582105 0.93635868906955888047 0.00111118793599558120 0.00118789202086607196 0.01348679725081269355 0.02725609659080054092 0.01177937586071126433
4	0.10564311372399681765 0.00248922421756820949 0.00083686951756584572 0.00123347104214855817 0.81123776876477748932 0.02490265942555854387 0.05365689330838475934
1	0.00097922118044545042 0.96757853901373780392 0.00718052348601255254 0.00526344750740363829 0.00100163286327092449 0.01609528148621281948 0.00190135446291680608
0	0.81273022820845142178 0.02817251775673136616 0.00467669573125087737 0.05943767829711506245 0.01981624045834149209 0.03843162309844068425 0.03673501644966908203
5	0.00310273780234647956 0.00519806634493303558 0.00010579060616798786 0.00021107617562358784 0.00021793043844355931 0.99045181997487530268 0.00071257865761059213
2	0.00067012515894294305 0.00126989028471529309 0.99584363869811176606 0.00029347634528682412 0.00066540750023670592 0.00091583026919507613 0.00034163174351188363
2	0.00002289204672211753 0.00000432967418172118 0.99970691585686111136 0.00000609224345917858 0.00003093476203857776 0.00022744816177496045 0.00000138725496196381
1	0.01770660492824460003 0.96656024605717605347 0.00524538735818759743 0.00124393324317460590 0.00211670009539746337 0.00610726776592092867 0.00101986055189851803
1	0.00547158659175285816 0.93847073785349355290 0.01407723394874639024 0.01619287148128111323 0.01103771446718710032 0.01043715821473489846 0.00431269744280490374
3	0.05040156768027658635 0.04691864498589252280 0.00078959711984174130 0.89728095148956388272 0.00310066977124906322 0.00063981112166331679 0.00086875783151326292
5	0.00904479408911438611 0.00296585047760155327 0.00848439612723150306 0.02176950957174322854 0.05448618623268252498 0.90082201722027599455 0.00242724628135083682
1	0.03382731415236107236 0.87870644403403996847 0.01157371265098082469 0.00141601042188433030 0.01399722628917042695 0.05092537787257062770 0.00955391457899321811
5	0.00017600679738492120 0.00025260334928911186 0.00002380152555720282 0.00001079195442163483 0.00000384572265253491 0.99952191709823312582 0.00001103355246198741
1	0.01640543240829728938 0.73895057728713331446 0.01019069382566606743 0.10203969443537037887 0.00412701476331849525 0.12342710567924264353 0.00485948160097211552
0	0.96748778572935478781 0.01066019315472949841 0.00138605558137030191 0.00498587367567065922 0.00350304717886112124 0.00414880036361114316 0.00782824431640251339
2	0.00052440214430554243 0.00196865993817777569 0.98674947594853668065 0.00116679535642964446 0.00267887792143205964 0.00250919008273512182 0.00440259860838279789
3	0.00608035576396677695 0.07488172906371085014 0.00131378436980941521 0.90781982379991821297 0.00154837932089536725 0.00687723170898136681 0.00147869597271745338
1	0.03699488228463598816 0.82748081518877147911 0.03659991652486195568 0.04638404969017268648 0.00163279451473127553 0.03801617130622495649 0.01289137049060163145
1	0.00444972362993671655 0.96262891884942680676 0.00990993184372592796 0.00246975797043653533 0.00582335850762409016 0.00369599073375154056 0.01102231846509798413
1	0.00052098883941935781 0.99309270320071973970 0.00047269883098562224 0.00362046313161612206 0.00107013782600990097 0.00102816689285594809 0.00019484127839424536
0	0.72792720262480992144 0.04093021405933829071 0.00138576394058347388 0.02863023054652976546 0.05373904990150113470 0.00305887393816993251 0.14432866498906757324
1	0.09236766617993508177 0.68138077343586878065 0.03328263656761618755 0.01732579042782762119 0.01573301836609593968 0.12744717099376290381 0.03246294402889352698
4	0.00027108164144951016 0.00925491559045138294 0.01493471755842022165 0.02468142639082737330 0.93660966333112893878 0.00763546585348861065 0.00661272963423490279
6	0.00014558631623873001 0.00837709411026544767 0.00060506822642626039 0.00231495103693770722 0.06746684314662659832 0.00063447090062972102 0.92045598626287616906
1	0.18602470657216332861 0.49416987853446359136 0.11257176060926563088 0.14272020648799527143 0.02335064613845327930 0.02047055889921816849 0.02069224275844064320
5	0.00203322099988234323 0.00136637558877047852 0.00021438088144503999 0.00004781704033893952 0.00016272143257952478 0.99598124643353713736 0.00019423762344592498
4	0.02884963127368523825 0.12023960421561157019 0.02633744030335330444 0.02982722717504616983 0.72855705725282571272 0.02068478864859924979 0.04550425113087875478
3	0.01643735867521260718 0.02899861129354670136 0.00305579215464293289 0.93984520846585706266 0.00598607275838769493 0.00288750885447985927 0.00278944779787234330
3	0.00272209469003223230 0.01776006241901414984 0.00028379660058055095 0.97824666112684910413 0.00007947407090659509 0.00017819062069600748 0.00072972047192166115
0	0.99251618358267879039 0.00038348240323591860 0.00014030222155714912 0.00052132831446473750 0.00538833119761042510 0.00064309979083833910 0.00040727248961467115
3	0.00145840389424979253 0.01008496969657145421 0.00335503011860704189 0.97391222074289540700 0.00447258340872339240 0.00377538938190404103 0.00294140275704822280
1	0.00936133649630284739 0.86103801151156611482 0.00791669481904005296 0.01621054751284637871 0.09053170646761299345 0.00336254815877192045 0.01157915503385956515
1	0.00028699227989315262 0.97330334077260738379 0.00463907607677116994 0.01602637844903371730 0.00284284080085919115 0.00280997507106215197 0.00009139654977502701
1	0.02366994598924770585 0.87074450668351954796 0.00456082318325760124 0.07470374049151239093 0.01410624215823548522 0.00401338293316389101 0.00820135856106291201
3	0.01715106652366960027 0.03119910882748243644 0.01875735441882189769 0.83255892394584429805 0.03169432310903506217 0.01029163912324935690 0.05834758405189752889
0	0.88878642770949578544 0.03374932544013704155 0.02338246422294478627 0.03800360635918655083 0.00930358360190091174 0.00211813751685327846 0.00465645514948176235
0	0.92056904922681492831 0.04546935085345551325 0.00010749987934242084 0.01119625247156456199 0.01832858491319997243 0.00217926237486567014 0.00215000028075696238
3	0.00875634905614779829 0.06637929527727184920 0.03345654571790010468 0.82143413246465757371 0.02947875381829561867 0.01569025002024610274 0.02480467364548161538
4	0.03758554987133313346 0.03048748233193258189 0.01240314925399121568 0.01027448419825181467 0.82607961463342693964 0.06141326382279142793 0.02175645588827324409
0	0.88953239723758836810 0.03757028584686330358 0.00711614913609283882 0.02466959270677387961 0.00966341465655261821 0.00840473450708897722 0.02304342590903998844
3	0.00261929462467436506 0.00369372263731022324 0.00091373904524552532 0.98945771461361042842 0.00174450983223544982 0.00045352295185211719 0.00111749629507138675
1	0.00000934881213393610 0.99939107235809110374 0.00022499012577295021 0.00014310286442583258 0.00005458231525114398 0.00011622726614654261 0.00006067625817922195
6	0.01352856172785398339 0.01624628825252141112 0.00312371828223790638 0.00898245212159054680 0.01909981730190604340 0.01226782735811905029 0.92675133495577111109
1	0.00092603881521741193 0.97414624183977482907 0.00436849592978032393 0.00030122441279850361 0.00042215897380482688 0.01947315788546413046 0.00036268214316099626
5	0.01877165749347055324 0.00353234671949611591 0.02630529808706422168 0.00084560941730634463 0.00484252009382076139 0.94198031628431488915 0.00372225190452698347
4	0.00000076535198652879 0.00000114352557570602 0.00000650288423825741 0.00000022863507856657 0.99997597939618054763 0.00000146074076227114 0.00001391946617998818
6	0.00451427089555588544 0.01062668285969400883 0.00073336441743636512 0.00229469834303263525 0.05218627955755689163 0.00789118600645422053 0.92175351792026971598
2	0.00057306652310074719 0.00047500460163150173 0.99239445509643020582 0.00064388749762795089 0.00146842250283519323 0.00072578167188420278 0.00371938210648988746
1	0.00025070648637672807 0.98277863741748794357 0.00130043504454903174 0.00737011980052905327 0.00257676793488028104 0.00480555252399960525 0.00091778079217706959
2	0.00080762361413046593 0.00969138668587226151 0.97061117245008321497 0.00599315637348879320 0.00067184183830254691 0.01160653531056385357 0.00061828372755807115
1	0.01832944128679957901 0.86289262979946446119 0.00554731539326000413 0.03859688562786007388 0.02207771266927622753 0.03722506817996087958 0.01533094704337872524
6	0.00475600663574808884 0.03797139726275983868 0.00370885950846847924 0.00480473281000273322 0.00798557251152207624 0.01897156230284426093 0.92180186896865479174
6	0.05032400626005212319 0.00488825019431526030 0.04050237530571312861 0.00498851078942928565 0.00933051192480523206 0.01353802862920063833 0.87642831689648426075
1	0.00000914064827575085 0.99979527119838085270 0.00012268464719298789 0.00004288952780765475 0.00000685220282623739 0.00002091313633216520 0.00000224863918457267
2	0.00135612983058381329 0.00065109783305981742 0.98800979041447656304 0.00007835324366623751 0.00746963752480723185 0.00182578330560876148 0.00060920784779769268
1	0.00017634327520227281 0.99780432646340866398 0.00047391332135719575 0.00107849068137249866 0.00008171364691775183 0.00038206248921314272 0.00000315012252659550
2	0.00059964411826367043 0.00240507052746737927 0.98959545974099549781 0.00007211487627632126 0.00016624722728805888 0.00704871631362607911 0.00011274719608300818
3	0.04575445736178273409 0.01873016626090478337 0.00791695877324925974 0.86259455989234512518 0.03797072359747148684 0.01825146124855261606 0.00878167286569396521
3	0.00352037442537392244 0.00244101591575741081 0.00167255653093314875 0.98672612298844353251 0.00290360834421229562 0.00180021242416324623 0.00093610937111654360
3	0.01386526157675488022 0.01844273245340279088 0.01152672463911142385 0.95049101198370355981 0.00196555336315402214 0.00150173870667770297 0.00220697727719522526
3	0.01433685634623505997 0.04148873246022589945 0.01776684268261488966 0.91173728350385518926 0.00523825310695411051 0.00376161620946630039 0.00567041569064824502
1	0.00106347706959100219 0.98816109464808576934 0.00074894170472383022 0.00019131638842287746 0.00877940920621821108 0.00088414048405709655 0.00017162049890228658
6	0.05174496901345434358 0.02495044205393227854 0.00258531366926940172 0.05183996321886941150 0.00662907284342419308 0.00994217378311601681 0.85230806541793413533
1	0.02132292239222265129 0.72321552746097661490 0.02675924932801093670 0.16810731873740109021 0.02893544290379070766 0.01750390567111200987 0.01415563350648608998
0	0.56734050853476880594 0.16331625796908555426 0.00634855147918069167 0.23368447200617925574 0.01871260308685473300 0.00580029435911366079 0.00479731256481738966
5	0.01791528795578211167 0.02059419026832208857 0.00485872973584112501 0.03367501111534310088 0.00076582008825877915 0.92055105711713136607 0.00163990371932115999
1	0.10358644623443000188 0.81926268595576401399 0.00591431596972791154 0.03940144283118545560 0.00698912936957298610 0.01755872766768363721 0.00728725197163591996
0	0.83193323939281038637 0.01745121918132238811 0.03579549226971037723 0.04484429836035754013 0.05821134412153251142 0.00625303445895330524 0.00551137221531354266
1	0.16058279261422220285 0.59983581475683056539 0.05120831704538074403 0.04147749689694489594 0.08247950922848192035 0.02937774098929021166 0.03503832846884930019
2	0.00259642748618189173 0.01412519345342384998 0.95627023259471821692 0.00328280262985427293 0.00735017224400712123 0.01490186231241876977 0.00147330927939660471
1	0.00181764674371490695 0.97471287928958838531 0.00664507014027399760 0.01176012461460006382 0.00056080254303272816 0.00298470207618022326 0.00151877459261005854
0	0.79818631971277331782 0.01975174990121376928 0.09648765238433558433 0.00676494387199362036 0.06523109448123028120 0.00374514629426724423 0.00983309335418612422
1	0.00334839479561140898 0.97203216854608909259 0.00671447092034893091 0.00450594364470517563 0.00035688081049532375 0.01139576657277787536 0.00164637470997137610
1	0.03605862107291889218 0.95181272939139160982 0.00296030684528460252 0.00060529287464416678 0.00702395790273150408 0.00025202671768268626 0.00128706519534671016
5	0.00249251989298019923 0.02449767658634952050 0.00018444363606410564 0.02960921664627595012 0.00183702507948012186 0.94058395574340669665 0.00079516241544254124
4	0.00132336153589719717 0.00028270178364348447 0.00112800448333873963 0.00099327413624592572 0.99059363323694538117 0.00387088887094255664 0.00180813595298678670
0	0.77490492208871475377 0.08307804588543918345 0.02874073640139221050 0.02755946817392719225 0.05876045156791290247 0.01436235513507424719 0.01259402074753948608
1	0.06919517726065757546 0.53995472963631085950 0.06127491359814687261 0.16341076585858585468 0.08099802274649021971 0.04750342864233082774 0.03766296225747792215
3	0.09541372499747798053 0.15139765048246955903 0.02433996693303116035 0.67628043006636995305 0.04161530205324847492 0.00212303504973074611 0.00882989041767169754
0	0.96116735583997858772 0.01118182506189948147 0.00401113584720301855 0.00152955305317098314 0.00483970941639588672 0.01349912690250956032 0.00377129387884249812
2	0.00100215768938778497 0.00334217870082876818 0.98975718263782741513 0.00117145801326791238 0.00177530994573366573 0.00195456286668145270 0.00099715014627236296
1	0.00008189127582963866 0.99944246612326959056 0.00005902287826704219 0.00021485727454301744 0.00003992140673583371 0.00009647824546186235 0.00006536279589310420
2	0.00004161179662367717 0.00118424133057205448 0.98835061829956860624 0.00004948009330035547 0.00172295206274471679 0.00847263316016896341 0.00017846325701957285
2	0.00011533432747070549 0.00017345317980703759 0.99289829069731905253 0.00067374583745191815 0.00012203795104010874 0.00570547362632129601 0.00031166438058789493
0	0.89241557071122656897 0.00781578732342800425 0.02075663454011891090 0.02330487720967107032 0.02889815843199298670 0.00300780971125441752 0.02380116207230799363
1	0.00048774931783958939 0.98461130878653846388 0.00096742441246827713 0.00941637561466440731 0.00147274515461049554 0.00274337453027802356 0.00030102218360015582
6	0.10427988097088257413 0.00037214819229662593 0.00122003221077598804 0.00199841679310708243 0.05033271469904636308 0.00042506027868825249 0.84137174685520299544
3	0.00687034593924753297 0.00134988988018602471 0.01665610012528904657 0.97323609797004628774 0.00077628970904877585 0.00069746667918608974 0.00041380969699676229
5	0.01184131414845666572 0.00603991498503824928 0.01349122828770251900 0.00048774195720303301 0.00591777857301197929 0.96151895772386530847 0.00070306432472204557
2	0.06703719160006822719 0.02781493314097494354 0.83454402913450542734 0.01247301257975120398 0.03352458486851747632 0.01572769921918524758 0.00887854945699739946
