5	0.08043870151893078857 0.07960667094465458116 0.00246777057902595933 0.02033220573600429820 0.06461692008588143521 0.73806498032769440876 0.01447275080780855740
1	0.00717285969540128795 0.96593607819299087680 0.00504832983064187977 0.00592663695270813189 0.00489907437389456440 0.00977774020952701384 0.00123928074483630325
3	0.00033686624814630890 0.00022428162643699901 0.00195135535673528595 0.99603167139596593405 0.00012444217881845901 0.00023001194674741369 0.00110137124714926576
3	0.00092501625894453061 0.00096920020684788325 0.00059787870131055383 0.99685607221131145028 0.00015212396462627295 0.00013472210592632307 0.00036498655103360512
1	0.04925003378054332304 0.77259298026639100510 0.01473054577349421600 0.04857713774614715735 0.02798248320577979842 0.08228599817720673448 0.00458082105043785236
2	0.00036674646302477031 0.00078706898291512790 0.99562837368542700389 0.00084737689879521528 0.00136507592914890071 0.00084751461007456634 0.00015784343061359503
1	0.00019806110591629074 0.99524574660949971516 0.00276107409394228502 0.00141526734791296558 0.00012136607662024130 0.00022133069876621329 0.00003715406734381872
6	0.03581657463024356253 0.01053620055994343961 0.00151415574504390579 0.00507627064885245085 0.03624340851709970807 0.00080170215518915683 0.91001168774362772851
0	0.94359462834768126349 0.00509888424118111905 0.00532584919054873186 0.00287920297688148237 0.02942223683025731520 0.00162135032661093743 0.01205784808683921412
6	0.04055583648267029745 0.00113834082796078788 0.00342570596600017463 0.00268860884710986348 0.00386447792960198724 0.00165700680898963563 0.94667002313766746013
1	0.01432528430000626178 0.93910211709324631357 0.01628502730869740844 0.00148276386464413798 0.00431804241779981581 0.02057851477849980890 0.00390825023710639902
5	0.00149618265585595546 0.16639126849846880285 0.01780198051673885160 0.00110458843037062790 0.06185158413759285490 0.74736451695157746222 0.00398987880939492747
2	0.05166458829871966446 0.04636596837889540856 0.85346266095147627073 0.01425043449572587981 0.02601417633393631260 0.00345895449347926676 0.00478321704776762946
1	0.01085244016995164963 0.91235037980054511930 0.01685654675942598046 0.05513398680281227787 0.00413985487201075711 0.00041036732676094992 0.00025642426849412786
2	0.00177002637869896158 0.16564547217433617243 0.82001212497782260957 0.00286771456883897109 0.00107341002003873446 0.00614893350034952102 0.00248231837991339140
2	0.00102098631215162983 0.07562964104982480840 0.91311294040053525567 0.00263538230609684570 0.00070981342851198111 0.00652189352316697585 0.00036934297971203170
5	0.08635215479963119500 0.03896158731297443695 0.01109621069504233663 0.00136262555408058102 0.04595468069073228162 0.80650855566289425536 0.00976418528464497761
0	0.89711462405651620777 0.02297363845740954189 0.00412337700441280444 0.00524881640722441121 0.01626956103550204064 0.01323623817828395444 0.04103374486065133192
2	0.00965938510734077292 0.01005185716827669030 0.90228997466084037704 0.00022951198938247946 0.01831215205564960119 0.01844460885066546638 0.04101251016784517728
2	0.00001899762438753249 0.00000343128874876522 0.99976316801572828741 0.00000711255404811606 0.00002056940626078715 0.00017147809475385323 0.00001524301607338186
1	0.00007448914560000652 0.99728278709228423971 0.00127095051452373251 0.00052725274199008664 0.00035489874908902202 0.00035355923431641499 0.00013606252219555492
4	0.13923221515936884396 0.01388377729155284429 0.00036335325987913407 0.00230080747200524065 0.82760879809497855941 0.00468078928892697727 0.01193025943328838122
1	0.00000063324346083562 0.99982656949740011942 0.00001714235029902333 0.00004040492758745441 0.00001246411829588568 0.00003278474308196582 0.00007000111987486257
4	0.00007658537847777169 0.00038586267254420772 0.00070168751369175850 0.00081959270858550956 0.99661925043581267580 0.00046956855849515292 0.00092745273239452529
4	0.00001897308081339540 0.00003313376184702496 0.00003478121689518195 0.00009955124904260735 0.99944465647708602418 0.00004183501372272336 0.00032706920059434900
2	0.00003742784637569348 0.00001053686946986096 0.99899349855350771943 0.00000412870060364977 0.00002006933618389980 0.00093069910489848790 0.00000363958896394562
2	0.00029926328836198584 0.00007900301186504592 0.99049276018416987366 0.00006718040947904432 0.00014226654776809008 0.00883535700048948373 0.00008416955786595608
1	0.06926719758756584577 0.62320582677417124540 0.07430732978403589706 0.12665893188141194581 0.03876862513823949030 0.04288215867057863090 0.02490993016399655272
1	0.00055559827250615699 0.68167922447276796394 0.29953486474341756152 0.00803058914511133384 0.00059863154655570160 0.00727760986511653309 0.00232348195452408094
2	0.00171763172811866091 0.00195206997745882337 0.99573628480903475513 0.00007229239184053383 0.00030612845074654569 0.00013381854144683906 0.00008177410135497768
1	0.00000312056709643260 0.99815919622083659757 0.00141360132040644812 0.00017549683787193327 0.00001798430963631600 0.00019648833563598982 0.00003411240851726633
2	0.00047211825865991537 0.00015250765966823228 0.99837905125609915924 0.00005091309959979064 0.00055135796961102671 0.00026015214755186692 0.00013389960880913937
4	0.01208514944572389171 0.00839808289257889216 0.00860223875618075680 0.00735559178386984824 0.85302179508006847897 0.00361694769282625136 0.10692019434875153772
1	0.00212584938584366384 0.97123203177724504176 0.00701245138178672837 0.00198263489345132556 0.00030411730895686103 0.01655397953394176919 0.00078893571877429317
0	0.78951279893295711609 0.02164251055760730777 0.00435720650716940345 0.00446231456209674349 0.15027950852320046127 0.00062262444363335510 0.02912303647333590664
4	0.00000905000043968882 0.00001636396572854602 0.00006908225762878482 0.00000809955097904072 0.99964695506490919286 0.00020144336474412216 0.00004900579556981503
1	0.01083202658326544443 0.92060099912378579035 0.04097870053723267486 0.01614889628321927381 0.00776769910518322095 0.00199040801570683594 0.00168127035160696805
1	0.00163495385314704473 0.95900322066074927818 0.00444947852530064216 0.00773126811243046979 0.01762490052412040570 0.00777974870649094253 0.00177642961776198994
4	0.02524642800298491224 0.06773777874273928523 0.02065479651551741999 0.02981353885562413458 0.81887070310304643783 0.00754772924253896155 0.03012902553754840534
2	0.00075068768221211622 0.00055835966652684969 0.98159870765770862455 0.00173438043876281839 0.00923328763707596985 0.00462971149247708592 0.00149486542523652130
1	0.01133395598855369696 0.95228404111965858636 0.00474720854149767498 0.02085237893719845553 0.00322272057385173619 0.00688713805915820969 0.00067255678008275842
0	0.99492667182374205925 0.00059338982911939504 0.00009152045866390561 0.00005595116939558717 0.00058393345643510371 0.00004963621857847786 0.00369889704406549261
3	0.00874990984856331526 0.04209727135298793610 0.00154279019196224042 0.87915190646564822519 0.04853751021220296946 0.00146412280760185713 0.01845648912103331832
2	0.00000742513918275896 0.12523712126160332914 0.87135236411181282712 0.00017552218175849400 0.00007087442144934175 0.00300553433432281707 0.00015115854987270025
2	0.00118888032739045569 0.00041728759593992736 0.99682237581810084759 0.00035446987209444337 0.00052768937772690609 0.00055570190850312779 0.00013359510024484709
1	0.14727389047603112182 0.80221761518161571747 0.00406311503036043461 0.00300919399939789155 0.02589783132943132560 0.00505174207121795310 0.01248661191194533858
1	0.02527856095993890120 0.87262112719302475927 0.00336564740249741803 0.07777297513306960508 0.00245543639795858196 0.01734331141278202745 0.00116294150072907086
2	0.00087620436008283269 0.00700428275134664779 0.98870638104005648117 0.00025642713753443001 0.00273303689554333469 0.00031215433346737836 0.00011151348196893864
2	0.00164636058219244218 0.04141937565162651103 0.94339646387621123313 0.00509225953588037222 0.00081048091020099067 0.00639078218061629039 0.00124427726327131036
1	0.00521877304263837407 0.97599017958438283316 0.00459730567946775755 0.00612923077925159928 0.00258892015557072057 0.00480835316408795722 0.00066723759460020370
2	0.00185459943583449042 0.00317716411488534354 0.98559032027254556141 0.00255093775173650906 0.00380943144936193032 0.00102808913444175074 0.00198945784119501212
4	0.00001876199496679926 0.00003144543305635619 0.00001336330156280247 0.00011564660305716567 0.99971989938680727583 0.00003357864763239211 0.00006730463291789957
6	0.08577075518947312183 0.00574361500714724686 0.00960089291235541320 0.00112150953454313515 0.03741052143113210438 0.01260342222524068155 0.84774928370010849132
1	0.01758714355104694024 0.78438110551149520244 0.00781973107273885130 0.15143643086421418320 0.03485231575966399320 0.00279916205316097649 0.00112411118767948102
1	0.00097184369623552183 0.96640376976948172416 0.01231846096272163835 0.00910422379667871068 0.00413054376966015113 0.00670949589961607196 0.00036166210560710326
2	0.01220155835518914843 0.01883744414530980071 0.90536889143568766158 0.01529014847285311424 0.00766479580138622937 0.01964676014360875259 0.02099040164596595315
6	0.06229839159593382469 0.04015934139572691075 0.01619737801296517593 0.00199482491538488385 0.00690105767325331892 0.00734025098164244830 0.86510875542509346747
0	0.93474883047409307313 0.02252874179958554851 0.00047380622867524357 0.01143736036289257942 0.00789715598007892372 0.00847712064636426191 0.01443698450831034513
3	0.01488779818248031281 0.00261570596750238795 0.00062517564001850635 0.97778074455175101320 0.00077805957653634644 0.00120099393572196088 0.00211152214598964594
6	0.01288690430732364160 0.09487586563323259503 0.01520194308086936924 0.01097897122221344265 0.02177056067313986806 0.00623612413750498744 0.83804963094571582882
3	0.00016009071103630407 0.00351754881700512816 0.00002584476919280534 0.99624161166221014696 0.00000858011910220955 0.00003653865658270008 0.00000978526487030990
6	0.05756500805303760987 0.00126255839941103072 0.00057587409850484305 0.00043291639082409112 0.00089447537406056913 0.00175861975115591666 0.93751054793300592216
1	0.00052491257845238256 0.97831913750577448319 0.00146067832470253762 0.01358440110940849384 0.00389621775914868055 0.00168063406020419110 0.00053401866230872743
1	0.00158936806956167312 0.98523851088588976221 0.00266337358537843336 0.00572997577750737098 0.00247099833943237356 0.00073278781030048626 0.00157498553192966860
2	0.00125883762350260963 0.15113144205866554937 0.83502285432407907795 0.00115011918809014026 0.00323806383103774882 0.00327612969732176112 0.00492255327730365278
4	0.08350746089211787127 0.08676964205796881824 0.00468264135964174648 0.02294013453525451177 0.74207598944576569355 0.02924538758818584147 0.03077874412106543917
2	0.02732941028865780789 0.02028614636814592490 0.88861331584275082829 0.00345812029251182712 0.01308707603488739463 0.03949230955654570163 0.00773362161650038241
4	0.27778990195227593052 0.00519530674704133440 0.00129662344566254680 0.00165065067794484114 0.69602283305074419406 0.00613100007067692021 0.01191368405565428577
3	0.00754162055275260645 0.00259750344791720694 0.00046143600318428190 0.98787985065416639152 0.00032723068076900776 0.00009421852251550581 0.00109814013869533565
0	0.97885217288950721048 0.00108043229750186330 0.00004160346938997322 0.00008346463085261175 0.00922956945622533872 0.00012672968822097377 0.01058602756830209247
2	0.00462955767155076060 0.00388415490214902770 0.91533473068233506265 0.00100582404366893218 0.00815728745936336944 0.06416539170079497978 0.00282305354013730929
2	0.01022277105168291692 0.00621452962844698791 0.97414381054592003029 0.00076763670684975032 0.00109112516616806550 0.00097380125397786906 0.00658632564695520607
2	0.00021572633049845243 0.00306684287053390903 0.99315706991933794257 0.00002270035055180259 0.00030904153033252786 0.00319676573823685301 0.00003185326050789960
3	0.07786875821303862466 0.04924465614461773916 0.00464977817813445275 0.79762250399922873800 0.06803238376237412399 0.00097276194183944665 0.00160915776076716146
1	0.00000720598592049142 0.99982285615508748045 0.00009214523515217072 0.00007013272453687200 0.00000317233755171572 0.00000352029814325531 0.00000096726360799823
1	0.00160689842825010492 0.98461550026431787774 0.00324256015577842251 0.00838377954346648975 0.00149186209020643200 0.00030977462858021226 0.00034962488940088008
1	0.00332420192121582643 0.99437678142128604897 0.00092351232579801306 0.00018629722553803192 0.00092697287262535845 0.00020442246923029305 0.00005781176430651995
1	0.01314789146833164092 0.97986422192803068754 0.00147565419846911968 0.00400042443018338786 0.00086503049910605870 0.00021100617139795344 0.00043577130448095884
4	0.00095229088288365567 0.00593402089565929838 0.18211847785877569028 0.00137483246031653065 0.79819575922137242507 0.00906715780864821366 0.00235746087234410713
3	0.01052011715660021093 0.03653091692384090317 0.01013786091487009836 0.93731611106909107356 0.00231028233590173902 0.00019975328403888879 0.00298495831565652589
2	0.02051096914006102917 0.07526732682050842060 0.79086541675240829008 0.02091750623861577882 0.06828713447204155795 0.00323064367599558552 0.02092100290036925936
2	0.00524960083537732384 0.00207869030645413833 0.96437930398755689065 0.00668219807800046143 0.00383773612635658970 0.01631494895222889221 0.00145752171402517170
1	0.00002808756947678737 0.99795039632840676358 0.00087629039785312680 0.00084866170703003533 0.00001840318114123108 0.00023785042613242268 0.00004031038996001013
2	0.00001702354071810749 0.00000103415052718858 0.99991651487671062704 0.00000247632108931957 0.00003103914716093459 0.00002696894404313773 0.00000494301975126943
0	0.92374336408970281198 0.02142071898010998454 0.00390635036844825222 0.01638739304701343144 0.01970686026784179701 0.00991118727853694016 0.00492412596834685898
3	0.00394466721418228021 0.02519830437062086162 0.00265657058633003490 0.96352360205549103522 0.00272737860704950130 0.00023655315629044486 0.00171292401003543299
1	0.00923860711316157497 0.93733194322143575938 0.00529442980835149232 0.02583840420854676898 0.01278259011354641872 0.00575559716900470725 0.00375842836595418001
4	0.00012308450687743139 0.00010617348685030717 0.00033056654894239807 0.00113606693806146491 0.99724950437426873595 0.00011501827001973032 0.00093958587498046856
3	0.00248217783391086648 0.02103067879099017670 0.00049546626940749898 0.97239137695262756189 0.00167366075516236709 0.00037056293331904966 0.00155607646458213750
0	0.91534505260093901313 0.01221472764250522251 0.00316380049235315481 0.00334450463788001041 0.02060942681834622772 0.00575662240314943081 0.03956586540482683739
0	0.98991341306564528679 0.00339859834061393383 0.00057690207786713680 0.00106366583306830606 0.00123968474128477012 0.00005201133334321418 0.00375572460817737760
5	0.00533293710470617195 0.08871108698660311320 0.02684440527559501383 0.02104747199207624916 0.00945642620445300876 0.82191422987628937058 0.02669344256027660414
5	0.01492365288106584260 0.03331024035344967021 0.02273806200353411383 0.01727578473148564178 0.01305244571948653044 0.89496887074040798460 0.00373094357056994287
0	0.99193786609288769895 0.00063042992484916270 0.00008095375820947940 0.00004255988913122684 0.00228668996859320755 0.00029350271571577745 0.00472799765061336988
5	0.01646873860312672577 0.07941086810870662260 0.00028326164579929868 0.00169320740296001536 0.00198106356798062730 0.89894472925472534985 0.00121813141670113335
6	0.03789732392025077501 0.01074358428433109733 0.01721130934646299127 0.01170730688992522445 0.00474334834489012307 0.00411973333324772845 0.91357739388089220789
1	0.01981922026490985644 0.91081106489604779508 0.02190224237732677631 0.01829536398926495666 0.01017790653341234600 0.00667573486775223900 0.01231846707128613980
3	0.00638346109655630201 0.05601918885747636523 0.00469719849741837177 0.91358154023791571241 0.00981376424473060123 0.00546818992561600055 0.00403665714028586357
0	0.93780363124214061177 0.02178451535992760937 0.00304682782173567234 0.01051547370891808136 0.00775627402851690895 0.01114500507819221088 0.00794827276056864034
0	0.96345622513679385346 0.00686517586733693952 0.00010785275202247853 0.00339027876775405482 0.01269318911016467828 0.00721999349361716631 0.00626728487231094280
0	0.89738602953949786478 0.00150370555155387780 0.00265285103524649400 0.00088156475749519270 0.01026080892266575430 0.00602393360838791424 0.08129110658515292798
6	0.05696471262652458983 0.01501311144750943141 0.17720548959367787845 0.00393298961690510384 0.01783444387002861703 0.00219765330069733806 0.72685159954465694554
4	0.00000911187593936270 0.00000442669018461658 0.00003878220618945244 0.00003968478561754658 0.99964780325441593423 0.00001133631927320678 0.00024885486838113584
1	0.00053138157857897915 0.97821052547667275423 0.00829380267576622192 0.00398043965321657339 0.00259238399145188042 0.00589293293983452794 0.00049853368447825208
1	0.00513328196733110927 0.98682911429189978936 0.00015936138943719485 0.00473326218963775799 0.00197015629763379200 0.00080566708174373259 0.00036915678231543356
0	0.89386503043605225471 0.04234438632189928275 0.00193997214988998116 0.00410416004744409372 0.03830247877933723455 0.00215453112252936329 0.01728944114284785422
5	0.00103627066056604690 0.01880841221100191737 0.00040900092944297806 0.00010509419839063795 0.00083352546688598875 0.97873730551138504730 0.00007039102232757878
2	0.01438641780779437683 0.08254104711880469458 0.82429410361112998018 0.02206734299505510449 0.04372026846477587714 0.01003700787308781095 0.00295381212935164018
0	0.96215746139366042922 0.02100081303058228682 0.00074909733741288886 0.00026876353799269010 0.01354206595761568016 0.00140088502549735460 0.00088091371723861495
1	0.00343477927090690650 0.93009558200977571207 0.00142010990063485892 0.04673381734333021537 0.00053275921344930451 0.01459372855939956339 0.00318922370250427495
6	0.00194245242361017526 0.00223009911478166001 0.00872986482747705426 0.00206321279591953864 0.28412889033399990613 0.00149369947028727920 0.69941178103392409593
6	0.00391621211659916313 0.00144850451768991847 0.00367019030913368896 0.00112556298331187060 0.01051885600307971534 0.00118795110022599246 0.97813272296996001121
3	0.05155888838985203670 0.04985159564592914899 0.02970914245899261910 0.83281240193506222980 0.01084335739282630759 0.01858777476014552080 0.00663683941719188115
1	0.00035726272538604876 0.98710509086265652012 0.00221090349562683012 0.00953487082855684030 0.00029722219334078406 0.00040044255986889792 0.00009420733456399806
1	0.05616087524406291470 0.67777972134967878759 0.08863421131155818644 0.08160518501796432123 0.03823413526311974370 0.02368375044062143511 0.03390212137299478123
1	0.00497360341411457775 0.94872489651928348930 0.00609043194981181979 0.00394141568577749141 0.01408453175845862312 0.02022411558798062683 0.00196100508457428989
4	0.02097256422550079769 0.04888794346686176767 0.01051064463722922206 0.02351245142513300884 0.87499542659941009770 0.00470990664894472763 0.01641106299692010259
3	0.00235356179046254882 0.00002482148497890587 0.00003480748114101802 0.99725754075967376622 0.00003528254802736304 0.00025322573808209570 0.00004076019763376161
1	0.00008903934115895563 0.99599613191887403918 0.00028528859694261992 0.00198566095107671281 0.00033924208435223642 0.00108767557882617273 0.00021696152876997325
4	0.00088701048048529254 0.00029642222115564150 0.00049843600164005007 0.00145438190639760479 0.99154723831216029506 0.00050652129997850364 0.00480998977818287814
2	0.00094668489380348862 0.00118362302767746229 0.99575639175674501846 0.00029490873682881934 0.00098068311595976955 0.00058056476385397475 0.00025714370513245702
2	0.09794590414765472208 0.23088502675934116648 0.49915726939962551389 0.02875689771119317728 0.09219956557104826145 0.03281758660481674805 0.01823774980632051831
4	0.00874356205194911154 0.00935911880564146634 0.00392926689256500004 0.00231748061365200011 0.82674445362315307495 0.14769775647054539380 0.00120836154249402781
4	0.01519143929909422090 0.00867029670714892717 0.00966772764505845900 0.05212499757320721711 0.90577670399762322262 0.00558982908355146278 0.00297900569431664786
2	0.00070814822714744465 0.00018637271630151343 0.99827333898325509853 0.00043674065261364549 0.00009529804710780017 0.00027274644685825042 0.00002735492671690787
3	0.00073866271856963658 0.00015622940799171769 0.00068763085022094503 0.99700785274061154428 0.00077730521725956814 0.00037426981738965151 0.00025804924795697569
1	0.03757049857565519790 0.68009906001323117142 0.00034364732386546817 0.15444331348983472707 0.11985973452326850741 0.00646629529081885809 0.00121745078332630543
4	0.00006589697256378245 0.00021407109498022199 0.00003314645025630342 0.00022722332884117174 0.99911768861358940530 0.00005364943829248692 0.00028832410147787099
1	0.00001070255265585074 0.99965366200309691003 0.00029764138383740274 0.00001731138898813627 0.00000350093787579893 0.00001553240861718322 0.00000164932492984710
2	0.02837055480506452468 0.02051768642844095658 0.87056261478272745080 0.00202072474373089306 0.03776201850024555468 0.04047475715134656732 0.00029164358844387329
1	0.00096381593552958297 0.99660390116014818673 0.00012080729573972707 0.00128752981517805390 0.00038883335440377406 0.00047302466938744663 0.00016208776961294382
0	0.82819795165627418942 0.01388213625779438284 0.00792877969162374650 0.02353349831227802627 0.03310591967348470999 0.04744042153035529091 0.04591129287818952048
0	0.81232362297910765125 0.15858318158576273360 0.00120386433090213145 0.01122156864420554255 0.00880997792538640648 0.00236053086463103084 0.00549725367000458709
4	0.00627417966653296983 0.07096244365791938569 0.00110240616019015628 0.00031741074315036727 0.88357215067840055855 0.01825160573573389802 0.01951980335807256342
6	0.01304588030811040800 0.00025490005477761703 0.00018435077799545813 0.00038588686906049170 0.00513685177514672329 0.00014466541540241555 0.98084746479950690734
2	0.01111288971430362225 0.05102447955698322796 0.77494108855960008864 0.02014283806085113634 0.02328856635698826200 0.06795099452716105159 0.05153914322411209253
1	0.00014606674851148495 0.99791558260787971424 0.00096605594910285019 0.00045172128188853365 0.00020512152835385440 0.00021616684242643246 0.00009928504183642892
0	0.83069490476128193812 0.12007748634384086961 0.01657931447965933086 0.02215552104956012430 0.00260150259714498917 0.00336773054717419418 0.00452354022133888423
2	0.00043833752459287192 0.00004533355640317053 0.99851046150657607470 0.00014258500129477514 0.00035133273859902357 0.00015352838260358464 0.00035842128993090805
1	0.00122974699319395426 0.98221642768469741291 0.00329463673211615946 0.01101588490570336483 0.00122143823368889813 0.00071772907604908994 0.00030413637455230198
1	0.01451497821260782847 0.79250332750294683049 0.03068989248637877046 0.05754757829076394965 0.02362485326581035758 0.02501579107985391071 0.05610357916163852959
0	0.83953735461861811462 0.10062494189629515862 0.01203953246847362137 0.00438857659086503912 0.01046005608375951725 0.01853196973745091167 0.01441756860453734593
3	0.00270706349343406965 0.00379636203978155106 0.00017577772035498311 0.98784939375315894416 0.00003372867613283006 0.00513315442229537316 0.00030451989484313010
3	0.00438257653316554124 0.03318835931971577530 0.00037926601127329042 0.96044414759137708426 0.00031015336811958464 0.00068652681564517740 0.00060897036070394720
1	0.00366093470753651095 0.92422413572906569890 0.03579883221567105311 0.00370053967108216041 0.00074997719844100699 0.02240010870329636750 0.00946547177490710163
3	0.00110963143865604316 0.00171056414074019438 0.00008241648506147583 0.99687821289521627577 0.00003510567398922191 0.00003996957467105724 0.00014409979166486706
5	0.00592435592056012646 0.00055761380525964931 0.00054433005696955233 0.00580835658437218669 0.00978859532366871572 0.97636316391757627109 0.00101358439159384187
4	0.03381670895355545076 0.01833855697153739459 0.01902469360957263073 0.00258334563757330873 0.89783741018367757558 0.00796753209219771240 0.02043175255188557984
2	0.00225368812069758192 0.00114495487545298886 0.98834160942289250862 0.00524747001594906386 0.00119774005498727979 0.00142486381004718315 0.00038967369997338475
1	0.00270914317220633189 0.99508461053532981655 0.00085086843234833819 0.00050631835343099960 0.00020838665644816221 0.00014754954142951751 0.00049312330880666876
5	0.00068046661924930517 0.00084793207501495218 0.00005269492897050692 0.00018849564094212127 0.00085324927735118189 0.99708596547871719551 0.00029119597975497968
3	0.00932569836099091977 0.10893351905912211641 0.02456062942288609816 0.81425139368921450878 0.02162780970878097966 0.01031000192324993577 0.01099094783575498176
4	0.02812748755059940250 0.12711038486843492801 0.02018156279906391584 0.00678960086363888330 0.78487250773346972643 0.01386624096805623083 0.01905221521673655660
1	0.00257403911610617738 0.97454109958194168328 0.00052208459420667532 0.00235425486843701811 0.00225219093778852809 0.01543425167953837648 0.00232207922198139323
6	0.00111947973488035714 0.00002308479947386099 0.01113836740241714619 0.00008738947619898350 0.00054050447165668531 0.00143775060543332978 0.98565342350993978560
1	0.00794586107701293447 0.93990031990383515748 0.00114303761000788921 0.00110987878358808603 0.01297451468929316197 0.02565443459542133056 0.01127195334084159922
4	0.10807583587448238438 0.00282806313072279155 0.00098641787339537822 0.00130732630824990145 0.80472462329619909305 0.02575246233117633315 0.05632527118577420472
1	0.00101441759035774022 0.96890067005517188647 0.00732807893029250972 0.00506045321171748851 0.00092026513483808446 0.01502049337999661338 0.00175562169762571323
0	0.84379777671096045655 0.02477925492960970921 0.00421963122673011358 0.04960886306853282829 0.01585180267109729743 0.03150105834372712160 0.03024161304934238140
5	0.00202978734808470160 0.00459893363616854962 0.00008047133286228420 0.00018788613672726266 0.00016489744500176846 0.99242360928076100990 0.00051441482039456764
2	0.00059899203575149943 0.00102243972398161531 0.99649967776706815936 0.00021055500563383378 0.00056883677244338397 0.00087563010560322437 0.00022386858951839957
2	0.00001604023725323287 0.00000335564100046953 0.99974472400019709362 0.00000437079157831260 0.00002550923144451233 0.00020509310937748547 0.00000090698915011168
1	0.01237231609125511063 0.97176669560730011277 0.00562328570764442180 0.00126103604469444074 0.00215927577587335601 0.00595467700192864671 0.00086271377130432052
1	0.00405046091617437647 0.94293493188292776264 0.01419701516876429453 0.01539809325648732775 0.01000827175999529847 0.00995877436726105153 0.00345245264839008029
3	0.03961848742773675658 0.04819059899007260839 0.00079940443974339977 0.90651499525707901483 0.00330084598762795181 0.00064448918068451655 0.00093117871705571500
5	0.00956241214159542045 0.00335135224222525650 0.00931239264792713302 0.02327002052039049348 0.05834238502189578734 0.89344317862472388825 0.00271825880124215713
1	0.03420701111071195594 0.88398068711994692848 0.01116746948472732703 0.00138289218331503344 0.01339767238187490085 0.04662246948666875362 0.00924179823275459930
5	0.00017963402186876355 0.00023710207088790576 0.00001932627864019513 0.00001051000759447427 0.00000326739610598694 0.99954103041062014601 0.00000912981428164646
1	0.01786094135141425010 0.74556699468364051597 0.01062579923509598609 0.09791779184028701066 0.00420030677294377323 0.11886992379143294929 0.00495824232518539670
0	0.97131264874176914681 0.00987223218087961846 0.00105564208155131917 0.00419414129878371497 0.00318170297132567594 0.00329412256140253212 0.00708951016428800793
2	0.00048687027521311297 0.00158751330484323359 0.98952702027601413537 0.00083661455512937287 0.00227230850619389302 0.00234174327398107250 0.00294792980862515919
3	0.00503692604502393743 0.07774243998566104930 0.00123792041589552439 0.90688262729510926707 0.00137625615968564683 0.00642793473644490305 0.00129589536217986426
1	0.03371222764376240189 0.83735583386548595453 0.03569155747845914606 0.04401393592686182049 0.00147900412209983905 0.03585912544960276338 0.01188831551372860999
1	0.00424555019219467668 0.96474054879597270773 0.00953775390343538157 0.00241954602369612998 0.00554914528310638481 0.00347758767012227047 0.01002986813147350997
1	0.00034670764178847103 0.99325315976087324987 0.00053766980180327184 0.00360930283604739667 0.00106699885958980796 0.00102257240208275773 0.00016358869781549548
0	0.73266358824304189667 0.04182627059812174530 0.00122449288342273187 0.02752635643755410241 0.04972982508655010569 0.00290598737603077082 0.14412347937527855701
1	0.08637221172867505514 0.68912944460108349620 0.03617527006276474721 0.01810244506706453621 0.01547888638587551109 0.12173247627725886089 0.03300926587727749661
4	0.00018021356350706184 0.00837466904957803737 0.01446029483917124665 0.02028431991222552286 0.94341682952325600642 0.00646598221358734345 0.00681769089867587628
6	0.00014317116327869757 0.00605076992899906095 0.00049455740714007650 0.00170478927875447953 0.06808524648613965835 0.00048261246072396169 0.92303885327496493218
1	0.14969135449226123047 0.51808276409660947159 0.11832340745020726580 0.15132096932596350580 0.02156446285237645713 0.02022354537732965613 0.02079349640525246859
5	0.00148704785800527275 0.00129397118539367403 0.00017468150638182386 0.00004602175802193277 0.00013984233237768960 0.99669436764544705465 0.00016406771437200873
4	0.02963346931562565664 0.12813791236210586577 0.02690759545561468083 0.03114220329361269343 0.71860484101913557620 0.02063253024543032152 0.04494144830847539296
3	0.01243104907884836317 0.02948205007338675770 0.00346894058020200124 0.94288805924318519480 0.00608464693098541634 0.00288868841851860078 0.00275656567487408098
3	0.00227151696528402709 0.01650934861464966805 0.00021833425871691401 0.98030656922024250743 0.00005383471838500836 0.00012464773441704771 0.00051574848830496830
0	0.99110740322944124170 0.00047104377581844847 0.00018232113111123056 0.00057936961221234000 0.00645764257769179499 0.00073217656907366522 0.00047004310465133091
3	0.00127254912554355427 0.00972867059540545413 0.00267722258917798281 0.97799486413129788076 0.00315138043398843553 0.00289832175406819128 0.00227699137051893966
1	0.00899841293437105179 0.86940746471650987015 0.00794676787385610248 0.01588517814214597534 0.08397511782706679195 0.00314754400035742454 0.01063951450569362162
1	0.00023170361643440478 0.97470233788255322693 0.00487840397415906148 0.01491746277973666525 0.00260193314100886763 0.00258982057033550327 0.00007833803577269750
1	0.03088099418963964962 0.86649490034252218962 0.00460692624200079257 0.07251162444330226664 0.01403613104521393706 0.00369579033852742269 0.00777363339879385325
3	0.01306119922750630276 0.03348205451752737233 0.01988667115417747447 0.83453863123506888400 0.03139887315399232659 0.01033274109269298122 0.05729982961903510447
0	0.89603974224414661975 0.03067464906554797505 0.02246251941759885851 0.03605604513303369008 0.00862066168364497391 0.00196926218801766507 0.00417712026801008839
0	0.91117221391194247460 0.05188779052812100834 0.00009269938104134531 0.01210776436099903451 0.02005338026365445156 0.00215912059775457245 0.00252703095648716724
3	0.00970089188178414712 0.06957980835084019711 0.03472951671623972225 0.81737654358771327789 0.02870209644025598777 0.01534626553848499227 0.02456487748468111354
4	0.05169464843782949764 0.03160925345972733641 0.01157213079861276785 0.01056367168081869846 0.81069431058341145935 0.06441371335193683823 0.01945227168766351308
0	0.89538101742636344582 0.03582586963063085633 0.00665515623210049655 0.02359765202706901391 0.00922274830188200834 0.00709287000199194592 0.02222468637996231552
3	0.00279262143125527272 0.00337252010412196924 0.00067242534290751135 0.99091044107412662445 0.00111496921600185393 0.00032547347157480514 0.00081154936001263652
1	0.00000596009588507069 0.99943405673076424200 0.00021996718115362604 0.00013652935042565535 0.00004784098272284088 0.00010850129816803209 0.00004714436088167087
6	0.01230962136927924756 0.01216536739604166806 0.00243282802905854740 0.00703932302542697747 0.02015640845205039430 0.00969765423879055677 0.93619879748935308506
1	0.00058833494401934851 0.97534147702143869640 0.00472494111362281935 0.00029968956133258931 0.00042265858036000389 0.01830986105470600034 0.00031303772451943767
5	0.01077384496600313629 0.00350143984973568835 0.02471446719159571537 0.00086426553127081924 0.00422026818862360990 0.95277964615820631700 0.00314606811456447175
4	0.00000058872144433826 0.00000099851392568548 0.00000746697203741098 0.00000019107198057620 0.99997439598324877608 0.00000119105563971500 0.00001516768172550095
6	0.00465044962329569204 0.01019686179706361454 0.00074142856020739342 0.00195567027125423875 0.05897089470655361015 0.00688670205269889448 0.91659799298892608022
2	0.00066319779235286640 0.00038648178654360324 0.99406265449512098975 0.00044635616935082429 0.00129277349601118990 0.00064762072373057700 0.00250091553689004743
1	0.00025030663756191401 0.98422162375431532233 0.00122564430680516690 0.00683928100411387331 0.00242157718090382605 0.00418362746454992163 0.00085793965174936666
2	0.00062320394338615795 0.00986192816627665288 0.97092314009057689717 0.00585064238215431218 0.00064398329779450302 0.01148081210753190695 0.00061629001228002869
1	0.01139804230879807104 0.87073063188282995295 0.00554444536173257126 0.03945516096298318925 0.02160623446238160369 0.03615346211826850342 0.01511202290300666870
6	0.00471158742653143576 0.03944817748432503240 0.00393814958405672936 0.00459623754289975595 0.00847018223003685559 0.01790484460185631441 0.92093082113029400837
6	0.04803679973291386657 0.00487928715663238019 0.04273919609671488623 0.00523762860051552384 0.01001867585594452478 0.01313170602670231391 0.87595670653057622346
1	0.00000522052980974686 0.99979495689198605302 0.00012964639792488407 0.00004258278000732396 0.00000618499891275300 0.00001961850865494849 0.00000178989270566041
2	0.00123993319049981831 0.00061306084942480644 0.98886896378816335762 0.00007418558742945696 0.00699841207603856767 0.00164978917107663488 0.00055565533736748796
1	0.00011775487073495174 0.99804281266846295306 0.00044800036106187603 0.00096973978645890479 0.00007264089398787114 0.00034662353449105472 0.00000242788480263519
2	0.00024159300700490324 0.00227395788052510948 0.99131715190856628528 0.00006929509575680199 0.00015693966108479147 0.00584893121888283626 0.00009213122817960304
3	0.04144832505184965071 0.01934878936133599056 0.00809764425783271458 0.86681549074897035201 0.03680414505526720392 0.01836979698168544547 0.00911580854305884224
3	0.00320553743130277177 0.00253002778678269695 0.00182978470916549314 0.98684665409123417668 0.00287121254137231562 0.00179561968320693637 0.00092116375693552458
3	0.01419393860550283680 0.01698228788371339282 0.00888697559950490414 0.95598980151449453047 0.00127185357359669736 0.00108359557630235428 0.00159154724688513041
3	0.01493474392414342010 0.03935811143103223192 0.01414819970170521149 0.92118640253603556456 0.00349016955836240579 0.00279468436911906298 0.00408768847960095261
1	0.00068649289478768690 0.98938820832896656743 0.00078065549504526444 0.00018477485711110203 0.00796390041869098585 0.00086106249812830131 0.00013490550726981033
6	0.04634660322099135032 0.02809376050901129726 0.00274485326599098424 0.05366847696906955345 0.00662739398155049071 0.01034261798888320809 0.85217629406450301488
1	0.01473613370412768346 0.74058354542018456357 0.02631677568251319932 0.16520105039039448269 0.02570220736474215784 0.01652192277470862850 0.01093836466332928116
0	0.62073013605506999202 0.14017030866096827357 0.00447606266842858272 0.21568487759568039097 0.01178778755749520547 0.00383039064208145043 0.00332043682027612259
5	0.01148153694464962987 0.02206086674282592419 0.00550726673370393553 0.03703938975592106775 0.00079346365482721492 0.92150938799882198271 0.00160808816925058265
1	0.10660070907241568638 0.82223518981414622786 0.00559759485309937674 0.03706994441211895058 0.00602490925006775313 0.01600817054697971017 0.00646348205117280167
0	0.84005836063720784601 0.01660364499555029225 0.03523463327997830574 0.04274038633434253803 0.05450796640611677707 0.00587198150398424937 0.00498302684282008693
1	0.15798491479074303068 0.61541500025709028332 0.04502109185168331335 0.03763837836902059891 0.08133639647885126944 0.02628621510790164761 0.03631800314470949587
2	0.00211464649183774368 0.01218962480991828828 0.96147506445653163620 0.00241245590339469410 0.00631629335186957835 0.01446030350245381367 0.00103161148399383371
1	0.00193525564563604797 0.97541999319504057997 0.00647162637282616433 0.01126359058747984990 0.00052018756911653111 0.00292936808388953238 0.00145997854601148647
0	0.77186466567273459560 0.02179325849000258303 0.11144536967895968260 0.00771326636004665903 0.07204908851031968653 0.00410435023504152150 0.01103000105289513727
1	0.00372808308955789851 0.97254033773882386793 0.00666392498223083475 0.00433292950888685725 0.00033486367544861400 0.01081107076116702426 0.00158879024388519619
1	0.02617857983002600322 0.96254368139311186070 0.00291984096291618639 0.00056998414442164689 0.00650111016669115572 0.00024185938413054506 0.00104494411870343111
5	0.00300333866182892883 0.02672571935854260380 0.00020292204822815440 0.03029791532035720769 0.00189125188967452008 0.93702144547937604724 0.00085740724199230751
4	0.00101436978315736772 0.00022498004927498723 0.00094527614431878608 0.00070399641644031433 0.99258049337040177296 0.00290245001763442473 0.00162843421877232296
0	0.77561784542165357337 0.08623981348271476943 0.02899865661770082564 0.02751156081651898178 0.05577530945867293505 0.01360446200908534825 0.01225235219365348148
1	0.06828249775310731018 0.54826314010620047501 0.06160162453927616605 0.16091918041594927002 0.07642951241843212729 0.04753684739529751013 0.03696719737173707193
3	0.09325846223048471495 0.16222033162507029647 0.02568411529395983606 0.66748746454593532729 0.04060699856925963080 0.00208381021499912892 0.00865881752029047311
0	0.96220175354953285662 0.01122229072983911731 0.00436670217914792835 0.00155210977713530433 0.00438873891188370190 0.01252408064867815800 0.00374432420378320672
2	0.00071550879098282840 0.00254849510714161460 0.99192010916922168651 0.00083818537176357779 0.00151460804616808126 0.00180482757694210147 0.00065826593778027130
1	0.00006154373459466486 0.99948763715506760974 0.00005983658583425838 0.00020890249019804750 0.00003772255990273303 0.00009176910015944760 0.00005258837424216396
2	0.00005779185178986410 0.00195511974456168353 0.98403564674441645899 0.00007662027734537722 0.00250137167287547068 0.01110149434343756826 0.00027195536557403106
2	0.00008411109488760734 0.00014002586680027799 0.99390241837926662782 0.00047673344389830794 0.00010697843340542549 0.00508794878885709782 0.00020178399288406411
0	0.90995951661609453254 0.00721965054539996150 0.01507871372734549860 0.01857372947343450750 0.02550797433639402645 0.00234141544315508675 0.02131899985817645171
1	0.00034793207234659179 0.98515270173438007628 0.00101874796492132770 0.00932676792749979541 0.00138998086696800202 0.00253077017023938542 0.00023309926364506895
6	0.12626564213289195870 0.00035449781480780251 0.00094016028998130600 0.00175898517332207589 0.04845831069166616628 0.00033299976621323820 0.82188940413111732930
3	0.00837962408167898347 0.00126375733538953419 0.01340911152990684890 0.97562177439911168531 0.00052147060099791127 0.00049228257497863537 0.00031197947793573872
5	0.00728630789481556421 0.00711679514657735830 0.01529282886596332325 0.00051906320469482484 0.00668698601085623064 0.96225834878837857023 0.00083967008871451278
2	0.06060559751664588990 0.02705299138953831325 0.84497656836637835553 0.01223407986081113258 0.03161273258598917835 0.01480533122975741245 0.00871269905087943691
