5	0.10430473005415774601 0.05810480020965223813 0.00198800037947466672 0.01758195943728489002 0.05038797611725966130 0.75602161003459689148 0.01161092376757392325
1	0.01131156137801994643 0.96043226207078724599 0.00473555625476029200 0.00625162729496267153 0.00528040140701513741 0.01011237157191158600 0.00187622002254428529
3	0.00034800156340391664 0.00029394126501068254 0.00174018555097824133 0.99636030783325235660 0.00011340601074611650 0.00019121037913283776 0.00095294739747517484
3	0.00131311583369738642 0.00163906239825510548 0.00156072333098243566 0.99383312372373633359 0.00053593700951820979 0.00031158873360304378 0.00080644897020827459
1	0.04125512416805419275 0.81542225865704165422 0.02034236959946959800 0.04075107816115833975 0.03604723707169581876 0.04051979627535127332 0.00566213606722889770
2	0.00079659750808188463 0.00175901820562407289 0.99062721172799872438 0.00265864110528791055 0.00256363523187964426 0.00113765403728166505 0.00045724218384595697
1	0.00035003609309859152 0.99471349379431805993 0.00289233813877899171 0.00158068762953273161 0.00013991210337153622 0.00026418890577352216 0.00005934333512667093
6	0.04048712604265942983 0.01951509173925719542 0.00275774747223540753 0.00863423547025695369 0.02863795339977472793 0.00126582998228956067 0.89870201589352671778
0	0.94480152715620313586 0.00459966132283822285 0.00532678885322661333 0.00284378659285361305 0.02858764301783214140 0.00157809311156499165 0.01226249994548093795
6	0.03499095061369451864 0.00108678340833025786 0.00220343461055709554 0.00241881889989080997 0.00340830038814443495 0.00128080083153845844 0.95461091124784436257
1	0.01465210351233725040 0.93675841313002472521 0.01537223240579262823 0.00160082521349352489 0.00428765086775241468 0.02353416584412035967 0.00379460902647979492
5	0.00135772707663297122 0.14197596486725272413 0.01940966660092573529 0.00106668261929379529 0.06750454240200406963 0.76549069847832618141 0.00319471795556458245
2	0.05735324278872577786 0.04614510499278544342 0.84632963689270845897 0.01617536978782523407 0.02643317353081484772 0.00314056526910785460 0.00442290673803239203
1	0.01854046664250437459 0.90085556341786143797 0.01581023896931617670 0.05913458369933647513 0.00484272052535418985 0.00040875371016186528 0.00040767303546503379
2	0.00201514138343605572 0.16767894288685236681 0.81733753109708351392 0.00280652334232134445 0.00107964316397111851 0.00657197286870320023 0.00251024525763226571
2	0.00197199377678871236 0.13853260705991726764 0.84365983806668165546 0.00659210860701928570 0.00110588002501163908 0.00724461747598534496 0.00089295498859620409
5	0.09362392438067672351 0.03392137789524257707 0.01044284309897308347 0.00129517387127093598 0.03979220736322810342 0.81203024605751061848 0.00889422733309809359
0	0.87459327036165068758 0.02885303631768153243 0.00807007135098318160 0.00779745668206059932 0.01821350173165527109 0.02140443870101342919 0.04106822485495547487
2	0.00956472432686523641 0.00846515350012961264 0.90133662358013866278 0.00020090349397710566 0.02040642315642265947 0.02073982665321389904 0.03928634528925244174
2	0.00001946018600219560 0.00000391855461757706 0.99977403243355011941 0.00000602135982859979 0.00002059576071341825 0.00016319088485644242 0.00001278082043180733
1	0.00013229082030487629 0.99639115697810787253 0.00158385080108649611 0.00068817036631635149 0.00048464014455189551 0.00044575129619135826 0.00027413959344051061
4	0.12462098734171785097 0.01572044546129275702 0.00059987771513280493 0.00331192422023304572 0.83875704067398426655 0.00671451641724504344 0.01027520817039410603
1	0.00000089692796533441 0.99978663693727742867 0.00001811056112791095 0.00004185224127609643 0.00001243972510422443 0.00003557175599372243 0.00010449185125510282
4	0.00023998008928256733 0.00119288190089653274 0.00160157956815867408 0.00234573299757706837 0.99179821933737999373 0.00151910480216822059 0.00130250130453671092
4	0.00005150265443761007 0.00007040804716492033 0.00004764369592611576 0.00023929188277104161 0.99905310772903577199 0.00009664374717749747 0.00044140224348655923
2	0.00007610405957593829 0.00002480492953022770 0.99872450765771580983 0.00001052135104113142 0.00003476635048764512 0.00112065275792665934 0.00000864289372059368
2	0.00045736904742231689 0.00016254244546517208 0.98830239610204284606 0.00015575361891580900 0.00022778806789575803 0.01052480942425777603 0.00016934129400054113
1	0.07741601180712456842 0.62344464056104575977 0.07048002250474313946 0.12520337311686957626 0.03961386847785256654 0.04004058375998333086 0.02380149977238123216
1	0.00088205107087547684 0.66825023366283731185 0.30980446091138774678 0.00869928380483735858 0.00066931443041072969 0.00793126376764215213 0.00376339235201001701
2	0.00342419858127038755 0.00430454452125540732 0.99088192414834042054 0.00022890497064396171 0.00066966551661339080 0.00020146033680559555 0.00028930192507009214
1	0.00000522462801493116 0.99778256070192195004 0.00169446135221529770 0.00022943916284530366 0.00002540199056987424 0.00019816500210206680 0.00006474716233203071
2	0.00106669287687766829 0.00038342641444909990 0.99658464428694804038 0.00014088626930725627 0.00108744455776825489 0.00035395531905950433 0.00038295027558973377
4	0.01517451535711123595 0.02010050211395533054 0.01373680141174632788 0.01435000636490365612 0.84342786387113755087 0.00608946808942660914 0.08712084279171977697
1	0.00221003589145960357 0.96847519809177073924 0.00655491932755588192 0.00201876029830518359 0.00027745448865292791 0.01977510640493746960 0.00068852549731822713
0	0.78700021077807957859 0.02540491442999531432 0.00853432428021255393 0.00612027067914584257 0.14251266421730116041 0.00097840676816859668 0.02944920884709691794
4	0.00001764240240564940 0.00003866299686538518 0.00011297615980163031 0.00002006174288532323 0.99935106523294359171 0.00040809925876414172 0.00005149220633476474
1	0.01632461828410423574 0.91184877145779141827 0.04025760731562207789 0.01777161392377453117 0.00888746058732661597 0.00212520205831469257 0.00278472637306708109
1	0.00175703408864674119 0.96052668177672995142 0.00487104866702933997 0.00715745244530477907 0.01796800528775410744 0.00635946978719356942 0.00136030794734164659
4	0.04795929446106491495 0.10789183598801170560 0.02833238529691589624 0.05707597106663889891 0.71592051587221106068 0.01200553630675674742 0.03081446100840073282
2	0.00067465121617644368 0.00046061937292427778 0.98438632471720044492 0.00140997647659351060 0.00752354219239981942 0.00446573458463509453 0.00107915144007067693
1	0.01114593094603309915 0.95045208816829496179 0.00497774311166674418 0.02268851697687633562 0.00290133304954216277 0.00716182137380348780 0.00067256637378274964
0	0.99341495032187221437 0.00087694842126787205 0.00021630601230077312 0.00010457599136579461 0.00071098517445524628 0.00008691483151944163 0.00458931924721851445
3	0.00877459234257828985 0.04030770521754676455 0.00129910421866809549 0.88923127420353609285 0.04336692681641831498 0.00117259836426261959 0.01584779883698925543
2	0.00001077378289271116 0.11880018491194678509 0.87749872118172356217 0.00018511483540633531 0.00007476412875145747 0.00322201550357549419 0.00020842565570099178
2	0.00306107964736958239 0.00106016615250436892 0.99266322050582322944 0.00100388381842829661 0.00100313803991020534 0.00076562104023592469 0.00044289079572843847
1	0.15511199851545429129 0.79440658130603636344 0.00469411337481032143 0.00308938143177719818 0.02518415824225494343 0.00516719265076061047 0.01234657447890620714
1	0.03660541095382779248 0.85562657672901121231 0.00333535674484733641 0.08137777658748893139 0.00303349239548328809 0.01803917611467506163 0.00198221047466626450
2	0.00107700228836633155 0.01020493261263874171 0.98409737874088165643 0.00052815225432328524 0.00357788709144824099 0.00029098686719167087 0.00022366014515008006
2	0.00270068127967983650 0.05350073453835480636 0.92556872202259876659 0.00877201476196043037 0.00101077506803902710 0.00607115408048665688 0.00237591824888020494
1	0.00818945728658969883 0.97364613860212079199 0.00438781231368270443 0.00626316960558486249 0.00269065472353441663 0.00390227129950694064 0.00092049616898105878
2	0.00209115871090600472 0.00330285052804942620 0.98474676613402400971 0.00270268001115450511 0.00394429343142737882 0.00113490012330011761 0.00207735106113782946
4	0.00004657259509589538 0.00006920810506614118 0.00002136897456110996 0.00033302509551324350 0.99936900406024953281 0.00008240226984948697 0.00007841889966505778
6	0.07634909676528833788 0.00543047031346454486 0.00831379319559788152 0.00100870789725853913 0.03183765530247703590 0.01078196268615681450 0.86627831383975673063
1	0.02717176720962555941 0.76653934422180214359 0.00743999276152173834 0.15938687851953067809 0.03457776104299396802 0.00318642576095608731 0.00169783048356971574
1	0.00102099687465956714 0.96186151218042426070 0.01433966947804880473 0.01032095511736380068 0.00495659379723234310 0.00716639456831212347 0.00033387798395911558
2	0.01606574039241165028 0.01926316596767229522 0.90474454642569601681 0.01435439218675685878 0.00709781708979644477 0.01953623024714288767 0.01893810769052374499
6	0.05792059337747679226 0.03710657870430433131 0.01474967692974866497 0.00191129313467495099 0.00645609929305532466 0.00702048379240208069 0.87483527476833777836
0	0.92776172865518458099 0.02659275777580036304 0.00056527690529699457 0.01259180415678584630 0.00889864379400862222 0.00859333894113925231 0.01499644977178420623
3	0.01709385766001493556 0.00219230922348524759 0.00046931990101612591 0.97661125179839380905 0.00063779728773372384 0.00111153233243741650 0.00188393179691822752
6	0.01230169149932292677 0.08500590262341836678 0.01549640644376814105 0.01161145724782762685 0.02204692518469167709 0.00599412905577610417 0.84754348794519518417
3	0.00023561165306648689 0.00553575696130771851 0.00007568965530645966 0.99401655838422176004 0.00002658677273532183 0.00008586736500280649 0.00002392920835902499
6	0.04675467678297768465 0.00131489605227421867 0.00100730376348079353 0.00060156900400570108 0.00095800942168902702 0.00236467219392043479 0.94699887278165195692
1	0.00089603159114403220 0.97322194941770601151 0.00143952883493066782 0.01652779236627126280 0.00495914565940442850 0.00203753291300761037 0.00091801921753612741
1	0.00136021318899814535 0.98685263346169482812 0.00270239866766989545 0.00502099982183822936 0.00212433417094975594 0.00074450961839974002 0.00119491107044963560
2	0.00125864360133587047 0.15150024159325864437 0.83416148287335845080 0.00112687794816614052 0.00363497031933275941 0.00333800608700394108 0.00497977757754376228
4	0.07508579032353394911 0.07540118451193027205 0.00459867656046374952 0.02401313536990182240 0.76172203880346600613 0.03051157859734975053 0.02866759583335452138
2	0.05148198027530773158 0.04093474861976873630 0.80889429617352670565 0.00884683838273660726 0.02358026076177617558 0.04647365894174992906 0.01978821684513389426
4	0.25922737928050393341 0.00538942535060928010 0.00125765825514918481 0.00167262236649976751 0.71478577084211791792 0.00697277805398849228 0.01069436585113151331
3	0.00722608943751329620 0.00212002328377887969 0.00037830877795480528 0.98856383698335137389 0.00033946161039099051 0.00009090143486009137 0.00128137847215116030
0	0.97756854189376851672 0.00162852012497320068 0.00009600086455596088 0.00015244091484111570 0.00979607694021669695 0.00019910011572648491 0.01055931914591803217
2	0.00614032621912260872 0.00614395652964511239 0.89288701341490528396 0.00217299585767621352 0.01249747586682212024 0.07338730615318973804 0.00677092595863945049
2	0.01098384165457907437 0.00683188325187182675 0.97286392605083127361 0.00071101901358556758 0.00111090524299654360 0.00102414339383801920 0.00647428139229811427
2	0.00043104424317862085 0.00595272680141869723 0.98946171645811975548 0.00004907820391664352 0.00048275811657650275 0.00353196140851731646 0.00009071476827155702
3	0.07463034669351625849 0.04852290140063500457 0.00374686897129661431 0.80813010821142761131 0.06283632611650549760 0.00087865369615082575 0.00125479491046836698
1	0.00001365751574270414 0.99979374180886282364 0.00009534923734286545 0.00008740134308054843 0.00000390218347451006 0.00000437580170576476 0.00000157210978967027
1	0.00236120491861596671 0.98548715634116779150 0.00257387825626610809 0.00725370918794781758 0.00146658353502964736 0.00032643326793721901 0.00053103449303578960
1	0.00604664035217283586 0.99062770753091378140 0.00129248162983690274 0.00022340723294160807 0.00142568842212770761 0.00026593561122167030 0.00011813922078656072
1	0.01426285134348433646 0.97755333357095686164 0.00189659074333935348 0.00462041659468390934 0.00095340881669150402 0.00025040084865035405 0.00046299808219327763
4	0.00145199339870404108 0.00752806815847717990 0.16086720006036145381 0.00259466291294295839 0.81559497893888099895 0.00799688284965179887 0.00396621368098174290
3	0.01427513172813004057 0.03528953880192180204 0.00923507808415761564 0.93550095039048652978 0.00255321572592913468 0.00021591707961464158 0.00293016818976061686
2	0.02429282541626035657 0.07059761778263486109 0.78505692645107316707 0.02055136217276484073 0.07195524078271695045 0.00364959890604767655 0.02389642848850150741
2	0.00358550888223527773 0.00185720541132452913 0.96578826991686506087 0.00581119436691897306 0.00336167002934611948 0.01821475846146393060 0.00138139293184664429
1	0.00005397368448543202 0.99764700336544331893 0.00098634700324896950 0.00093975095875784367 0.00001952851513942053 0.00028899728102723163 0.00006439919189731781
2	0.00003835760242794603 0.00000242423066731443 0.99983864972132474591 0.00000605451620042366 0.00006112680302292345 0.00004005898917740442 0.00001332813718249691
0	0.92617168507841229896 0.02196957608714034116 0.00391197633478607316 0.01690822670506416173 0.01509297337524465217 0.01121587964211408564 0.00472968277723824493
3	0.00467639544475802194 0.02244176691169254625 0.00207179612567042664 0.96633253425816278970 0.00266030175932252489 0.00023449414220974194 0.00158271135818509995
1	0.01494263714465373684 0.92783600728926984846 0.00554211246463406915 0.02442669457612088937 0.01535714733604194582 0.00587824769800518974 0.00601715349127433016
4	0.00028512383147242534 0.00024031276052504570 0.00066973261167943218 0.00337832999994602378 0.99409898460922441199 0.00029252836666175723 0.00103498782049076020
3	0.00302459680406392878 0.02751804356473292607 0.00117824766232129579 0.95848013696362210911 0.00527608915375522933 0.00085451443472278328 0.00366837141678125808
0	0.90068572647401989872 0.01564824100389928738 0.00627671323901810973 0.00523325256833521123 0.02369167679452643255 0.00983150643058255773 0.03863288348961860935
0	0.98589126469786803053 0.00477930300286398980 0.00212504108089511031 0.00190942935262961456 0.00114532380212054507 0.00010138158587080255 0.00404825647775162653
5	0.00466751186181359884 0.08153523197824610880 0.02326173835166012172 0.01884877981300377495 0.00951713060744365305 0.83610868615158573380 0.02606092123624723436
5	0.01353310348120569280 0.03597671997985767839 0.03245061991559070741 0.01788457370409710437 0.02048911461735254333 0.87465254784667878507 0.00501332045521815477
0	0.99036863094561000675 0.00091037172991166062 0.00021007053577119938 0.00008083265821450238 0.00278972093806738580 0.00065547913987223699 0.00498489405255297426
5	0.02057754867583370950 0.06393480886596086821 0.00024117860680501069 0.00137102069626367186 0.00159485547330413422 0.91129672209513512549 0.00098386558669788645
6	0.03971266372106032477 0.00967435241519453044 0.01760823697505532054 0.01051851387342435558 0.00458880325370130630 0.00432735502864757191 0.91357007473291673705
1	0.02261229924355511942 0.91069920760691847050 0.02173479215961594477 0.01581316772674845259 0.00962493646877582779 0.00645204471025891124 0.01306355208412734309
3	0.00726888518970926663 0.05611743172509990607 0.00423423433201155532 0.91512646750333481727 0.00881770042757060862 0.00486663331135285104 0.00356864751092086799
0	0.94259220090902273714 0.02036009941589484590 0.00297647308399322762 0.00984750097283407407 0.00725533965546634480 0.00966708834904534027 0.00730129761374340332
0	0.95150706725294975641 0.00877260288333106368 0.00023062583458276442 0.00645766042248551927 0.01324073823348968434 0.01208889647006577972 0.00770240890309552718
0	0.89321067003305532062 0.00190638369041505021 0.00487585803090043787 0.00136398325431429492 0.01117822746892800818 0.00833084572614572333 0.07913403179624096950
6	0.05581571078129925201 0.01448065069048645737 0.15382476061748226459 0.00300721523892859971 0.01984365883094650965 0.00157374020434046307 0.75145426363651635082
4	0.00001741236492444115 0.00000866811730834281 0.00005236320824171309 0.00006563876374316788 0.99952073779989092372 0.00001848056837576295 0.00031669917751792526
1	0.00084591569134540826 0.97731476499759062371 0.00837034002706210471 0.00403929234582664498 0.00324372474972386580 0.00546252685100942059 0.00072343533744181345
1	0.00935999378166344799 0.98181652564628696389 0.00019016808527741759 0.00498176837525311951 0.00218568697490906976 0.00080891598718263588 0.00065694114942803198
0	0.89151843865443158865 0.04006884877851140531 0.00191287279898042666 0.00431862520854401754 0.03912434117642338977 0.00281034584696174998 0.02024652753614749126
5	0.00160602149662270239 0.02796096851711375730 0.00116253678783590766 0.00017811061092537248 0.00145127692463754019 0.96750178264541819573 0.00013930301744693232
2	0.01626700136797527493 0.08318091335010321941 0.81418424616741036370 0.02397174442909281653 0.04578046795017996773 0.01300939598602545745 0.00360623074921283173
0	0.95623566313853203269 0.02523755088410508524 0.00135043903907944968 0.00043548017785606248 0.01393205325491474363 0.00205419123799932112 0.00075462226751326559
1	0.00460190117139387504 0.92717288614333792651 0.00138062667379031329 0.04926110498043002883 0.00058552664570477042 0.01357995256183812047 0.00341800182350540226
6	0.00376564768437498030 0.00367107922343609845 0.01133330997093809876 0.00355816381201247856 0.25389619060136042750 0.00273335683362468333 0.72104225187425297072
6	0.00496607501230249358 0.00339954657555567282 0.00695217699324109789 0.00230448842874937925 0.00869318271775426123 0.00210837899486993573 0.97157615127752749995
3	0.04998181369311746614 0.05239350514195830616 0.02731485684149666943 0.83126849206581210350 0.01125047994397160127 0.02179418625735401668 0.00599666605628973361
1	0.00063592557743283936 0.98357053007422468038 0.00273645863139011401 0.01200991335821128235 0.00038987277655392661 0.00047046319026050696 0.00018683639192574185
1	0.06563910095300387604 0.67907863182778593902 0.08294674477664505663 0.07877438891924777586 0.03837559387215491030 0.02208169461404885237 0.03310384503711349957
1	0.00813368613730326359 0.94661371813761752136 0.00551458882125969736 0.00407747821052062420 0.01394508617189861577 0.01867136904351914678 0.00304407347788129270
4	0.01910419301808431378 0.04004706026867645846 0.00937923039481156420 0.01977868116484582037 0.89204332166083200040 0.00363562305094738492 0.01601189044180203677
3	0.00267453783563682606 0.00004196597714641192 0.00006157027860903676 0.99656901088852734016 0.00007887689217456950 0.00050591596940620311 0.00006812215849987151
1	0.00013783029950048789 0.99558605280776701907 0.00037451960056786765 0.00196251143881329658 0.00042399710678008273 0.00129150303394644206 0.00022358571262427669
4	0.00083268086470083679 0.00029226865059838771 0.00028874822475143965 0.00105595422888653712 0.99287872332417304033 0.00039090222068140972 0.00426072248620808659
2	0.00146219162525740255 0.00231979782482947877 0.99276316585052670760 0.00074383145226836894 0.00150713657252886271 0.00056506609693212533 0.00063881057765646592
2	0.12784387032569793918 0.21272373210197620397 0.48796911420072131005 0.02875558261685637329 0.09473819985828155210 0.03028526003345492768 0.01768424086301232517
4	0.00775567955602143345 0.00868476366532390000 0.00321868410546711625 0.00221845100641878974 0.82563857692616737793 0.15137169832706004469 0.00111214641354104435
4	0.01331109513431404621 0.00718941832719978413 0.00862180811587735449 0.04585198206278923161 0.91717529166744393709 0.00564864725531409682 0.00220175743706196424
2	0.00155620546606009889 0.00043165803491500369 0.99635830827694504830 0.00101125816343595890 0.00016071034653152339 0.00040461087124224297 0.00007724884086977769
3	0.00083137837206504546 0.00021417436995845707 0.00156128607044279206 0.99363008631579152752 0.00241509949594367716 0.00083766883245997884 0.00051030654333905374
1	0.03300271934972628940 0.67719828351883459838 0.00049646223491573598 0.12246691066752146693 0.15466789244431600192 0.01023412158021257123 0.00193361020447341205
4	0.00012899006665269990 0.00039263394058342753 0.00005680389142774390 0.00047209866833795703 0.99859808134189820272 0.00009483474357757203 0.00025655734752250684
1	0.00001657671014605548 0.99955441807275524635 0.00037847702567813708 0.00002489191774706972 0.00000368048729499506 0.00001905218597021948 0.00000290360040810340
2	0.02635700031720528483 0.02884690230343009767 0.85057112720113858817 0.00434862465403426310 0.04270723672339180044 0.04656745308347606804 0.00060165571732402894
1	0.00167206699574032704 0.99553648857797694127 0.00011551635431974326 0.00144129767681062536 0.00045492558201339149 0.00045908843158668324 0.00032061638155211431
0	0.81886802113350054544 0.01667060061119425909 0.00822657799585735545 0.02695899613780259468 0.03334788204570241638 0.05276226293228238745 0.04316565914366041895
0	0.81026552887758018784 0.15307754104786708282 0.00170083226341971312 0.01105845791614890744 0.01409992628860935217 0.00275166876223118841 0.00704604484414366079
4	0.00916040277233864594 0.09134026779304584009 0.00177431045727466721 0.00067640034569717918 0.84511177273348159211 0.03475043003344528703 0.01718641586471658655
6	0.02078071790947236611 0.00098300718476992521 0.00050167588378220739 0.00096119327703399335 0.00612363742014408480 0.00033674071802782500 0.97031302760676974017
2	0.00577677234997857943 0.01944976034658446595 0.88626314915678416906 0.00912473517828485230 0.01177595221590063343 0.04185885526115218358 0.02575077549131588386
1	0.00027493756379487439 0.99714563660255950417 0.00122112376025201971 0.00062747636420554199 0.00029002361682299864 0.00025873556365471232 0.00018206652871126012
0	0.83812675145024762013 0.11454470171376748833 0.01704603825517743074 0.02059843295054748780 0.00261072203514110205 0.00316763314904007758 0.00390572044607884064
2	0.00118243623665973763 0.00015280934104668046 0.99574431206577618259 0.00051453465795345363 0.00078326773130786727 0.00030715721192172725 0.00131548275533476195
1	0.00193623888220009776 0.98116822570195449948 0.00305243673521076115 0.01116347261919935913 0.00156464890469853969 0.00059645722208799198 0.00051851993464990408
1	0.01703382799902448605 0.79537543675920863162 0.02976598141564225364 0.05693159007064459154 0.02374798548903534617 0.02393542939921579349 0.05320974886722910913
0	0.84529976880485846458 0.09175461220827432762 0.01203596792103880410 0.00472533119217625943 0.01113739668763206320 0.02136999540183425611 0.01367692778418586226
3	0.00311176101782120089 0.00523460943647821673 0.00036110161912253770 0.98073824642407103624 0.00007734229669510377 0.01002507597750653887 0.00045186322830506875
3	0.00496790178440545058 0.03988241008539262361 0.00075462328557727814 0.95107552311532550515 0.00066206533529296373 0.00147432548372911630 0.00118315091027659173
1	0.00435216137788689214 0.92021963337069423439 0.03648611984816677034 0.00379128707548986215 0.00088920466748346368 0.02256903462337817717 0.01169255903690046526
3	0.00181301746697348038 0.00267255344340892268 0.00019030220817694684 0.99478745355317477195 0.00010708538959015542 0.00008156136895755406 0.00034802656971731009
5	0.01021154337190418107 0.00100417417340060186 0.00118360959514157574 0.00763423449556972257 0.01585523929442322899 0.96238172037423730387 0.00172947869532282601
4	0.03938678157006267333 0.01650770325504229835 0.01594982412690541460 0.00268400548689763391 0.89742129595189046309 0.00849159616786760926 0.01955879344133380771
2	0.00403634899752064284 0.00238050674097110707 0.97822718446782563895 0.01070331701442263188 0.00207557173282781537 0.00160146385714640986 0.00097560718928511544
1	0.00428781197603302685 0.99265488616485708651 0.00103363148647330188 0.00062683939293956068 0.00034033255014772316 0.00015631459299495295 0.00090018383655406716
5	0.00129712791003952044 0.00134112121546094728 0.00014045138362125582 0.00021823368004836286 0.00182412248380640321 0.99457469246587515421 0.00060425086114817173
3	0.00921184207286426457 0.10882744372667361998 0.02197370214867646124 0.81915298274395731415 0.02220322428671794857 0.00887315431082187113 0.00975765071028818730
4	0.02568388603238101753 0.12108968227390667916 0.01690573493215686077 0.00679271395668215507 0.79958040635122151762 0.01197857689662164445 0.01796899955702995974
1	0.00397987691447605849 0.96974378661687399283 0.00061834363003833231 0.00248713509664868571 0.00205649591863443868 0.01748074140563767379 0.00363362041768947345
6	0.00155995662125234464 0.00006385272979073758 0.02055377447621846779 0.00018987288379522632 0.00054167142910886083 0.00267810677810880089 0.97441276508172591786
1	0.00968176120758129470 0.94004525300938668320 0.00109388100899836878 0.00131026574285541555 0.01261670263484197634 0.02454368763483486329 0.01070844876150102085
4	0.09410625780308422283 0.00235532262943599895 0.00072606988106589112 0.00118574612600974680 0.82968187517931013542 0.02307160768355031449 0.04887312069754359140
1	0.00122896107268308350 0.96614825058479014697 0.00726348973884543420 0.00566371609476713691 0.00110701220909309624 0.01675571771343400615 0.00183285258638614845
0	0.82884039428867684052 0.02561471028368616717 0.00466387039429628798 0.05234732369225910537 0.02111329093679155389 0.03545223745324693754 0.03196817295104311535
5	0.00494499882205846723 0.00913457903763470989 0.00021004562182248140 0.00032910667073297666 0.00043099612104614246 0.98364151371397701151 0.00130876001272804427
2	0.00113991176466268947 0.00227974646095469458 0.99345440650973559915 0.00051337350002731905 0.00099784811016649655 0.00098129201008563365 0.00063342164436777561
2	0.00003532810710356869 0.00000753711866518568 0.99963697592583300455 0.00001165844143054578 0.00004838698185605032 0.00025755973979128962 0.00000255368531882967
1	0.01860420225311288506 0.96587990680020152645 0.00525464069643405418 0.00125926657782224186 0.00196999345213452488 0.00581656292268895817 0.00121542729760526231
1	0.00688079793111047444 0.93243402877844094867 0.01448543512760969328 0.01764163907137617296 0.01246726684286542444 0.01049285878825146484 0.00559797346034550912
3	0.03955642587308833696 0.04913908389205362548 0.00096116271890171539 0.90622882202327259549 0.00287799576112580512 0.00054651716951043775 0.00068999256204774944
5	0.00871783742492882735 0.00267838105096049849 0.00873024325703841871 0.01947377699422787878 0.05087496983312797538 0.90742523156781917937 0.00209955987189781911
1	0.03163364238063488820 0.87671226163196869230 0.01358325505713895050 0.00144140347743903813 0.01482215207595563924 0.05190706739620131599 0.00990021798066161723
5	0.00018692329625599448 0.00041403285768629454 0.00004755669323912197 0.00001449660227536837 0.00000551636513793713 0.99931600953798649378 0.00001546464741853716
1	0.01958870010062590053 0.74106414152242849891 0.01019731181296711781 0.10091954050059140369 0.00350392144418798903 0.12049336184228574831 0.00423302277691339768
0	0.96905669494048551904 0.00982487570594202560 0.00185603373425714271 0.00498787748316281438 0.00297568926284945889 0.00465609715978357493 0.00664273171351952973
2	0.00083784369985643637 0.00322501105727364228 0.97915510287055318450 0.00208501350796232729 0.00422259218664978661 0.00263941823152398503 0.00783501844618140521
3	0.00833763508673040186 0.07391639328123554564 0.00171253512846807738 0.90518424679389808407 0.00183763413129526946 0.00722440535673995674 0.00178715022163340709
1	0.04042638271535083094 0.82429071953544452711 0.03595879923184666649 0.04720087777716321098 0.00166455782957794876 0.03782156182078513090 0.01263710108983141095
1	0.00570885339241947263 0.95980576351109381239 0.01101107809608142807 0.00244426495671150844 0.00573244691170346661 0.00352034254981557163 0.01177725058217416951
1	0.00052318818487736229 0.99303498160804504202 0.00048349695799338328 0.00343360972479090894 0.00117217856251655640 0.00109307310743658910 0.00025947185434043737
0	0.73788974712757871011 0.03978125434319665366 0.00184186451883670702 0.02908700523885445616 0.05484793295032598659 0.00268741564827288228 0.13386478017293435006
1	0.08908958657430704475 0.68264281608485732900 0.03203660537706393835 0.01672615510136963440 0.01695206775569804356 0.13240526023029550173 0.03014750887640814739
4	0.00039500719455936987 0.01192978005417249382 0.01857275244081572560 0.03080020799517173627 0.92178316234185264655 0.00990432372909311881 0.00661476624433452159
6	0.00022301714921713485 0.01419648100760684088 0.00090396420675795239 0.00361206216824326576 0.06849045941445544572 0.00086466189158116607 0.91170935416213805258
1	0.17569610447026712263 0.51468439594321591102 0.11161974735514337831 0.13506946247166107256 0.02436060112133304686 0.01936181140135483786 0.01920787723702448851
5	0.00258990718615880345 0.00201923475192182121 0.00038567444903328204 0.00006234041169009704 0.00024332716283207673 0.99444005139987057262 0.00025946463849298032
4	0.03245954942083072864 0.11552166915869938046 0.02809384395668400314 0.02822703075349731333 0.72956624176762707723 0.02038350095864841297 0.04574816398401276851
3	0.01381123629870077349 0.02945576734224868848 0.00273041310546518140 0.94302553750527451371 0.00562468054072138082 0.00268404461128464791 0.00266832059630486276
3	0.00263291577431626301 0.02021630843545949366 0.00044209763746645865 0.97520518105614351079 0.00012793802322371914 0.00024477994482525995 0.00113077912856465214
0	0.99307775652679852740 0.00035469432873403990 0.00013403378853801384 0.00054350755301311874 0.00490744326273020049 0.00059318147320780315 0.00038938306697884601
3	0.00147241123528369061 0.01179849794647104023 0.00515733089529707509 0.96460936886625758824 0.00737071035611388398 0.00561682051784574091 0.00397486018273030765
1	0.00848154445118056398 0.84692396032999361921 0.00886695604203049416 0.01718439932454580640 0.10260200381713788231 0.00333375859913122383 0.01260737743598041791
1	0.00037139422643990170 0.96937371185856258116 0.00473324726433005383 0.01893835055274359358 0.00341435463116374245 0.00306432421825207505 0.00010461724850897522
1	0.03406367882609438735 0.86243437057380878397 0.00542629921793749085 0.07151474849834965619 0.01344703157833275313 0.00413351355882914193 0.00898035774664724534
3	0.01389172307566576697 0.03102164186567656426 0.01917881971709861633 0.83188847961879985871 0.03331250833012049800 0.01069523184480763132 0.06001159554783065675
0	0.90647922105339329146 0.03053810089261936589 0.02050125967287271672 0.02910159159700729734 0.00756725128201463614 0.00156162523404487124 0.00425095026804758573
0	0.89804683794449335910 0.05776316865488796692 0.00025112927226512391 0.01511090943142911515 0.02329939695668670208 0.00322415929581868150 0.00230439844441898646
3	0.01086631126301316683 0.06647574900190268699 0.03405326190998574781 0.81758138270074898202 0.02998471599082773442 0.01567983716801919086 0.02535874196550286230
4	0.04666387327640319355 0.03081592436844433902 0.01373887670773017884 0.00977428618434421706 0.82888933768614070363 0.04688287104431274055 0.02323483073262467766
0	0.90215520907253177185 0.03323130211269402501 0.00805642189333740863 0.02005555011307770183 0.00837400266367460677 0.00868725257217444792 0.01944026157251029299
3	0.00357612664919220238 0.00488797278325604420 0.00165708002665127451 0.98425791498766046494 0.00327132133806534546 0.00070528230573165343 0.00164430190944282262
1	0.00000894649688448480 0.99941311612906535977 0.00021806663264886569 0.00013706832800678944 0.00005586783509221857 0.00009451672822323154 0.00007241785008059542
6	0.01585198262346008621 0.02598078001659663225 0.00501746805579189083 0.01261452601472750311 0.01742978374120538604 0.01618557030710680508 0.90691988924111166526
1	0.00069615031876570207 0.97143923337854787281 0.00478171280929772305 0.00034164906321648914 0.00045136772295414484 0.02186120770050383605 0.00042867900671355252
5	0.01890537569417244726 0.00511557975743688869 0.03380665444827780919 0.00102116885636359183 0.00725662422584477836 0.92896648038514340051 0.00492811663276137429
4	0.00000084079361640755 0.00000156811502285474 0.00000460345916169190 0.00000027885671204898 0.99998041383315916519 0.00000165906715577463 0.00001063587516963192
6	0.00533654487293378551 0.01225139761352719847 0.00085803983852982305 0.00305055590710447740 0.04365041830252311406 0.00950128044525294126 0.92535176302012889238
2	0.00101769539216106349 0.00086448920037013744 0.98768562604107068559 0.00117460339261853401 0.00200880115121317626 0.00080316605646907043 0.00644561876609774272
1	0.00031897249348827460 0.98048461325091296192 0.00153864206913589666 0.00863684867118363550 0.00273404321120858254 0.00534208137207474280 0.00094479893199518454
2	0.00061525361855783816 0.00969332690494158732 0.97232699035054870329 0.00604861101621906143 0.00068332057696024007 0.01010421066694643273 0.00052828686582595519
1	0.01727840891972100626 0.86709076837784015979 0.00594982469470746542 0.03677045608980483021 0.02245122061357678056 0.03571413224142504922 0.01474518906292529227
6	0.00555976981065393634 0.03754254821179936474 0.00391117548738388176 0.00512091006685132157 0.00683397051363186531 0.02068645678132345622 0.92034516912835628855
6	0.04364230164599573747 0.00624817354690119110 0.04577035651757232343 0.00484759130185423871 0.00911891359851834706 0.01290248790398159685 0.87747017548517669550
1	0.00000979182873429020 0.99978574696535871258 0.00012940381608102979 0.00004381975218324752 0.00000800839018932368 0.00002036169606074049 0.00000286755139226563
2	0.00147529775361343206 0.00071628755618445138 0.98788708078498888021 0.00008008304263927046 0.00739870872794966619 0.00185423147357820380 0.00058831066104478899
1	0.00022001022560178135 0.99750424697339490354 0.00058068024204295879 0.00119779725509668641 0.00009620120784013309 0.00039669609626690659 0.00000436799975635740
2	0.00042930873182002731 0.00252320718311871851 0.98894145734890936961 0.00006929079471797007 0.00015912852015235446 0.00776180006864561189 0.00011580735263628744
3	0.04668203410927383723 0.02008401498845192867 0.00844984258214757575 0.86128917515139091776 0.03997306805511874339 0.01590992151330905199 0.00761194360030800852
3	0.00363080846774356579 0.00246322389427965733 0.00153976464518586990 0.98661651463911936855 0.00310782158214235188 0.00175028122160274377 0.00089158554992551471
3	0.02036163394097973908 0.02520633898109540805 0.01748833702923547478 0.92726094886136978257 0.00377338495651707503 0.00241611239510458251 0.00349324383569815265
3	0.01879055956788528228 0.05095367720123888250 0.02529499411653994556 0.88164108113397776645 0.00904460666601160368 0.00543734321563460552 0.00883773809871171885
1	0.00112725618279719978 0.98693575131922584021 0.00083714524321559455 0.00022213942156435606 0.00975379607398571026 0.00088122043365877387 0.00024269132555262290
6	0.05170696426781747762 0.02462213483828717617 0.00287742981980787602 0.05268202464368346161 0.00690814111472314203 0.00898994929364825036 0.85221335602203263093
1	0.02516556789309002881 0.69703646404930319491 0.02882518629733161683 0.17838474355477110245 0.03257247944877134788 0.01812084537756512154 0.01989471337916809066
0	0.61108602614127327524 0.15468926113815392731 0.00892863139280060565 0.18369671041664306643 0.02783687372378012767 0.00782928269656647802 0.00593321449078250754
5	0.02360489443083254105 0.02079310779896674857 0.00473749573461049525 0.03155209712581960591 0.00078924254212947369 0.91680696989968490929 0.00171619246795609820
1	0.12213114677461939239 0.80001220119015403753 0.00637700554241500336 0.03813791703826693857 0.00785163423434510205 0.01787542567176642061 0.00761466954843339084
0	0.85611708579087075766 0.01707186896372490242 0.03127061484361266103 0.03696633566010491118 0.04909693124388019025 0.00473382680402022801 0.00474333669378628007
1	0.14396522369478778614 0.60770892682031574239 0.06205825579832422584 0.04668508256499234038 0.07720292930348537919 0.03272227200798370067 0.02965730981011073172
2	0.00368922924773029551 0.02133089667034458736 0.94146637416325673620 0.00554874092980982281 0.01023253385626382399 0.01527432200269354320 0.00245790312990066574
1	0.00207945074207919718 0.97529347338258842726 0.00651319790833692746 0.01147081058338863570 0.00056063461648658472 0.00267122614908219458 0.00141120661803754012
0	0.81081199781084023481 0.01702545493098606491 0.09568278397422533277 0.00600890520088265961 0.05838981351869869385 0.00343859104970916946 0.00864245351465808137
1	0.00398872338978050345 0.97318467828506571848 0.00621840323132680922 0.00450180268313864554 0.00031313752060101857 0.01041998989183472168 0.00137326499825222341
1	0.03843631479822587349 0.94839942417315437062 0.00335979483193348666 0.00066147073940919484 0.00736911916421824006 0.00022571732623531378 0.00154815896682359666
5	0.00252147110270562998 0.02348092928054244105 0.00020243547010677902 0.03117670731348332058 0.00187332460464603831 0.93998012117321505521 0.00076501105530080540
4	0.00314915210945754254 0.00053163306152963447 0.00195221708645872561 0.00197006682695160433 0.98447666929211030684 0.00558320428003896904 0.00233705734345321901
0	0.81425752544367702157 0.06538294569902559916 0.02457537636727459215 0.02231896370152291684 0.05059804991521345968 0.01245545949308424910 0.01041167938020227772
1	0.07747347768790988076 0.54180253340822270847 0.06092840439243841361 0.15692277312745153695 0.08391050239936155564 0.04256447353698931263 0.03639783544762684869
3	0.09507431916645588121 0.14820287810462123845 0.02534723749554100916 0.67754331662168465478 0.04300684792468277562 0.00215755766624562730 0.00866784302076871634
0	0.96450691456593384832 0.01033351580120490769 0.00331658979854820802 0.00128310079761013171 0.00522223116206476691 0.01214514164858769736 0.00319250622605054147
2	0.00126529694289341174 0.00544283772694071927 0.98503460991981495187 0.00199810256653559781 0.00238035857767662437 0.00208289682459323559 0.00179589744154471688
1	0.00008832744821751644 0.99940227243091117604 0.00006233682827794593 0.00022544167207076479 0.00004119110685148779 0.00009455886673761528 0.00008587164693423942
2	0.00001155352669925925 0.00027232438581340526 0.99620463776007672774 0.00001441697318543968 0.00049001280824085918 0.00295748910056469394 0.00004956544541799078
2	0.00016741937704599770 0.00029622945378819193 0.99050158415568978487 0.00123648158908746609 0.00015679195197664905 0.00708250483611194519 0.00055898863630071574
0	0.90230035412551179430 0.00723613550329449493 0.02505593087987145404 0.02130171381059557320 0.02310025468886922270 0.00276172603633481270 0.01824388495552267328
1	0.00056636042734694550 0.98428477106031053712 0.00095420833538770601 0.00932117422623128175 0.00157644053533648708 0.00287361021469942487 0.00042343520068772919
6	0.09331627202747494465 0.00045985480184055884 0.00181335955796349080 0.00230429944406809100 0.04899666149207617533 0.00049611173962239657 0.85261344093695456969
3	0.01122066091023278707 0.00194534534792472290 0.02316844165197707098 0.96078580054060769289 0.00130208698556644165 0.00100670553781028404 0.00057095902588244225
5	0.01121669360254198833 0.00503003298442802373 0.01315556242051563011 0.00046174977710692163 0.00483838362247240601 0.96477368327600876441 0.00052389431692605680
2	0.07985064324512823608 0.03204019946604191871 0.81711980695512209660 0.01273903383885331871 0.03439063481283376189 0.01520552439150689265 0.00865415729051391240
