5	0.15984948444550034496 0.02385180563397871698 0.00087554730012386452 0.01320565778710603572 0.03401144917746620061 0.76150728700140235539 0.00669876865442249701
1	0.03443355741469265874 0.90054725934137735965 0.01019694467421959107 0.01170559274050683718 0.01069807011208112092 0.02451483764047985778 0.00790373807664268221
3	0.00012883452255255294 0.00021951911287268420 0.00066093639401068897 0.99845500347876958713 0.00003325180365267996 0.00007698188922687138 0.00042547279891469220
3	0.00533417187987509332 0.01703906596505615212 0.01537428244111230420 0.94701253791012474093 0.00916808668840925038 0.00164986396390649922 0.00442199115151615477
1	0.01816738131275899212 0.87181753710952736292 0.01887634215006857297 0.02520585039406623984 0.05877202685766594326 0.00297602615800607664 0.00418483601790713491
2	0.00815855096551822666 0.01862541640201307094 0.91746556235281984115 0.03855144389687587686 0.00921527843649914448 0.00515597075005369727 0.00282777719622002294
1	0.00134760282183422940 0.98487277575383136430 0.00661903202773594067 0.00538977956128659699 0.00044745730052764580 0.00104494562683120243 0.00027840690795240188
6	0.06990105083844551370 0.03876264803353381139 0.00760324629668148507 0.01708943019227902871 0.02222777122326999658 0.00197039094340725057 0.84244546247238294434
0	0.97250834401811803165 0.00147039146654211542 0.00160238809143399487 0.00139562405207405041 0.01672496407978875735 0.00050842168303367097 0.00578986660900931895
6	0.03174889146699359094 0.00149377097302154089 0.00139863931189473218 0.00269587381672755505 0.00403571026724258881 0.00115369115439289136 0.95747342300972737572
1	0.00671126595050927730 0.96199503671338004729 0.01017599867341237654 0.00047951515851629007 0.00109934369777021251 0.01787634833746314100 0.00166249146894780929
5	0.00139682194270904420 0.12562277866659909975 0.03102871065436586806 0.00064194479016038729 0.06977531924150759401 0.77008071377419506920 0.00145371093046327499
2	0.04022096051098209696 0.03493081020444623735 0.87981159423523636054 0.01310329047032319193 0.02800162689030648300 0.00100939420756100424 0.00292232348114491612
1	0.05774017796821658693 0.77048523516978173475 0.02232901692825990311 0.13195173353164760255 0.01535052129112773889 0.00070893573161407038 0.00143437937935291058
2	0.00153782732331892661 0.16849634697694296226 0.82297224191622420086 0.00084412049869360395 0.00036637518996847802 0.00460412598605870142 0.00117896210879217707
1	0.00487926618645015322 0.77018511394873645504 0.18024591352996804927 0.02617049907452877536 0.00209019989283274355 0.01395715017041967120 0.00247185719706360810
5	0.14489857833627003969 0.02273128503518722851 0.01123972342629401579 0.00127269113274005837 0.02044105449990788609 0.79213811165672542991 0.00727855591287527789
0	0.57114557212221050975 0.12526184091952208277 0.04099874920339239420 0.03417895654606739608 0.05151146596869443650 0.08919556896535425772 0.08770784627475886053
2	0.00455665850098388274 0.00101425530751467967 0.96062816245230586709 0.00002203207702252201 0.01110579294147807754 0.00679705758106926780 0.01587604113962502381
2	0.00000121902749074327 0.00000023149520484976 0.99998811941991050389 0.00000016415827607516 0.00000103172681625380 0.00000863904630361537 0.00000059512599965209
1	0.00020498678041516703 0.98498354639653806775 0.00921652510911617068 0.00238378939708066727 0.00070558640501350723 0.00089273737709640684 0.00161282853474022537
4	0.06172281366747338349 0.03058884922027196168 0.00120862465515005394 0.01239097487985112850 0.86324183155251099642 0.01796621376856318703 0.01288069225617907536
1	0.00000045574616246203 0.99982896239019092288 0.00000569265590553628 0.00002458677429994205 0.00000981405441894795 0.00002760551998495592 0.00010288285903515122
4	0.00306824853853986026 0.01890966291908593999 0.01731883226310906160 0.01366423928707347600 0.92026144896506234527 0.02086113398821278636 0.00591643403891673175
4	0.00064044412105470272 0.00042140910898847962 0.00018511301914118849 0.00095500965283247443 0.99627827601103136068 0.00043147235916686890 0.00108827572778463213
2	0.00013986984313001406 0.00008404917638101940 0.99849650756494889858 0.00001470524128443697 0.00005526780799025584 0.00119104395146170015 0.00001855641480613684
2	0.00106622118688696707 0.00160943156489642297 0.97026032628851210937 0.00053402783808549495 0.00083969007276126211 0.02514111057475550137 0.00054919247410266262
1	0.04999843983180825985 0.71065935532678747855 0.05742440482091375198 0.10616208666203773292 0.03373128963229946736 0.02658096533657266711 0.01544345838958115225
1	0.00091571694097696747 0.51205611699072028919 0.45208178681848215641 0.01256831086824573666 0.00089797325242760339 0.01429127268111765776 0.00718882244802925962
2	0.01237488335208279840 0.03321056301991472115 0.94683778795875250811 0.00169346956568796128 0.00294817440148639623 0.00081245982595740281 0.00212266187611865080
1	0.00001852827411759766 0.98544528157124000600 0.01120998431319880119 0.00185447212582374858 0.00015465461394250193 0.00083296885399760929 0.00048411024767883875
2	0.00809737223904153335 0.00654463811795283866 0.96927957364870120927 0.00086873022922199269 0.00970573795276945088 0.00179466128457535451 0.00370928652773684512
4	0.02265654532328043730 0.04141108308691573286 0.03177270702019447529 0.02240597754429739241 0.84048390643350445739 0.00775335039052076676 0.03351643020128693140
1	0.00078628496145650485 0.97359789813058472685 0.00209349562755576767 0.00101932228969697715 0.00007786443441606066 0.02218497324585059008 0.00024016131043896617
0	0.59757700732004193078 0.06913851862674104398 0.03134781111542318116 0.01541484024745030414 0.23860152691373687217 0.00241708233828844985 0.04550321343831814636
4	0.00003431676135891409 0.00016956777389330304 0.00028906706089279168 0.00002509628282031519 0.99879914249994383724 0.00062127667235668674 0.00006153294873448142
1	0.04954075380502661469 0.75392463218661320834 0.09072613348729539895 0.06105434787668893859 0.02538455073014637270 0.00567505039474732950 0.01369453151948210080
1	0.00073034510504484714 0.97170689679754174151 0.00534822394361826863 0.00370858200946560732 0.01583949500986778919 0.00217184818497921607 0.00049460894948272281
1	0.13970768303702688073 0.29310372084105629220 0.06657237009865278610 0.18738039610916579214 0.23801827134261108188 0.02751231863465414956 0.04770523993683303821
2	0.00007931524690115755 0.00004559470518848198 0.99743468515394906326 0.00014938879775801720 0.00110816235443243305 0.00104472924026902374 0.00013812450150172667
1	0.00309095130808143426 0.98069540477342709295 0.00101217720463085432 0.01058907225733407391 0.00065865104923248951 0.00369138961215381483 0.00026235379514025518
0	0.96633504946099058053 0.00786772877246226694 0.00142222382516088539 0.00132641441681757887 0.00351482659550321746 0.00058023895281481420 0.01895351797625062854
3	0.00400463803036036920 0.01800620911636411151 0.00056264133526528408 0.94424439493071576912 0.02537654524807711129 0.00044130970126008079 0.00736426163795605559
2	0.00000929386417903699 0.01223726379139215316 0.98466621244530061485 0.00009834379982351227 0.00002725596312671583 0.00285313404250220250 0.00010849609367542065
2	0.05090578890669510831 0.01799132264844063508 0.90394400532731045139 0.00876208524155781647 0.00802492610841688825 0.00518267379341825780 0.00518919797416056167
1	0.14228516597425661105 0.80932374493746928046 0.01022559099224022543 0.00222237206003998277 0.02271693534773143452 0.00322785115845328902 0.00999833952980927650
1	0.07765451133804490702 0.73536536120628448465 0.00455581014422433948 0.13880214965835679930 0.00633802479291106519 0.03104523464924305309 0.00623890821093524197
2	0.00107327563749226780 0.03454396745839975746 0.94929095671365237852 0.00245671036794712500 0.01149648658461359212 0.00038445556051843263 0.00075414767737659073
2	0.01253235285901793672 0.14544939200682416303 0.78759573132066762469 0.02922083385006044379 0.00219086429167852838 0.01603299071180473018 0.00697783495994657756
1	0.03016912506939980684 0.92167324947105766508 0.01039315797738490227 0.02237353495882600865 0.00700250009240685478 0.00467067493475952639 0.00371775749616527415
2	0.00058545031506894419 0.00062496226665926244 0.99632757033109120570 0.00070832561635513110 0.00083134457374993670 0.00030921170837849409 0.00061313518869651068
4	0.00013066126893357974 0.00024296801732575577 0.00007870430992665012 0.00295361752638403181 0.99626709141522784563 0.00014612873240598922 0.00018082872979840873
6	0.07429447844970746284 0.00523640199574574444 0.01437063512237596492 0.00067607130899542765 0.01568355163675686642 0.00847913149977142823 0.88125972998664714453
1	0.06405073726238762200 0.55788111883932212098 0.00474905674319244658 0.31845103368988453285 0.04455832179868415843 0.00550593883890284491 0.00480379282762663073
1	0.00084538487270513366 0.97508114209610641243 0.00958596898926567485 0.00716653474507898593 0.00255404508717432029 0.00464242816088937874 0.00012449604878018113
2	0.03384642003323611037 0.01020211627818193301 0.92932707576411610617 0.00437814124964912982 0.00243360042809835034 0.01077037835698875859 0.00904226788972983635
6	0.07470469120051179135 0.01920504165204519470 0.02786296332891691901 0.00195827932180486471 0.00536659137786012902 0.00429444239133996205 0.86660799072752137118
0	0.94146497075891100170 0.01807522827695398626 0.00073243185990804567 0.00969976778829893804 0.00679348842058624842 0.00639105203469608318 0.01684306086064578378
3	0.00748242494599524362 0.00036360491079029356 0.00008143998215740340 0.99134984164091621839 0.00010324991395623395 0.00022778843971799407 0.00039165016646636273
6	0.00701044237590646609 0.05538437351053246416 0.02947075565811541065 0.01994962603035597623 0.02074249342231428497 0.00873903811932500406 0.85870327088345022037
3	0.00150825296696964267 0.06372891060574450983 0.00166819508719115049 0.93141066119221949116 0.00054145025887966311 0.00079987518094971422 0.00034265470804624340
6	0.01550811225445307591 0.00178888848889767688 0.00261568047229710464 0.00189844809528918459 0.00165946009460223986 0.00352988977734942878 0.97299952081711105212
1	0.00515655087108362036 0.86316626486437897370 0.00827365583488890929 0.08970411386136352416 0.01672034805915459388 0.01025328986869031463 0.00672577664044095563
1	0.00128953660352422970 0.98922644878158205728 0.00314244569551909653 0.00310474672307362465 0.00122913727158310403 0.00135620101208120628 0.00065148391263701447
2	0.00085815559776437932 0.15381051014010171940 0.83787611189456512317 0.00050762350203801415 0.00201173474425797366 0.00283034147894267946 0.00210552264233016201
4	0.08096719725730512629 0.03365429134867452265 0.00711446629883178382 0.03891304119009928592 0.78829440856691146422 0.03048247198970621338 0.02057412334847159158
2	0.16218945299344708633 0.17744394607931451846 0.41317616060447637238 0.02629178332276146599 0.08430480751494992542 0.07023456111947909419 0.06635928836557146437
4	0.28221509561289748191 0.00254574297266978123 0.00176999423902083849 0.00087214648794556044 0.69657142160479090798 0.00847317287173171563 0.00755242621094354312
3	0.00170382281571931872 0.00016685400087612185 0.00003139509495628780 0.99755781067453619393 0.00007473809492886471 0.00001803136462428004 0.00044734795435936639
0	0.90813213530768632786 0.00980013304180159944 0.00103656744168395391 0.00136615899951350291 0.04366477670763851265 0.00090034780767740761 0.03509988069399870569
2	0.01952343948953238345 0.00949982134190954612 0.80892707519631967816 0.00286545071211177955 0.03019611122163369174 0.10443297580457587548 0.02455512623391665691
2	0.00083164910765465673 0.00032788891540700104 0.99851493077867436998 0.00001323247522463004 0.00002203581724390728 0.00005717603044154721 0.00023308687535488585
2	0.00258022667114491061 0.06152904172854170572 0.92026319089611352542 0.00023540768576367659 0.00278621667038981505 0.01160942720210608736 0.00099648914594009826
3	0.04325403276898206334 0.05176360804779895491 0.00366633884918008378 0.84081685910057768485 0.05869215719685225152 0.00085039568974198986 0.00095660834686689628
1	0.00007857104103544744 0.99890156537671326298 0.00038637744482841811 0.00058654756515119915 0.00001798357245283375 0.00002032342577130004 0.00000863157404645618
1	0.00334295582468101173 0.98884964853576784449 0.00112066664881654019 0.00369521948396954718 0.00131317792693863068 0.00059509812509346810 0.00108323345473253165
1	0.02913164220406844890 0.95095973870713401688 0.00780175670550907821 0.00130717801233255532 0.00865292365106045888 0.00126102802195234053 0.00088573269794322911
1	0.01522682514092778792 0.97786390296022884794 0.00125482076592766138 0.00467312611771197612 0.00061465004676918239 0.00011311333921187591 0.00025356162922319494
4	0.00644442799475484530 0.01797564809648550394 0.07699466464143236988 0.01196723557890418815 0.86306840753741564942 0.01038663897422790507 0.01316297717677956079
3	0.02962048932107931923 0.03016760350332088961 0.00551845308271929971 0.92920065521965122812 0.00267027341883997651 0.00026230622778483236 0.00256021922660466675
2	0.03601423751274808460 0.05284430532514901996 0.78570802228943004142 0.01025400853479582070 0.08880845571449040576 0.00319262458076085848 0.02317834604262595383
2	0.00019041264714160538 0.00013933994618962875 0.99554383877384233781 0.00047284880026793964 0.00021282128610335607 0.00326419900954453114 0.00017653953690835547
1	0.00032766609894717186 0.98696635272633903568 0.00442677352341317235 0.00652393250586788716 0.00005032262576653989 0.00130920826522591856 0.00039574425444088650
2	0.00025777819989142021 0.00002596590445728629 0.99851366137770503073 0.00003225755431641974 0.00062900572633240164 0.00039571639067495620 0.00014561484662361146
0	0.91721033930651296728 0.03645135537289127120 0.00299643797365836510 0.01601248660064194876 0.00798671149217633318 0.01551167611097595961 0.00383099314314308851
3	0.00451147504381323779 0.01068743588681680436 0.00102796305330226734 0.98202150439641888724 0.00077880827666115544 0.00009327939570098333 0.00087953394728723308
1	0.04608213827980690153 0.81396083181692246988 0.01673069669313110436 0.03481964031666918979 0.05124175438761843782 0.01489302126249696101 0.02227191724335478296
4	0.00131943245482466116 0.00193965535867243375 0.00202125328774546177 0.01717709942528418063 0.97502279697591376362 0.00085622594928488514 0.00166353654827518758
3	0.00975937652528896180 0.10366470959963375309 0.00555648084050961149 0.82790406116110037971 0.03203601174966859422 0.00543884277562966308 0.01564051734816900713
0	0.61472365764170422420 0.07565190280546650603 0.06907502825678150937 0.02605622224632220610 0.08806505351620348698 0.03976157380646706124 0.08666656172705491934
0	0.93396670927765135239 0.01453759534826913613 0.03812055621362211988 0.00727959517153364735 0.00145684051120310268 0.00028822588482082769 0.00435047759290001310
5	0.00250761783314358035 0.07460384861099041143 0.02857447197431580571 0.01536555324007788520 0.00823576248860441625 0.84703194166820250377 0.02368080418466573731
5	0.02038245880961120707 0.06059264225505495843 0.05131137279181579441 0.02798396387659272261 0.06391151898405175724 0.76848792191380077554 0.00733012136907264245
0	0.96846089744135066546 0.00542009364178589349 0.00186106687733925960 0.00044308740633797330 0.00889908116747716200 0.00310068061603259752 0.01181509284967650203
5	0.01092866830124861362 0.04059111753963861452 0.00010157847262216696 0.00084046163371736041 0.00071627666820910964 0.94627516462569061240 0.00054673275887321250
6	0.04273869347809695213 0.00798882237060328897 0.02117035086186986811 0.00706798995498526556 0.00606441122300920964 0.00422536036325534686 0.91074437174818001495
1	0.02581651214134564679 0.92402787002800657046 0.02320845442797974875 0.00522860959149448572 0.00477342885147096722 0.00355214540755849264 0.01339297955214365822
3	0.00403435744120782171 0.03853088035571646669 0.00191267700894725916 0.94849394022040667274 0.00418042133393912822 0.00143309420217814032 0.00141462943760405470
0	0.96679441115986908262 0.01329325550719153218 0.00300676587788399619 0.00519574548029765743 0.00330275416131797219 0.00453517605066263308 0.00387189176277713456
0	0.83015898839232260542 0.02703782220246655349 0.00149580797277680620 0.06532743525922365957 0.02650642827189163275 0.03127563936342338258 0.01819787853789536780
0	0.82912961033342447159 0.00358805017049043488 0.02586365457079923408 0.00445500694508681877 0.01371313398166834098 0.01601117993457509478 0.10723936406395562226
6	0.05868030620949281351 0.02303286019108122945 0.13832779600974243195 0.00206989377222954220 0.02349082268512970792 0.00100883797167777758 0.75338948316064646704
4	0.00002588563744753890 0.00003705335522096181 0.00010016247422984557 0.00002380735948863559 0.99947030152130411640 0.00001662986911635753 0.00032615978319398451
1	0.00406331035519207767 0.93448358272977838368 0.02931169509091433381 0.00822794173420249471 0.00902473086023638550 0.01289745913060317759 0.00199128009907352521
1	0.06701915319163948004 0.90520240515290584238 0.00037169040721833966 0.01429444939610179793 0.00780035325787337228 0.00214399789414105972 0.00316795070011958438
0	0.85631254775845977445 0.03859858455283413092 0.00404773723562485473 0.00471487515628161991 0.05490814924854439671 0.00432942920898586690 0.03708867683926937026
5	0.00210695249236312254 0.06757273772658285715 0.00745699274505221346 0.00168732561753161692 0.00461497437580727331 0.91612105623484618722 0.00043996080781700815
2	0.01342489029565111305 0.11345546160815048187 0.78682031580823141859 0.01863021737793389698 0.04425050613884046885 0.01991588100148590501 0.00350272776970602219
0	0.90814606439198808374 0.05659699163602192190 0.00245592474812550204 0.00302859134863565568 0.02377980133567850901 0.00492892856264384119 0.00106369797690659528
1	0.00495120340011270896 0.91618957399199130176 0.00235510190640272465 0.06598838465677010767 0.00043654307376059113 0.00795481836312791728 0.00212437460783403706
6	0.02192271709839873836 0.01481998761204146413 0.01870758354764662929 0.00768081849269636966 0.16120724579683493038 0.01140942303788641810 0.76425222441449547350
6	0.00756211637494398885 0.01112496244885734578 0.02133689849999890684 0.00344072360951589449 0.00441421978131366962 0.00354429376068118515 0.94857678552468871480
3	0.05149470069882992190 0.05724663788480781335 0.03228636447735271781 0.80494017488746560929 0.01165704195143639488 0.03612872596949721904 0.00624635413061006874
1	0.00265770460128479397 0.93498673454127656512 0.00911849457335259413 0.04942858597894336098 0.00127522169293100705 0.00148472165403649623 0.00104853695817718026
1	0.05140631264538537970 0.74523907592542171230 0.07463128496584982285 0.06109527086984443273 0.02962165694381842587 0.01499529644104416297 0.02301110220863625266
1	0.07307501499129977207 0.82457577172274409971 0.01927409812790453064 0.01018316056787198221 0.02994268776039328561 0.03476919657250990281 0.00818007025727702716
4	0.01166165795303738054 0.02750906559638977705 0.00292378279139490814 0.01040807714176216446 0.93114670885346828566 0.00290508848425125510 0.01344561917969679631
3	0.02207707818657276069 0.00073088523307680191 0.00026419126008128419 0.96769250092189551538 0.00070051346017946554 0.00809237559561211232 0.00044245534258230781
1	0.00022500973460680320 0.99457133165158062571 0.00185080927269078111 0.00102671810068265300 0.00075745299693635241 0.00141770312859721683 0.00015097511490660856
4	0.00019630450981874303 0.00008962069383104171 0.00004226686690763444 0.00013922081658063835 0.99845365662629737002 0.00007583000693565742 0.00100310047962682137
2	0.00601835062764832958 0.00810649852523796267 0.97549428036556595778 0.00296128630569149603 0.00321774872165631097 0.00108243768949032476 0.00311939776470982963
2	0.14193737659903610249 0.20097613766599548013 0.47292087964336593231 0.03447018775311776889 0.10399638472506432529 0.02997232066489495875 0.01572671294852533846
4	0.00503727811274852152 0.00677846501228393603 0.00600304627970213705 0.00140060388941799221 0.82257496713773392560 0.15742002882083513948 0.00078561074727778550
4	0.00402567240338979736 0.00480224768075081417 0.00353941901451432445 0.01713567066633277583 0.96684851619075073970 0.00301460923895768710 0.00063386480530363285
2	0.02230925561674617849 0.00791015479484062471 0.95898068066574182478 0.00455457310297663863 0.00093193909697359507 0.00453834983544036501 0.00077504688728027621
3	0.00413287882331016092 0.00170573988317376606 0.02396058354285520581 0.93402039435993433614 0.02912922054606166197 0.00486571141778217777 0.00218547142688250724
1	0.02512446941470998854 0.70398007901794201757 0.00092228877707196543 0.01357587432773888457 0.23423442119799112171 0.01859776405501773269 0.00356510320952809021
4	0.00035487691414516777 0.00098238977093909443 0.00019173746452291757 0.00154332064265639613 0.99641737738927926848 0.00024735631148291564 0.00026294150697411621
1	0.00009756269390624405 0.99842072467452191997 0.00117146095389347249 0.00019311945916847752 0.00000735872791944150 0.00009369433539008043 0.00001607915520161920
2	0.04392301246035251738 0.07075635620094579414 0.69200039443279381945 0.03070804214455396391 0.05503150785862472028 0.10490097457202213205 0.00267971233070686500
1	0.00720315284153213477 0.98277784171304727323 0.00029828206639523754 0.00533790044410484710 0.00090601072519248935 0.00138567266151300270 0.00209113954821542802
0	0.82693357775464504389 0.02125393825652868371 0.00689015673517433345 0.02524547583874053175 0.02883952414452495283 0.06192780963220806401 0.02890951763817836001
0	0.78782222684689018344 0.16903918476262957959 0.00178965883854944750 0.00364994763692645273 0.02778687904074705894 0.00176110360051409567 0.00815099927374331179
4	0.01894767534122493782 0.21921963329005855758 0.00722692454457335605 0.00395230942342842621 0.64310991836057751492 0.08298365143974602287 0.02455988760039104143
6	0.06371702566512675581 0.00432900684617583409 0.00429761492101598305 0.00413745547084128345 0.01010277698866789663 0.00072311200132806844 0.91269300810684406144
2	0.02620980093419093132 0.07797675417010120624 0.69361201486687618090 0.02801051330056130925 0.02962653181730644930 0.06796147025431963085 0.07660291465664460786
1	0.00292998783865577829 0.97430192461406261994 0.00896574083114299453 0.00813493871608181492 0.00295279940061297366 0.00123658496809227799 0.00147802363135079605
0	0.85857595233512029598 0.10414433531046696224 0.01523240088612496171 0.01581479596306879787 0.00216323826691697859 0.00185101943510610910 0.00221825780319593333
2	0.01710289140039240180 0.00412678329906502207 0.94811186573554750989 0.00843151627006766789 0.00450534691048004761 0.00530659552788273134 0.01241500085656502793
1	0.01522359280721342738 0.90520876733218136323 0.01173989315505826782 0.05320260112052674351 0.00927909892174909497 0.00136698736080733655 0.00397905930246458903
1	0.01182811776174763282 0.85078451757720119364 0.01999193606107760313 0.04251315816992680408 0.02064504565833427674 0.01721191688498387856 0.03702530788672820511
0	0.86834810576116128189 0.06732074385608492750 0.01266225827609140583 0.00513958820689748835 0.00886844209523732739 0.02840355064030448615 0.00925731116422294671
3	0.00512250531394394231 0.04291637551684264473 0.00110148064324351786 0.89129557813337445538 0.00051232937892527295 0.05773942251980786200 0.00131230849386167994
3	0.01755380384625693235 0.13082258990816064692 0.00300062857040184032 0.83591914562030211755 0.00299403602202313272 0.00527430035031981482 0.00443549568253583971
1	0.00354349980686711162 0.93425099279438206246 0.03416564996075462796 0.00245711557582508440 0.00045662550872107525 0.01549675694023921850 0.00962935941321091220
3	0.02305988931777583004 0.03351401863429918221 0.00174145713333860325 0.93788666545374055339 0.00107421830329653876 0.00044181506823379266 0.00228193608931523319
5	0.01982418548025147165 0.00773811430054248319 0.00522808084122891419 0.01705361431977891681 0.04348675553088501150 0.90083716762933685462 0.00583208189797652498
4	0.03987985401347414471 0.01021195588945965176 0.02684367802320838589 0.00211431659108086024 0.89748196364444776663 0.00645509954724343259 0.01701313229108572175
2	0.01952322941767952943 0.02082271546743477003 0.90317814913632177287 0.03622891258038438145 0.00996862750323687305 0.00517420710230312355 0.00510415879263945074
1	0.02353763973781958230 0.94991863336931992023 0.00440632626629315714 0.00951432960304230899 0.00257224505710275256 0.00057388753242782148 0.00947693843399410873
5	0.00348874666448921846 0.00374689618061669954 0.00144431511169312941 0.00032938686109908107 0.01210476758979742162 0.97630823350298068242 0.00257765408932383866
3	0.00441660395898801472 0.12847743768124220143 0.01754673195642006758 0.82514554532615103088 0.01254603051379562205 0.00530256350731895480 0.00656508705608464110
4	0.01515516047177100506 0.13818666089046593992 0.00669377947165224370 0.00817972644023570380 0.80041796573040546736 0.00939357372391866514 0.02197313327155091950
1	0.00985168647211201454 0.93061058851234856881 0.00278283179287654257 0.01176786727746285781 0.00196323989834605627 0.02914071023511099340 0.01388307581174190973
6	0.00697979474348990776 0.00024114339430753319 0.08247799090520568921 0.00025664989763341640 0.00061598381976745039 0.00723144489413629025 0.90219699234545935873
1	0.01209753606063642892 0.93662653540248996809 0.00327021563252564550 0.00189528134585145703 0.00878879589291201718 0.02540736846642038110 0.01191426719916364833
4	0.08044945053871913054 0.00130183035936473927 0.00067316227183412611 0.00087672014654905945 0.86733972231392275631 0.01571856306203002485 0.03364055130758011880
1	0.00103026378266493092 0.96641931384729962140 0.01323489112321054109 0.00374794842861755169 0.00100419874984372919 0.01246715753957280091 0.00209622652879070098
0	0.83361042803937557277 0.02939029839640820707 0.00273692778527727170 0.04857077398652850236 0.02080775777583959360 0.03989531578597497324 0.02498849823059572789
5	0.01183977382857763147 0.04426247069354632274 0.00149750924736456932 0.00170399406592847678 0.00188516402125402387 0.93265342586794708346 0.00615766227538264068
2	0.00519003251313704221 0.03246723835898205485 0.94727658185833418791 0.00340250222331571570 0.00439147373908601018 0.00299560836348804725 0.00427656294365681353
2	0.00011550328330834182 0.00002854006883780669 0.99914964165353170600 0.00003967423029766080 0.00017351157368075982 0.00048310639181869302 0.00001002279852376234
1	0.08324608262322619190 0.88690268140474992631 0.00505139654100927264 0.00220760851209512695 0.00423738539662604601 0.01381668326446135360 0.00453816225783232156
1	0.02955965559597350037 0.67052560352871648508 0.06635355523086512719 0.09109365354304779783 0.07272722726523783709 0.03733765291743772197 0.03240265191872107597
3	0.03894985110709125314 0.02161900985867073327 0.00093738417957532475 0.93540149259400084958 0.00236757100714884983 0.00037042286993703590 0.00035426838357598898
5	0.00364321256259557543 0.00044712580535083733 0.00367719833216250324 0.00771232424138345186 0.02341237334750530946 0.96062979734731157588 0.00047796836369061609
1	0.03529403877027065956 0.84105013185334087655 0.02950737244062733022 0.00169994783214204607 0.01105779983252529360 0.07080565709002957508 0.01058505218106407103
5	0.00170850442062987643 0.00511248588573646415 0.00056509478574753662 0.00006697110929648411 0.00002267972906751671 0.99245854046845249918 0.00006572360106975046
1	0.00878865697490813572 0.78580640537877932683 0.00620289938799268616 0.08264838124707113431 0.00081063096041112087 0.11411880705272782477 0.00162421899810943145
0	0.88355107948090338965 0.04365632492153284638 0.00965308059710888976 0.02149103064374398991 0.00950736767204529536 0.01502337126744629839 0.01711774541721926973
2	0.00298854392903311061 0.02025050043131025601 0.91221958051376128562 0.00863523392418391253 0.01795613910806442837 0.00506272991564401999 0.03288727217800321151
3	0.02031310473225345428 0.07417522088126846103 0.00462514226391266912 0.88447496098943012566 0.00281376861259349277 0.01089348609927572042 0.00270431642126603552
1	0.02141012105673957555 0.85467249308464898760 0.01608975971213034636 0.05596010165668986736 0.00119277790890684682 0.04206843739199835758 0.00860630918888563405
1	0.00649525481842760585 0.96256119350190205708 0.01284425894087293935 0.00127004579052007976 0.00298862897105632011 0.00167539191596268919 0.01216522606125710650
1	0.00133727285070508041 0.98750884973769326169 0.00111268833851982710 0.00537881551635603465 0.00144805801903346372 0.00219989913604405531 0.00101441640164800454
0	0.74382060554594564561 0.02735085346736006520 0.00145962634657841039 0.03791607214774257023 0.06698333331723650697 0.00080910539068005435 0.12166040378445690251
1	0.08019043592206920312 0.72242525384611810946 0.01193408449631889502 0.00524611879548373631 0.01437281765830460828 0.15192447441660283936 0.01390681486510215309
4	0.00152547330192264840 0.01973715223812567629 0.09411632779966705442 0.06215550160187185286 0.80190789618213131895 0.01287664692766326072 0.00768100194861809100
6	0.00068246017965409452 0.03216647071530635144 0.00250810488690691828 0.00797321450933387126 0.12039738546439421318 0.00207042941844918843 0.83420193482595506040
1	0.17422317947246393488 0.51651988007727889229 0.13802084436641701148 0.10450390339998857914 0.03131671420582510246 0.02176500871443471860 0.01365046976359156165
5	0.00457203189115681224 0.00564359652421747657 0.00203106885988411359 0.00023156189134579660 0.00057477463390087494 0.98648641909546652684 0.00046054710402849779
4	0.03384097543889963422 0.08761395721967769890 0.03936184586464897689 0.03212552180534785501 0.72943088890743001951 0.01831846709366267978 0.05930834367033268467
3	0.01153616151092328075 0.01392293593802176183 0.00083958880853421565 0.96572237502754676441 0.00398607253296408195 0.00228769104476191738 0.00170517513724873057
3	0.01491522954315810390 0.05613296501861101545 0.00221554714541376306 0.92140609973636433683 0.00059399239695618114 0.00052682905914910687 0.00420933710034781909
0	0.99800125950129203733 0.00006254071153556053 0.00004807392457101386 0.00030941962919818500 0.00126717458960555083 0.00017944064162216290 0.00013209100217532254
3	0.00432102743354292537 0.03661642643319562573 0.03113834675954322423 0.87657436436951896574 0.02328159176073211697 0.01771262829232254227 0.01035561495114490846
1	0.00333924720446797342 0.81401696015782554205 0.00458917311886327620 0.02003942142730672990 0.14391456120343862346 0.00358048363803619004 0.01052015325006185748
1	0.00089977411447334931 0.89486179687828792950 0.00705512679344209685 0.07933842162750251448 0.01134883980539273460 0.00619985967213032216 0.00029618110877216100
1	0.06238009124367309421 0.83888913016049748705 0.01227928929562234657 0.06999160746927081400 0.00514420993844355839 0.00292446544851827960 0.00839120644397459148
3	0.01521516275818381864 0.03261755145430644820 0.00965178569413767569 0.82807539122974715973 0.03560402098824912154 0.00835915658977600187 0.07047693128559943954
0	0.93024432772699439109 0.03881003664689351013 0.01026583893597726553 0.00997621010316995967 0.00640587950291741145 0.00105301912327541232 0.00324468796077194161
0	0.76021388441070170128 0.14427129433838709049 0.00161622177284341246 0.03599257661812185760 0.05042035378204534624 0.00434708459078321768 0.00313858448711738704
3	0.00999763246423755574 0.05644591299425998077 0.04051477488695128665 0.82341460063187466023 0.02977619433985484107 0.01414949066858576208 0.02570139401423533754
4	0.05347343107008071389 0.03363708753788881289 0.02402438064953945490 0.00822530391325936028 0.84774021600310456304 0.00920251969393836959 0.02369706113218869245
0	0.95934642605543118954 0.01324193412808981167 0.00711286776210984586 0.00293635095907357696 0.00280563993366927684 0.00703925799115842545 0.00751752317046770323
3	0.00839521153098708728 0.03972408370449453940 0.01189451782845971431 0.90587382491593071432 0.02423899685398239398 0.00372419767365800248 0.00614916749248755647
1	0.00009579262418496761 0.99278516117817894315 0.00405407014086269120 0.00078736960770002008 0.00045506464660366057 0.00086232805598702707 0.00096021374648426320
6	0.02540656832443067420 0.06894446115826520505 0.01497697333629071162 0.02256298730932742788 0.02003594789444578667 0.03500900557894277149 0.81306405639829748555
1	0.00084274709052212324 0.94443135067118344494 0.00659277987854492084 0.00067724814772891144 0.00066412139568244064 0.04600287184976269150 0.00078888096657433234
5	0.03092669457655664728 0.00552448600707111312 0.08918711928999002725 0.00197533929303704385 0.02288977906772389145 0.84050002314340710452 0.00899655862221447264
4	0.00000168929665096118 0.00001055309062045622 0.00000273424039195399 0.00000029012040627545 0.99997290055737098058 0.00000350976468482906 0.00000832292987431373
6	0.01183986651332825935 0.01611231976717769979 0.00101388904540085801 0.00316950496880580475 0.00732019831866265788 0.01081507299233199111 0.94972914839429278810
2	0.00321448760288978175 0.00496203687673684585 0.95665740071418081669 0.00576621693365388967 0.00268327637246619727 0.00168907796967059315 0.02502750353040193720
1	0.00007754702065236611 0.98513831680022923010 0.00127370490443841095 0.00689671311774563752 0.00230886935286856452 0.00381609050182372869 0.00048875830224184033
2	0.00023056910806103361 0.00498979894569545439 0.98558997847890228439 0.00494962278218699647 0.00021301078216736435 0.00389199935107122823 0.00013502055191553185
1	0.01735940181563355028 0.91462812328332887546 0.00298023716376066622 0.02074874577860749691 0.01576657458985534360 0.02042700202776421420 0.00808991534105075148
6	0.01316434171018946754 0.04870083750534078687 0.01582292656345672677 0.00794031655040591290 0.00251362852843369520 0.02625078882419558390 0.88560716031797792613
6	0.03461664650490983014 0.02263091053625988086 0.06830813053009868185 0.00261785497312932427 0.00763420150637426128 0.01208377013160689614 0.85210848581762133058
1	0.00007413844872484571 0.99914003588069977280 0.00049140030688320311 0.00011444595331700137 0.00002625041244617016 0.00013316157713475811 0.00002056742079525326
2	0.00026083421144470321 0.00006391796392971292 0.99861203596015102324 0.00000771037746262209 0.00070651511504823440 0.00025851636894718512 0.00009047000301802712
1	0.00167035780972478085 0.98994347081130373844 0.00230652548425893831 0.00424464862806241995 0.00033374014376740484 0.00146142630844812798 0.00003983081443481868
2	0.00015758390992576325 0.00010880549958659933 0.99570240481897021034 0.00001110764198570650 0.00002861151364722492 0.00395669638356527676 0.00003479023231900276
3	0.05810262926310685166 0.01386912742140690262 0.00539321271477833514 0.86916345778212178441 0.03944773262238338712 0.01041648266317819066 0.00360735753302450762
3	0.00270315721515485994 0.00282103879816981724 0.00075162194225669482 0.99004705080052057831 0.00168308612519500289 0.00139090777798927135 0.00060313734071390415
3	0.08447853819529173303 0.16462801895618051073 0.08760680731032927104 0.60572184008661644761 0.02982254421767376387 0.01230532865265210676 0.01543692258125648961
3	0.05085223037963586268 0.20277287727548645724 0.08108324145136576455 0.55621306047910668013 0.05400706448561335554 0.01956267366071256023 0.03550885226807926065
1	0.00672202467049302053 0.95363097811346764221 0.00307880116285242983 0.00081777489702248500 0.03300044221315340948 0.00160008881785302201 0.00114989012515949148
6	0.05126702505698671475 0.02421574345993702734 0.00222580279348720544 0.05841185989004327173 0.00787047031048712133 0.00604761997974217775 0.84996147850931647039
1	0.06143972508094114326 0.38933807430943634387 0.08921779501472125451 0.24849865182622010717 0.10053570168936086515 0.04156975853611398486 0.06940029354320585708
0	0.60176642384786993567 0.26205700016118677054 0.01200072171294847001 0.02850824842115955160 0.07458714743094820021 0.01311416984424807787 0.00796628858163892818
5	0.03272596028991914957 0.01806636441467075402 0.00378392399000955721 0.01735529435371543222 0.00035025634516819038 0.92649444461735608325 0.00122375598916050436
1	0.13127410256044774739 0.79568172342202470038 0.00417532654792692175 0.03665690620430185620 0.00784032337299994317 0.01800974203699427442 0.00636187585530413342
0	0.89720639999715401380 0.02103972570731829639 0.01895320535495943759 0.01581075251152096878 0.04209824781228566765 0.00219811215619633137 0.00269355646056524322
1	0.02533586529521179853 0.63565052963965162913 0.11088625363802662172 0.09553168477262750924 0.07347068227232365911 0.04139538361798908439 0.01772960076416982278
2	0.01412963342073531373 0.13036860298898864108 0.72028483581960800475 0.03928619403672337779 0.04380542002323750683 0.03837771181278539639 0.01374760189792240822
1	0.00060088706479799415 0.99075091264364234522 0.00209587332337056453 0.00516625276488276875 0.00016570186121397180 0.00079194079940521497 0.00042843154268744083
0	0.80783163585529127459 0.00440795526788025430 0.13672194463504108719 0.00304129446466987197 0.04189820040907021176 0.00210500818250231340 0.00399396118554471834
1	0.00152425686397856044 0.98983808454557409284 0.00224092670378696910 0.00132172834898061685 0.00009195448847557471 0.00453980902733067213 0.00044324002187318400
1	0.10842154494808234344 0.84890270135881218394 0.01277671137162221179 0.00207669986629304163 0.02166206158180761232 0.00050032984938454240 0.00565995102399821128
5	0.00112542038305495497 0.01915164148414764955 0.00061112067629215709 0.05398770513522724995 0.00204979889922900617 0.92263821431161829878 0.00043609911042992428
4	0.01822314700494764156 0.00292489782592678235 0.01570420025867204708 0.00887470080951165141 0.93629986882374693913 0.01089070100661328200 0.00708248427058195615
0	0.87572586922308148782 0.02726781374979097769 0.02763902667880669198 0.01181787521710230687 0.03848089405037508071 0.00974312707320284729 0.00932539400764048447
1	0.08023691729253007443 0.51946323372264302520 0.06912864905290677653 0.17591324049031659138 0.08971830483607923235 0.03161673094327307337 0.03392292366225078265
3	0.07424798565918949711 0.13497313064709684505 0.02323654355832884683 0.68677417741012514174 0.06806476055498751621 0.00225167642348802523 0.01045172574678430479
0	0.98525940647548759799 0.00501162869736923415 0.00062939991729084744 0.00034021565625864475 0.00255198370326489973 0.00522249503440168090 0.00098487051592719950
2	0.00355952880267987153 0.04587486772139662272 0.91480843002746703441 0.00951885084040067324 0.00975712811354247263 0.00655059787588090081 0.00993059661863125200
1	0.00027553352675867678 0.99785376912313294984 0.00022575932520987451 0.00044843298450267325 0.00020528241007990576 0.00041673085089484279 0.00057449177942152482
2	0.00002954840670555792 0.00055014932753020814 0.99285624509411485317 0.00004516774146681045 0.00108538883061242439 0.00526724987024831861 0.00016625072932325579
2	0.00089655770577037690 0.00278921975088621465 0.96484243924034529538 0.00673464643239171309 0.00028536317826119900 0.02096624999719246679 0.00348552369515288223
0	0.78366700398458588595 0.02069420526958455631 0.07760838768259002707 0.05327749674825035114 0.03981890023684681729 0.00335248625334732923 0.02158151982479525680
1	0.00110326394498618994 0.97204732174020014313 0.00120335193929326347 0.01031167652837265518 0.00308460545118825844 0.01031877403173128011 0.00193100636422958581
6	0.02604282463345610615 0.00240451207390348894 0.00910978518089278905 0.00383729382937088434 0.06545736568606393135 0.00080746578082078308 0.89234075281549185554
3	0.04588737269543622516 0.01938270750660256100 0.06600287775246699296 0.85384469497161297191 0.00713408789264172952 0.00564418889465770953 0.00210407028658162517
5	0.00369576402729238779 0.00099338857103079751 0.00822756164003851133 0.00012127743697416917 0.00050693140284630857 0.98634967418946606355 0.00010540273235166518
2	0.10426911005158433221 0.02866649178892743954 0.79918054650051950638 0.00833629214973670429 0.03962386606244051174 0.01410123469267324237 0.00582245875411861735
