5	0.08936370425112569182 0.06356971678714468110 0.00348351806761389117 0.02192029030309344123 0.03751469239631708558 0.76959654050539905157 0.01455153768930623343
1	0.01069661528876520926 0.96262434699818444361 0.00439352340442745321 0.00423912631438830637 0.00590746162384762734 0.01093844570405142630 0.00120048066633555756
3	0.00127826119592839996 0.00000744712771853518 0.00002555599611416899 0.99851735401540253623 0.00000353915460496398 0.00000277063374545000 0.00016507187648569647
3	0.00105886982172664055 0.00092174377140968877 0.00047515359000609500 0.99715646011008152172 0.00008001674920738489 0.00008675150400723075 0.00022100445356194604
1	0.04093602888057971262 0.75240440050336576672 0.02144295669441559707 0.05394225448577995990 0.02102202875255184539 0.10667136390679790581 0.00358096677650894578
2	0.00044156428113658729 0.00096737247591273672 0.99514932408821232812 0.00081552583965337883 0.00161046565695966695 0.00079648890275887702 0.00021925875536723790
1	0.00042032437810631364 0.99605806835906662844 0.00215915148926461731 0.00097567486662728106 0.00014981140161114166 0.00019862218437869834 0.00003834732094570330
6	0.02431087757140977523 0.00927469269039387506 0.00171058750261757512 0.00679412093326099698 0.02610139376610374692 0.00085135375468698251 0.93095697378152675316
0	0.99404447620384295270 0.00263948392678773833 0.00015716560163807117 0.00008784888294258666 0.00229163936100086835 0.00006912057979596118 0.00071026544399198203
6	0.03451953413926882319 0.00130542001371242991 0.00270972758728923926 0.00338013752254866327 0.00462669448106758138 0.00220087858200097592 0.95125760767411227103
1	0.00964905463731985900 0.96207111976641135342 0.00885442472682635567 0.00221206516448174424 0.00241082864296682979 0.01263793434651520366 0.00216457271547829035
5	0.00126757877075759219 0.13564241653247394170 0.02547594741452907999 0.00165308881715608372 0.06589223291296161800 0.76648823438904345462 0.00358050116307837138
2	0.01567914065702974424 0.00254058894779464082 0.95597106354409555617 0.00120561355614779570 0.00378837682150198318 0.02069244993369016156 0.00012276653973888952
1	0.01529039688771840870 0.91337261094853883225 0.01813858941086494633 0.04940166935688656419 0.00299453461637305858 0.00059172434463526451 0.00021047443498291190
2	0.00151927024464504931 0.19073650177871950828 0.79451431815288864335 0.00474276094507743856 0.00134657667147800920 0.00490479776185994559 0.00223577444533050451
2	0.00111772428376143867 0.07240396056949219283 0.91821931604853845865 0.00216342741793838951 0.00083925457537911978 0.00492163459579291699 0.00033468250909681596
5	0.01615705913996213355 0.01985534030434045472 0.00094389767422697370 0.00013850141427889886 0.00406784482547698813 0.95862581997529261457 0.00021153666642158734
0	0.89317473826577875595 0.01817350435187035235 0.00305985255613497754 0.00382419591997249344 0.01553449821746902618 0.00819511268784735118 0.05803809800092711579
2	0.00949868651627931368 0.01900147013608209992 0.89049561518885322897 0.00051922027988545361 0.01691749102461728022 0.02641212184399063106 0.03715539501029196251
2	0.00003399148949834261 0.00000647213295801058 0.99966592472425142013 0.00001295736495312642 0.00003030160845979138 0.00022722243205428006 0.00002313024782584541
1	0.00020809048588825345 0.99664064006602171020 0.00123861904825826223 0.00066750416917087867 0.00065952066587130029 0.00043498020097650157 0.00015064536381267406
4	0.12771992205053897540 0.01079237597852141135 0.00052613133603566153 0.00227636024626645759 0.83276533586568157741 0.00593763333053421750 0.01998224119242152444
1	0.00000227963770108011 0.99973526845381732731 0.00003139109500352010 0.00004810071925159305 0.00002529966572563469 0.00007184061890883339 0.00008581980959355956
4	0.00006783416535549292 0.00080815898282755318 0.00043190692074132354 0.00085654847710857753 0.99610955847060622670 0.00031032269878684661 0.00141567028457334487
4	0.00001663554471581184 0.00004665943950835090 0.00001800434165471969 0.00010789868016236330 0.99940042477232293727 0.00003160743683684729 0.00037876978479870984
2	0.00004274769468399194 0.00001084534808340966 0.99917903452781520190 0.00000410955356731496 0.00003455593070735629 0.00072558641007541044 0.00000312053506773110
2	0.00026834239746917289 0.00010362180025739006 0.99164364138339899934 0.00006383889642853078 0.00015560439411618242 0.00769221235980359005 0.00007273876852560732
1	0.05876592335949074042 0.60918852514791654862 0.07449972827369732986 0.15337778800533277690 0.03746235131339414881 0.03959545629851513038 0.02711022760165292256
1	0.00136090484855695584 0.71084298091399966690 0.27052643619070682046 0.00666578830325154168 0.00087526281310540486 0.00719497027324283740 0.00253365665713625949
2	0.00174820246752868278 0.00199648607550868872 0.99576093409082500063 0.00007400172157791070 0.00026634424775311095 0.00010172252218755146 0.00005230887461947731
1	0.00000571735573401828 0.99857029488932569361 0.00106389064747298956 0.00014426693788566200 0.00002470608039578459 0.00016074144651739318 0.00003038264266888604
2	0.00059525040053327318 0.00023229558689945637 0.99807417096426453984 0.00005645060380466001 0.00056411398790005482 0.00037352438117237369 0.00010419407542470160
4	0.01267928756193764314 0.01019183598492163015 0.00877187201236274972 0.01136181270965280939 0.82267298273730127267 0.00450403414854577775 0.12981817484527791162
1	0.00038784870240589781 0.94925965878849005719 0.00052515283391024530 0.00014880605816730986 0.00002890538899155374 0.04962798932497904797 0.00002163890305611854
0	0.82172228237190392264 0.01511214345678959896 0.00293332372020217984 0.00347956040157547993 0.12876765645921864345 0.00040518580628118382 0.02757984778402901987
4	0.00000362149835060163 0.00002204558477420211 0.00003554907817067057 0.00000718949970387148 0.99978441088248448665 0.00011077786997485734 0.00003640558654189729
1	0.01857418829534396298 0.92061870244711152544 0.03618371294990262860 0.01272802674604804271 0.00837762793999691224 0.00191950128578198390 0.00159824033581537238
1	0.00144307526211718889 0.95219820036897906412 0.00643991730725007334 0.00929857743732780129 0.01887593812581978003 0.00983712534725168612 0.00190716615125440620
4	0.01721935567576364512 0.07150330970004267761 0.01294636794979212198 0.02069401560591909231 0.83811070829779976687 0.00429119719903688513 0.03523504557164585521
2	0.00140180454845691008 0.00075368980949615239 0.97617216785394533840 0.00230283351757410056 0.01072971513056277144 0.00704266284720528064 0.00159712629275973283
1	0.00649736741422227062 0.95900977970455425492 0.00482766191371940788 0.02089631651347376162 0.00242466685220352413 0.00575652073398489044 0.00058768686784260325
0	0.99355792800034292700 0.00047136778054733341 0.00008420416971273582 0.00003524074293354577 0.00079846160118820662 0.00003718652732584000 0.00501561117794954887
3	0.00686234519946572492 0.03744353482526470434 0.00183431525707992526 0.89946913551011942189 0.03633516078614003331 0.00188148099956666928 0.01617402742236322480
2	0.00001263413247571190 0.14231801983180999982 0.85507182710050788632 0.00012937716653421198 0.00007441706702335163 0.00222615684916015839 0.00016756785248851701
2	0.00158467307831965196 0.00049278222921311169 0.99628582657629727315 0.00033735699349692511 0.00058507479050620953 0.00059669806290942983 0.00011758826925744471
1	0.14364092210493564772 0.82128436877151567153 0.00359545997303327685 0.00433268773687804556 0.01672014131022623792 0.00443912551701328845 0.00598729458639780943
1	0.03526029323250055164 0.87695534539459130130 0.00355453922932203598 0.06478772610768093743 0.00186929024645809180 0.01664078033911021298 0.00093202545033703118
2	0.00059111421351846702 0.00665245099438965294 0.99055580397527842607 0.00019751884540522059 0.00170612346234776005 0.00024004790083317367 0.00005694060822736849
2	0.00111459982985609505 0.03204482660181562359 0.95540224028435960513 0.00468143086852235765 0.00075984639584327580 0.00546493229563688263 0.00053212372396664489
1	0.00664641444674019758 0.97842216228305034509 0.00431758626986157058 0.00406884876414955951 0.00276271063068972943 0.00331996042366162558 0.00046231718184624765
2	0.00140120103948484045 0.00413656621307786996 0.98270626785711856499 0.00355934093819088330 0.00403678002484130546 0.00162679568213190294 0.00253304824515484216
4	0.00000961294950946131 0.00002586183714152112 0.00000740804681735346 0.00006755438324696210 0.99982742097442534046 0.00001701444399805724 0.00004512736486158785
6	0.07972287643456200945 0.00639289791817523618 0.00637840225451892159 0.00157331461531376167 0.03815398159143824214 0.01614299695273043941 0.85163553023326121760
1	0.02504168261612479268 0.81464659737792288752 0.00665779835736368935 0.11816823116477118139 0.03161048200056194163 0.00324216655561156836 0.00063304192764391154
1	0.00108783557359175991 0.96435004119594913696 0.01359159125994776479 0.00893746271808165682 0.00412458807781910294 0.00746749289181448950 0.00044098828279578257
2	0.00849481321028169173 0.02328876908459069292 0.89805366050433943492 0.01775812301541933313 0.00999507581669911369 0.02499345351094766493 0.01741610485772249889
6	0.00283555678015708643 0.00053322323222542518 0.00034328797832598170 0.00002955718408938540 0.02683698126994343500 0.00019627515823550414 0.96922511839702296665
0	0.92985777504718314379 0.02751381848017455528 0.00075559938204684493 0.01094499287258391719 0.00503882647595286538 0.01142271512828255640 0.01446627261377602183
3	0.01030602411669681584 0.00310395510720311123 0.00051173432211951294 0.98216990957379068927 0.00104976776657678627 0.00147045817156663200 0.00138815094204622911
6	0.01838201311801096471 0.00236405548524678752 0.00025554500846017238 0.00030134322373083337 0.00712871592579248335 0.00010212353223793219 0.97146620370652092546
3	0.00010749655388521219 0.00229612965313217079 0.00002895386150163970 0.99753948910023260144 0.00000626304647687178 0.00001698016261073403 0.00000468762216037291
6	0.05718346614458936356 0.00113942872219738528 0.00041650531293189536 0.00027543282980124442 0.00071370628813453710 0.00100870083269710611 0.93926275986964835596
1	0.00087263344261515529 0.98090544088751818741 0.00145462443773585436 0.00913769882890807378 0.00500137556050859154 0.00218615085091620380 0.00044207599179807102
1	0.00130349264351352530 0.98433486176611251217 0.00288729309260251591 0.00714404495584090339 0.00163434595742289112 0.00096555640233554770 0.00173040518217166010
2	0.00112238323598436228 0.14564139836834372188 0.84275061126334616102 0.00152417198419539765 0.00284513953263905960 0.00233289578261123990 0.00378339983287993972
4	0.00436463148174861745 0.04431884485007787228 0.00028582191419288298 0.00057041036693069149 0.94709661076702000848 0.00123498132782608227 0.00212869929220477162
2	0.03071684729452781731 0.02308694514577799492 0.87819426342314454992 0.00319182914608508953 0.01560102960877962283 0.04258034990130318137 0.00662873548038192886
4	0.31160841685695922498 0.00639576854000160119 0.00124551917599784049 0.00178203920677860988 0.65234570650943868309 0.01283423141190930677 0.01378831829891489190
3	0.00361798450079692116 0.00220103500367438464 0.00046958521726752256 0.99253225829937108404 0.00032168497226497792 0.00010853000204871063 0.00074892200457732556
0	0.98758227636935080884 0.00081467697735349909 0.00002662457967061935 0.00006419918989079917 0.00402041152523189334 0.00009754244708253295 0.00739426891141996105
2	0.00485342962565907862 0.00690758038862853210 0.91522481371157515806 0.00125931483690937913 0.01474987686735652198 0.05386834008360007198 0.00313664448627074075
2	0.03434939951920371742 0.00040375003045817442 0.96401485972766509658 0.00002530549719895997 0.00030429202013209343 0.00011248932827708625 0.00078990387706517765
2	0.00049883977011205838 0.00321245896181338118 0.99245068088766952297 0.00002941946253498561 0.00044276100712904948 0.00333336972427168785 0.00003247018646915009
3	0.07062855831036818355 0.04365610584174989262 0.00553597905472812211 0.82316602619727663459 0.05426274124448662861 0.00131597010482553201 0.00143461924656489485
1	0.00001763438327345831 0.99978427639488087753 0.00013393881529755359 0.00005207868470451435 0.00000469895756207383 0.00000611053226050225 0.00000126223202055622
1	0.00286155181256941534 0.97983130945676122359 0.00453015117295508477 0.01018290819401620334 0.00179739293337480852 0.00042864922827316087 0.00036803720205022349
1	0.00690630882584411868 0.99023071951980579097 0.00117959146165443085 0.00014827476643181577 0.00129602941455596115 0.00018695254983068578 0.00005212346187658940
1	0.01137032453575615755 0.97760580793907669861 0.00306855965971604633 0.00625942642707037842 0.00082776408273082657 0.00038809443698842089 0.00048002291866150253
4	0.00111638978507349490 0.00898540804820998663 0.17673398048368696434 0.00190751885124373368 0.79880666882357709291 0.01113335991872750272 0.00131667408948166133
3	0.00993959164071793293 0.04048480121624347533 0.00827168898833213935 0.93476562527114481771 0.00319065737110619304 0.00020362155384529845 0.00314401395861051624
2	0.01898625308926326846 0.08237811620865453932 0.78877793734275192250 0.02530696698123000715 0.06465784946564949454 0.00410659063752869934 0.01578628627492220313
2	0.00024393629286310469 0.00004548344464278832 0.94140844892305952651 0.00026928659258873479 0.00012454895304234249 0.05789442762538664355 0.00001386816841540659
1	0.00005289360915939950 0.99834717905672232252 0.00076001845079400586 0.00052546021418433569 0.00002985827234739977 0.00024194681566970516 0.00004264358112299910
2	0.00002899528833594797 0.00000246729022878335 0.99987072417731037710 0.00000459118443378360 0.00006060980031420066 0.00002650432311990259 0.00000610793625638806
0	0.92753297024982939156 0.02213167930431722899 0.00477944220848899870 0.01668662374447522564 0.01471074009058363254 0.00895899199849852119 0.00519955240380714102
3	0.00165151456751621477 0.01827227331190729720 0.00196119260140059388 0.97505355363124346368 0.00204805825841869894 0.00030681790689127765 0.00070658972262245990
1	0.01697445638202439364 0.93024898498778207934 0.00543445467020860912 0.02301897603894458022 0.01283774003771316966 0.00760525456103089328 0.00388013332229578340
4	0.00003765261931862145 0.00010014107584839930 0.00018662665985297769 0.00068362098780035867 0.99799371893656851906 0.00004832086638946668 0.00094991885422215851
3	0.00269506947556438390 0.02082400652211412878 0.00033173685880327834 0.97397831671737777892 0.00108495607947295121 0.00022231512902148683 0.00086359921764629459
0	0.92468346340935592131 0.00861972403553883278 0.00166753423165974198 0.00247298153147600380 0.01430265205837178040 0.00360916539801644847 0.04464447933558109843
0	0.99001301683055364933 0.00280241430092248792 0.00040853925813332502 0.00090942311721642756 0.00138439999295434909 0.00003741000529193307 0.00444479649492789727
5	0.00155772903067564680 0.02513741244544609801 0.00537767788399885500 0.00350676861958606296 0.06862824014984895971 0.87614535393448234046 0.01964681793596181544
5	0.01163845704999588726 0.02450632431270228020 0.02805320488345468613 0.01423570277365362492 0.00913751131377946862 0.91033722685713280853 0.00209157280928144685
0	0.99053126539165881059 0.00080864287979263158 0.00008994223574454909 0.00005643082372001099 0.00219462425302023329 0.00028271023194684144 0.00603638418411671547
5	0.03088875904937071412 0.09938407116021667764 0.00065991402255644700 0.00196550248948031006 0.00297590613809351834 0.86156374574320548909 0.00256210139707689936
6	0.04820497833566628892 0.01569037517215839811 0.02300849637250416968 0.01783028030571265701 0.00511874573972161996 0.00697502694681862052 0.88317209712741817640
1	0.01795234690931077695 0.90522170367972265570 0.01921553477999044315 0.02654495229742785678 0.00844508921435004924 0.01035315045317554243 0.01226722266602261330
3	0.00823995022193675306 0.05099027803433477807 0.00480790569474457471 0.91418457829068522358 0.01098068682912168616 0.00645700171093120320 0.00433959921824635629
0	0.91870965098852475084 0.03125882055497412187 0.00364190812368008973 0.01516321906449986760 0.00912789012936198428 0.01188880438884685337 0.01020970675011236874
0	0.94574548998654717202 0.01133702061354028602 0.00014569912686674679 0.00345157262455039098 0.02057526643960680413 0.00474339618106886952 0.01400155502781993098
0	0.88107691707059387909 0.00184035139600979749 0.00228053550352877010 0.00097870209411698517 0.01356217211447140539 0.00639893761430160909 0.09386238420697740059
6	0.06399622170485010086 0.02462218205800546095 0.14911138425710773747 0.00678571455725466600 0.01506173005904874046 0.00273635687864499629 0.73768641048508820646
4	0.00000641011044038168 0.00000613838455925215 0.00004153311373382567 0.00005042068286517315 0.99947816395226163344 0.00000672048227997712 0.00041061327386029717
1	0.00131269355777618025 0.97634598017023177530 0.00640373042972421959 0.00445084278234081712 0.00375864763419670074 0.00713338949346195052 0.00059471593226847845
1	0.00744233783052395109 0.98481589747304176807 0.00024200571399078267 0.00347786546970341691 0.00236328429455358443 0.00127247396197843038 0.00038613525620751935
4	0.40391821607791439375 0.10412319888826898628 0.00064516517854215844 0.00062091761848976658 0.48271819485574696262 0.00089955402919696201 0.00707475335184063608
5	0.00098878501146063740 0.01913285837118724325 0.00050765939856788241 0.00012845520224921599 0.00060587789694091694 0.97854132681401084781 0.00009503730558295563
2	0.01129460109137540337 0.08461824716656986267 0.81741826226479996631 0.02706413010818353032 0.04497376340900394176 0.01200644386460600170 0.00262455209546123011
0	0.96643118682836415267 0.02038649690065509612 0.00067800448384503094 0.00015940956657234869 0.01044391711797076905 0.00072888186800560155 0.00117210323458679256
1	0.00258261017086519997 0.92106176759765745476 0.00175804485390555136 0.05121469467592949104 0.00054567679775386236 0.01896192023563532392 0.00387528566825276087
6	0.00118454684093168266 0.00376043218835013602 0.00699309350143310221 0.00222890223350284212 0.27034248888229645003 0.00113368150451548548 0.71435685484897026853
6	0.00328797981870484861 0.00136564240285526523 0.00220042410913115060 0.00086027629580596391 0.00722803438854273915 0.00087021156462289257 0.98418743142033726645
3	0.32408258847346627096 0.24474475935889294931 0.00888024468766599254 0.39249269728153768355 0.01810337874566222624 0.00815780596036654211 0.00353852549240810457
1	0.00065491565416821954 0.98915269254566196011 0.00241760924274450964 0.00691230268577905111 0.00036865086590868394 0.00039855394828449688 0.00009527505745301140
1	0.04611995967355928677 0.69806034907826186586 0.08100892260963762914 0.08544840474968724842 0.03332786090969471621 0.02307952639713534149 0.03295497658202405089
1	0.00714226810946469708 0.94605212199301813580 0.00418208154691103798 0.00236857203801555706 0.01532209725506816431 0.02330111277167055614 0.00163174628585212658
4	0.02648035220464979231 0.04575691271432908575 0.01005039422246619719 0.02884831088173253968 0.86786239670694020898 0.00438081686527035455 0.01662081640461196205
3	0.00232336648269928624 0.00002933487131729929 0.00002894702501782831 0.99740249977190031938 0.00003251701428721903 0.00015174847648275505 0.00003158635829513066
1	0.00010657680024238598 0.99484803880942962451 0.00036127657646137045 0.00220794479075632315 0.00056541506634759527 0.00154770967814978500 0.00036303827861011766
4	0.00084028159274822747 0.00057063328827560106 0.00086788696857371820 0.00366700692394518598 0.98680131768934409298 0.00151096513037905149 0.00574190840673446685
2	0.00111123520236282585 0.00144783793305759819 0.99537569879096332581 0.00031788798680757135 0.00099005725316728089 0.00048418698570524535 0.00027309584793634663
2	0.11093414835205990532 0.21877645623447369849 0.49981768142552795986 0.03227699794058162819 0.08487746028201771653 0.03056749316970834227 0.02274976259563098180
4	0.00655992360203411663 0.01304586194032988228 0.00425103394982428735 0.00292697780475528529 0.80643007910072361799 0.16492304275717209472 0.00186308084516088554
4	0.01306380722953288248 0.00858565985692237750 0.01162261566148194321 0.06350612206466275944 0.89496631000181525728 0.00546057535961827836 0.00279490982596660017
2	0.00072350439217865297 0.00044471965643026230 0.99793494701027563032 0.00037761952573425061 0.00017514366352902334 0.00031465493311696384 0.00002941081873447346
3	0.00104513405400133018 0.00020599113555595360 0.00054387479691147200 0.99708267500652913995 0.00072417805929562084 0.00020475589706504677 0.00019339105064182508
1	0.04954466733937248901 0.69727254530320359471 0.00028642478687701333 0.15423369048887569654 0.09185758819836432887 0.00606980008908981645 0.00073528379421675333
4	0.00004452787787947373 0.00032137272251523124 0.00002887079411584281 0.00019958244966352949 0.99896638606569254648 0.00003475812058442546 0.00040450196954892734
1	0.00001037480360095244 0.99963382832940406164 0.00031771507950762476 0.00001301109805477286 0.00000260464328899025 0.00002058319266309032 0.00000188285348111869
2	0.01346770032265243687 0.03468999268151740090 0.87621519868601316361 0.00374156417089513979 0.03410588744985761783 0.03741829264793744558 0.00036136404112630541
1	0.00222575164522413648 0.99563994324553384274 0.00015930969587301855 0.00076225588231778121 0.00039491735494727687 0.00065016312315805303 0.00016765905294407937
0	0.96572885202287372941 0.01346709704864465333 0.00033700426031483161 0.00099207887989376914 0.00927599048009139678 0.00352545016718542985 0.00667352714099627570
0	0.78380294908201675330 0.18065123116029765948 0.00282623707919296913 0.01582487327879569805 0.00500053631223974088 0.00306455226552348851 0.00882962082193367893
4	0.00301619623737982116 0.07564344959197744078 0.00075915149116981024 0.00030913898641797192 0.88465075827510653017 0.01529059210720042430 0.02033071331074748703
6	0.00677660758478377569 0.00048640188041600699 0.00021586529535827140 0.00026074053722710284 0.00388198235224477195 0.00014803095941340875 0.98823037139055625033
2	0.00298916181362541937 0.01244181188659218042 0.93140541246334374037 0.00384071005383184371 0.00799485510154597165 0.03403853151112560399 0.00728951716993477081
1	0.00019853949015916368 0.99797352659138016673 0.00100520327745152235 0.00028599741874485495 0.00023883499614719137 0.00022666265171108720 0.00007123557440512324
0	0.95953340276590348701 0.00693723228433070632 0.00021130152043241380 0.03273554692778371522 0.00007330161366312403 0.00004751102176944967 0.00046170386611710446
2	0.00091346520137059286 0.00007703164221623580 0.99778066929040476474 0.00022036215537656696 0.00047079454907255112 0.00012667350873110634 0.00041100365282833171
1	0.00316890933170259391 0.97847905063446161122 0.00436646829081580642 0.01086941580709118935 0.00140732911068406925 0.00140985614901767940 0.00029897067622749210
1	0.00787177640274353170 0.78953263581821964134 0.00320185710013824384 0.19346970038557106952 0.00136825139728186215 0.00255694244839391053 0.00199883644765262280
0	0.84836856472992416833 0.08826267202301137094 0.01157473450429320067 0.00761282994093433456 0.00555600966645114231 0.02234460698851483546 0.01628058214687113509
3	0.00194895662026659238 0.00307962658172216373 0.00011404297740227944 0.99253723678842864508 0.00002665652343200442 0.00206481118515879124 0.00022866932359016421
3	0.00190226094694369665 0.03097997800227388077 0.00027748681869661708 0.96600853971765621164 0.00011734432267998562 0.00040155003581484369 0.00031284015593409197
1	0.00534338726566873159 0.92500899411269343897 0.03049571712782071092 0.00455599572868491468 0.00104946915105081349 0.02160476946884914290 0.01194166714523218001
3	0.00179197065350086425 0.00232814191066595642 0.00006884402611713540 0.99563959879989849533 0.00002956312850408699 0.00002430720300087175 0.00011757427831291915
5	0.00825931998722077496 0.00034591491882327041 0.00053602881744042191 0.00410507013953426928 0.00564594519178936594 0.98060865573801658801 0.00049906520717513429
4	0.02981986374559840100 0.01669191904030052978 0.01230395360455376411 0.00271686202202145672 0.91001222212485133323 0.00950865562933382244 0.01894652383334068796
2	0.00209072051328587248 0.00132183366758594953 0.98859597336463489459 0.00519281409293615749 0.00108997635145585388 0.00142336159607599926 0.00028532041402546131
1	0.00612074370525813542 0.99091869285764033748 0.00173930235403778896 0.00056927016532901022 0.00011669463356380056 0.00020474610697516650 0.00033055017719546651
5	0.00121715409590637401 0.00185141649853618503 0.00009080616148645694 0.00037791665230738335 0.00098707546712907481 0.99513086860856203586 0.00034476251607242685
3	0.00834381466864715128 0.09554146143378874911 0.02637031821209624358 0.82763874807840098757 0.02003687140367265210 0.01086285433052718366 0.01120593187286618789
4	0.02314047730832861915 0.00650196378861467566 0.00056355781167280960 0.00013100903010513179 0.95624096438324990288 0.00015172665077998326 0.01327030102724934164
1	0.00318364458087939516 0.97692631106934169072 0.00035902882832087517 0.00114986116928546354 0.00234597168500722030 0.01472861770124165269 0.00130656496592345631
6	0.00082681887095366953 0.00001765563004039747 0.00674523885159481092 0.00009446911236928881 0.00022808511487959081 0.00088631604303420961 0.99120141637712810834
1	0.00290640672904225869 0.95584602886719871595 0.01867521968418403566 0.00011874329204083840 0.00889562723689829409 0.01321840008868907686 0.00033957410194669895
4	0.10840047699042174023 0.00364251579196974871 0.00112963169391865179 0.00199432827216011006 0.80059716536900427108 0.03113909704586578786 0.05309678483665994375
1	0.00099810124763710629 0.96954434646520226693 0.00701176209737233280 0.00456466905832065770 0.00160430925693746994 0.01489944216281061801 0.00137736971172048206
0	0.98262790106417130520 0.00972034971889791134 0.00018546395316896552 0.00125146029834635308 0.00229431252908606810 0.00126691972509714555 0.00265359271123253530
5	0.00185464397029043524 0.00216769988130644181 0.00005680532173040233 0.00011586926922722336 0.00008385410637988456 0.99553022460353057799 0.00019090284753459999
2	0.00067910294807461535 0.00099015201131936537 0.99632567993072151946 0.00021621308195529787 0.00068786194923877949 0.00090420028952636238 0.00019678978916486421
2	0.00002692208951014197 0.00001182186738697742 0.99964072717371577070 0.00001168094319155886 0.00005552232335148578 0.00025214750395536532 0.00000117809888865052
1	0.01377502290203201467 0.97520107567247638070 0.00363907357712401659 0.00052742227533678803 0.00208557186565315727 0.00419441545579531290 0.00057741825158280754
1	0.00809871841554299192 0.93826799051191778211 0.01427485944867905830 0.01297953966227599967 0.01148773286511926145 0.01178139450113874394 0.00310976459532583691
3	0.03981948043048714331 0.05464630529065491599 0.00129428074895423400 0.89752217926534461068 0.00426848877367805562 0.00125774494212759652 0.00119152054875382250
5	0.00992417093297098644 0.00253130927841333387 0.00760229433864896813 0.02734840646864771310 0.05601062783745063001 0.89393726386949778906 0.00264592727437114447
1	0.02864797264084128700 0.88992139561292082917 0.00969556682473947558 0.00228936793128743090 0.01849114651956096714 0.03980660531269426122 0.01114794515795606601
5	0.00011234188532348706 0.00021518485443504400 0.00004306119625700387 0.00001651397674606200 0.00000472678760436223 0.99959857172014010551 0.00000959957949532556
1	0.01060975870592781485 0.77252111197777184604 0.00900639381459479582 0.09262209078637587134 0.00344232451970149633 0.10717590862757603309 0.00462241156805336725
0	0.96775657531248038268 0.00905358411790951195 0.00097576976995398591 0.00499902028120192705 0.00393601129775177951 0.00251257830619941447 0.01076646091450288514
2	0.00058349248727424051 0.00165225338357886443 0.99010790021569461405 0.00074954803392960929 0.00233692088577217277 0.00252643159542610034 0.00204345339832397860
3	0.00388811050688012919 0.06959267591705477207 0.00117811381017671494 0.91562054740459508650 0.00145931385051160586 0.00686774709827394931 0.00139349141250737479
1	0.03309217853727883935 0.84740145195929827970 0.03689573364917629605 0.04008376383150089040 0.00178214791291363898 0.02638092542897106652 0.01436379868086074332
1	0.02302519900502795341 0.96889875802564817686 0.00112950564251667576 0.00019483454529694471 0.00385221918151460504 0.00046780857496168048 0.00243167502503447916
1	0.00052660190172833959 0.99201773289431227631 0.00074337271400851395 0.00321145126890491324 0.00205002076164286428 0.00130201241812469238 0.00014880804127801725
4	0.47502080115690653583 0.00143580575177334503 0.00302536320309807448 0.00026535468189346935 0.47707748224123430747 0.00013462289405935995 0.04304057007103503224
1	0.10440125061027402675 0.69829238010137784087 0.03950470742381011896 0.01866222260802888680 0.01429239742730356935 0.09921516801924806783 0.02563187380995727085
4	0.00011363999162354471 0.00692579883853092822 0.00554667944502297040 0.01193003461103477221 0.96675824345405092508 0.00225011156248603557 0.00647549209725026276
6	0.00016591216928938283 0.01063499006395419305 0.00092478161429393750 0.00307921301561530541 0.03872981004900390156 0.00082761365944647881 0.94563767942839738190
1	0.15273299083860791825 0.51369842521475506114 0.11050444973916767610 0.14890892525054297280 0.02653641946305145341 0.02309004093001333288 0.02452874856386165481
5	0.00199233371287863481 0.00185371659451094421 0.00027448050659257547 0.00005218211014629535 0.00010493717632351227 0.99552406724750885925 0.00019828265203996836
4	0.02445502273915936206 0.14744141918309203176 0.02648129613208231870 0.03655186777618837229 0.71198991892558016747 0.02109798527689399350 0.03198248996700333441
3	0.00991970796149203859 0.03403216226747012019 0.00514917815667905506 0.93847150865111828022 0.00531211309052015673 0.00362213070059713401 0.00349319917212300053
3	0.00228248659673416275 0.01816049203896055037 0.00015250372920837778 0.97892742830703394219 0.00002994682759821168 0.00007927802775045979 0.00036786447271409359
0	0.98740669806508207795 0.00104564316752128890 0.00038497958843454878 0.00135127476157997873 0.00788728020284574366 0.00131858508246193349 0.00060553913207438170
3	0.00162753210105959331 0.01143200128550507164 0.00187215928437128561 0.97940879879571218769 0.00244640112017945228 0.00168308883017407413 0.00153001858299911075
1	0.00651070223837784279 0.89966205149286471165 0.00622530099413707780 0.01917187441942076395 0.05856458475848455580 0.00219895104829790451 0.00766653504841631299
1	0.00044539224086783639 0.97663811373020092965 0.00478083797861556577 0.01300237695451395177 0.00295573363354925201 0.00211795534087615535 0.00005959012137654583
1	0.01711565881712034595 0.88108818076163786248 0.00519605777230712669 0.06783230776290814779 0.01747026534353735353 0.00555450782299796164 0.00574302171949154974
3	0.01316108236724575394 0.03129981095862426760 0.01822982841118769848 0.85869318304986941293 0.02582512056170221254 0.00674137364439822157 0.04604960100697228637
0	0.87745901634448519868 0.03548815616868303963 0.03097492345985563417 0.04095017556074533743 0.00908576167474999322 0.00187137302484886772 0.00417059376663209570
0	0.91269305326388938671 0.04232931834933878479 0.00012723545429915812 0.01037044514744589127 0.02782016298039763011 0.00177492928483444982 0.00488485551979467216
3	0.00707463697534361103 0.06439370809801339690 0.03229787368973786182 0.82740607176151614865 0.03005452881708556290 0.01597681263206286034 0.02279636802623916797
4	0.05974235740318889487 0.02626594284796730100 0.01097248874284325638 0.00781947647423056683 0.80489582617985122592 0.07242697471759894368 0.01787693363432016000
0	0.86496914408840552824 0.05985328664131263354 0.00822477349318797429 0.02845847075561767567 0.01016551419844104361 0.00939870854891485322 0.01893010227412015786
3	0.00288226554818273722 0.00333834143691593950 0.00037475600870704297 0.99242263458897583828 0.00043401595589254892 0.00016802236760681718 0.00037996409371873877
1	0.00001404698083454911 0.99937227701992181750 0.00024416411822916176 0.00010737555041789194 0.00006139031283662274 0.00014123440995484376 0.00005951160780237118
6	0.01415881020428566908 0.00935862814831222613 0.00213139513266735877 0.00697725803007137862 0.01480007266063263632 0.00558297919975140819 0.94699085662427906485
1	0.00077559922272876466 0.97919823649624526674 0.00259593946585857287 0.00018970985210769922 0.00058425011419909823 0.01641974475970441744 0.00023652008915666766
5	0.01520191052871290235 0.00265297050881375170 0.01494657071709275253 0.00076954466405716943 0.00273117684968964816 0.96210112203606279468 0.00159670469557091771
4	0.00000058156826254705 0.00000152383351168877 0.00000596223495290381 0.00000024840350596450 0.99996917932708573318 0.00000092222996420217 0.00002158240271586697
6	0.00199279170108000855 0.01122538450430290644 0.00046903087202167248 0.00163994439815278782 0.05943217744516512968 0.00292979452357197820 0.92231087655570564987
2	0.00048327161028060921 0.00039909723065262575 0.99530856678597012799 0.00038634882518031786 0.00129725739492943660 0.00052082569632383826 0.00160463245666219324
1	0.00034568309613993250 0.98295313688412622177 0.00117390908058526253 0.00901467854752794652 0.00271091333846085756 0.00296635106923458149 0.00083532798392591001
2	0.00093463781481284587 0.01154658849059280422 0.96106354190076248578 0.00597664173085011175 0.00072893821992496219 0.01895804896634181724 0.00079160287671587283
1	0.01433703069574866068 0.85763447375068491141 0.00772975436588132017 0.04524891419245969520 0.02402391428459069514 0.03415210396380783525 0.01687380874682653520
6	0.00776978367798370970 0.00044346167449891492 0.00002404900794610698 0.00004549405658118968 0.00094555506525805303 0.00038461878072356391 0.99038703773700831334
6	0.04732282565517129808 0.00007054482286933034 0.00042972906074302298 0.00005288352386392660 0.00143082749815764661 0.00017179464333971558 0.95052139479585484594
1	0.00000834417453520964 0.99985535055104302060 0.00009573692903512964 0.00002508237499076823 0.00000471784719558519 0.00000966948803900923 0.00000109863516286250
2	0.00108988315733591517 0.00102080530079170996 0.98565737429202970876 0.00022360347285926792 0.00915153731510033770 0.00234198748466114175 0.00051480897722280827
1	0.00013310747716258422 0.99764396343560590719 0.00039070641098568043 0.00119568323980964578 0.00010032620021375439 0.00053351456111564962 0.00000269867510541248
2	0.00094527240590081636 0.00569443883520498809 0.98301121119209744492 0.00011530830526254678 0.00027401155479935945 0.00979419997076872058 0.00016555773596695430
3	0.13370342540009239052 0.00062076151012409558 0.00006995049621218571 0.85989447643002370203 0.00065817879250544954 0.00469126734744563113 0.00036194002359691012
3	0.00413078851390781977 0.00252541738827512545 0.00204274739435470832 0.98441749816840240506 0.00333393611769370506 0.00251524067696261592 0.00103437174040329062
3	0.01617587348926044846 0.01623594415220373094 0.00543017908209949413 0.95971669789499580716 0.00076186078275889378 0.00059476174224385174 0.00108468285643810469
3	0.01454635657665498405 0.03340964621999314987 0.00970159877166539529 0.93623774884107802130 0.00201791546204019160 0.00161576315527242002 0.00247097097329485819
1	0.00091345495039342678 0.98923715183242844073 0.00061095935114755711 0.00013628471674410409 0.00805115188066151712 0.00093094593826368753 0.00012005133036160073
6	0.03382288385329799973 0.03533743293910506650 0.00498518209460332117 0.05969608667854962858 0.01023115978073760313 0.01437632900143281066 0.84155092565227340717
1	0.02467317317283414593 0.73977949083471494784 0.02467291282572748462 0.15384310043202631402 0.02705130794884861439 0.01982951880874419398 0.01015049597710440156
0	0.62664133442811487118 0.13691884472095836034 0.00379218911107759380 0.22141842158453087230 0.00599022758885988955 0.00277416524119285853 0.00246481732526564884
5	0.01783213257926370005 0.02140876980307687694 0.00545052166670810436 0.04165173144379923781 0.00078215576148252448 0.91145674481434202363 0.00141794393132785648
1	0.06175843807305625432 0.77162286834854398876 0.00063731919514289144 0.16377125622237292957 0.00030417774446096920 0.00169925018360098101 0.00020669023282217375
0	0.85740145731328298861 0.01522174260311620793 0.02418703807639820819 0.04261957838321581149 0.05067315420245215030 0.00494095937745504029 0.00495607004407954549
1	0.20456510991824355949 0.60365789936047253850 0.03576801031837509304 0.03311487321584771076 0.06022187330534627819 0.01257613229026304826 0.05009610159145181513
2	0.00209840960308106369 0.01237242612511077304 0.96619873397566302664 0.00213819683900454702 0.00670872377468860123 0.00965682782604999727 0.00082668185640182295
1	0.00194668108387293119 0.97100052205450226861 0.00684644332206056812 0.01542814327048074897 0.00053494061435965692 0.00302306216943214580 0.00122020748529237059
0	0.83478136230630528569 0.02346514647311283286 0.06576757766955530771 0.01156618648013831886 0.04987584907393807082 0.00406527094406328691 0.01047860705288680000
1	0.00420300382763870092 0.97418753266292346105 0.00539193877589155216 0.00439309797937305173 0.00031766662699445378 0.01011489574702816203 0.00139186438015010089
1	0.03348857273728176459 0.95336395242520455273 0.00356205943419707089 0.00048307651825219098 0.00789982553245322482 0.00036594312356168029 0.00083657022904943341
5	0.01985023523182557342 0.00456399470194706128 0.00001186978918028543 0.00431883338969447916 0.00056931627028234809 0.97033662035652157307 0.00034913026054849973
4	0.00086679268486529709 0.00027687008509545425 0.00077919405324418031 0.00078494021354110670 0.99218112945411551795 0.00267322492998065160 0.00243784857915795667
0	0.83342795809197667278 0.07341760319242611466 0.02018907705905407038 0.02634284498318171033 0.02583760208562505684 0.01208749221486349161 0.00869742237287312626
1	0.06841538019882527355 0.54068459351212949660 0.06775236249910283892 0.16123654234249357176 0.07232423833357608245 0.05325527861597634249 0.03633160449789631097
3	0.05663542592502061185 0.14581696756097217715 0.03369654119413844490 0.72759950697293807043 0.02676794025676920014 0.00241352737386369733 0.00707009071629725091
0	0.99219264232384607460 0.00024853113086082437 0.00004937174135522456 0.00004250138406788159 0.00017755300551958696 0.00702398286803808652 0.00026541754631241647
2	0.00099378197063046706 0.00347056297392696420 0.99071798368697272519 0.00098715855883401869 0.00158477111783566875 0.00167995907399997972 0.00056578261780049915
1	0.00011545681866220342 0.99949192278864407157 0.00004822646153863254 0.00020462480866559462 0.00002704905962820208 0.00006150624139881850 0.00005121382146125335
2	0.00000841161900758916 0.00022290298415036412 0.99734597451653250744 0.00000702148677976215 0.00040144717813772070 0.00199416610960683870 0.00002007610578496567
2	0.00011037818577596435 0.00021902188048793629 0.99527513485298346740 0.00042093520613235201 0.00014685751110961797 0.00366159539038726604 0.00016607697312564119
0	0.92390894293091263556 0.00537565202639575437 0.01121117193702464779 0.01767000306895626788 0.01824470103643029834 0.00152804895571619949 0.02206148004456430153
1	0.00066926819467182433 0.98419756469565000678 0.00094686560767497606 0.00925573800296566537 0.00214007937313137001 0.00256063761993119031 0.00022984650597447263
6	0.09123255420585639486 0.00029120647408285632 0.00051736956898554764 0.00125443357553141734 0.03579328404282226817 0.00017846206922129615 0.87073269006350029198
3	0.00737730954414349879 0.00153347609774068792 0.00690206500636547909 0.98306892986246541266 0.00053250643265819256 0.00027954377503395725 0.00030616928159323784
5	0.00981632204435818785 0.00802682151259265057 0.01649179631617987002 0.00074815587337152237 0.00510159473979359453 0.95861806469152743837 0.00119724482217640885
2	0.00459986023993972856 0.00050136049692620489 0.95402399892450906460 0.00036650796504001911 0.00127664661963644522 0.03913459523631487857 0.00009703051763410416
