5	0.11052383280806134247 0.06836566063142365812 0.00210151338366021878 0.01779665918497958313 0.05510825466382643367 0.73314109032828800316 0.01296298899976065441
1	0.00918462549145764029 0.96418764747901442025 0.00505017131326129191 0.00608137432729626438 0.00503168466548575746 0.00945195285470787697 0.00101254386877636408
3	0.00037916878456749581 0.00023916898504859838 0.00187917410544584883 0.99620148231792837734 0.00012293958223435214 0.00020905752963735219 0.00096900869513794020
3	0.00097236480907088448 0.00088090852446213801 0.00047947884235427214 0.99716781402459131467 0.00011367699265905274 0.00010752313060871656 0.00027823367625321604
1	0.05461779221602058171 0.76616786730184283094 0.01314883743504212041 0.04949985522293515183 0.02551912903671472999 0.08715206103345671251 0.00389445775398756730
2	0.00034887771064915209 0.00077021898587174332 0.99575378030858940903 0.00078199299257332997 0.00132203299499032570 0.00088838557781411968 0.00013471142951285443
1	0.00026960066445102767 0.99536667308279302979 0.00261211621181343338 0.00138147745955468802 0.00012453447870112562 0.00021538487966643225 0.00003021322302034083
6	0.03517759550407479480 0.00881810405156488626 0.00119643233345235740 0.00415904266985591461 0.03576080883636976321 0.00066412657532362470 0.91422389002935855462
0	0.94272056574492446579 0.00560472391118692868 0.00602829766979037524 0.00309165256366250932 0.02827384316782180149 0.00180626836535082726 0.01247464857726316746
6	0.03504444750228889044 0.00103037099256538217 0.00308097023915666207 0.00245090325291726779 0.00337617535447207314 0.00135356803734363500 0.95366356462125612126
1	0.01437997746391203070 0.93845105759515290433 0.01616546154544560437 0.00157344663271322192 0.00431697757603234904 0.02128910549102585453 0.00382397369571698710
5	0.00138927489773393495 0.15714042591907173563 0.01587140206575358981 0.00107294245213448839 0.06033353226642454437 0.76042058399051204454 0.00377183840836947020
2	0.06033223495104262507 0.04853591767889960107 0.83966686790119082762 0.01602577701147954795 0.02689623686483259141 0.00373594870293896290 0.00480701688961589473
1	0.01508265015472495113 0.91168879894631282834 0.01601184947675621251 0.05270993399913669747 0.00392377048304354010 0.00037047254397075906 0.00021252439605534018
2	0.00182337225805214494 0.16614380672866244093 0.81938740566171619495 0.00306365361198998251 0.00112824218136936614 0.00599375407136708283 0.00245976548684241538
2	0.00106001356839042831 0.07065450812401412317 0.91845422806299981122 0.00226245208258554764 0.00072535741858734267 0.00654804019710650276 0.00029540054631693231
5	0.08676711615551080392 0.03684919160019892170 0.01025439544480690433 0.00123814904973219473 0.04490127016033297613 0.81083522065482271923 0.00915465693459543810
0	0.90510838344270594380 0.02144816124595782386 0.00342701086503301817 0.00485868394381343965 0.01536930433929157951 0.01148934005868456655 0.03829911610451376680
2	0.01038555491500541168 0.01089751190026493934 0.89503437557959497628 0.00024647505007159657 0.02034864806899737075 0.01998614990366763544 0.04310128458239903537
2	0.00002183328781147807 0.00000410955501494293 0.99974009325150559047 0.00000783254706554335 0.00002176456502543322 0.00018869064451209250 0.00001567614906504748
1	0.00009736115011138962 0.99740967195091667641 0.00119731678536787113 0.00051633447200085249 0.00035978930498572901 0.00031763797361235893 0.00010188836300578717
4	0.13599025208546311472 0.01272695213378440861 0.00028589472785562107 0.00205997621694869147 0.83393846210618283177 0.00388071194793532552 0.01111775078183016748
1	0.00000083152992430684 0.99983428977955179917 0.00001613072491867303 0.00003884272097980910 0.00001230842236386472 0.00003293598135826439 0.00006466084090311291
4	0.00006180724039850629 0.00032679411751188601 0.00057458604377946202 0.00066053081584969183 0.99718422987410815228 0.00033687522144713281 0.00085517668690514390
4	0.00001761526131869345 0.00002977301937222686 0.00003131680892516176 0.00007782941058293700 0.99947015836719166337 0.00003300013604827892 0.00034030699656189612
2	0.00003747537991188693 0.00001106340618837903 0.99893145183589182601 0.00000379649569670714 0.00001966312821554910 0.00099371526685915418 0.00000283448723641702
2	0.00027890637667714319 0.00008282197841678247 0.99020395072536926406 0.00005806294096403988 0.00013525898811023014 0.00917247888071382085 0.00006852010974914785
1	0.07721916880373140557 0.62142387008358568323 0.07204779694133688073 0.12630229852745206154 0.03745265533464223889 0.04171899380263479479 0.02383521650661715036
1	0.00073799326765357448 0.67207441778080490025 0.30946575911538692916 0.00821130870947907668 0.00060193556737563232 0.00688779455683622560 0.00202079100246377276
2	0.00168596470232453542 0.00183686897574843167 0.99591958988146167542 0.00006224535968590486 0.00030255438321846176 0.00012997730161471596 0.00006279939594687853
1	0.00000422313782296598 0.99824106444839977303 0.00134937457233794112 0.00018300049707029324 0.00001848312515721783 0.00017373794278685085 0.00003011627642484684
2	0.00049617949081674024 0.00015426437328817282 0.99841151362622315713 0.00004566827135154904 0.00052736848735293585 0.00026108116848283270 0.00010392458248357848
4	0.01254646268008867242 0.00703537189247459629 0.00716068363417701054 0.00603074184396939182 0.85538899666382073317 0.00306858371059260965 0.10876915957487635900
1	0.00225613358299844163 0.97206594540556967576 0.00695523674270694548 0.00193565932049584357 0.00030922938272787441 0.01568762706397596601 0.00079016850152534442
0	0.81355011992203185578 0.01988455800336600549 0.00373332054551291483 0.00430643049611307855 0.13096177571252767824 0.00052989111602743234 0.02703390420442100192
4	0.00000747662226385675 0.00001653038623145449 0.00006077154648870016 0.00000682787533136208 0.99968776806138548441 0.00017402905786220084 0.00004659645043783516
1	0.01289014848418553946 0.92198646857444321867 0.03842249353594584527 0.01561028471965459317 0.00783459771806843674 0.00187407801114490222 0.00138192895655706027
1	0.00179886837705630232 0.95925955312536215214 0.00423797161629648443 0.00793286916180752262 0.01711979168723930245 0.00787524662584558957 0.00177569940639210242
4	0.02315122836109278354 0.05926645109860349814 0.01812442943414709767 0.02420245556513642496 0.84000137703276556156 0.00605410575827607361 0.02919995274997824047
2	0.00091995958062224107 0.00062424201323021012 0.98021774192364785616 0.00201280367309030926 0.00976638128402678059 0.00495336437681427599 0.00150550714856908553
1	0.01147361159270057253 0.95029071753448179916 0.00486736551364341276 0.02234707128926100017 0.00347365375390475172 0.00688683832656650317 0.00066074198944232252
0	0.99502762626156071590 0.00054704102988525818 0.00007422364290765650 0.00005117615433666098 0.00055454431142489544 0.00004353347422703766 0.00370185512565759153
3	0.00989271470659548041 0.03966255998450318732 0.00148677398604002658 0.88083773080740124239 0.04843690867759577884 0.00143433378897245148 0.01824897804889189998
2	0.00000894845276617346 0.12825097656405395896 0.86832137117379781799 0.00018483400601876563 0.00007592969923162323 0.00302471219767596212 0.00013322790645731018
2	0.00119320402124516688 0.00039142803280719813 0.99694250313850629741 0.00030109653614767101 0.00051753538315243758 0.00054802255522488636 0.00010621033291640000
1	0.15289903491540488001 0.79667069186990957519 0.00438427892237351190 0.00324553115247024114 0.02561896118682651519 0.00524117491404911626 0.01194032703896602543
1	0.03175439537294208470 0.86927420291634482918 0.00320208876247699220 0.07590542091097798871 0.00233958676651182780 0.01658005781121453873 0.00094424745953217311
2	0.00090741543754733242 0.00717463831441926981 0.98838119487609188418 0.00023394024787758226 0.00288858193552866092 0.00032160006964942366 0.00009262911888601840
2	0.00179854180131353404 0.04004235885388206934 0.94541322956733275795 0.00444452727538677695 0.00081445075764377593 0.00645587329166517378 0.00103101845277594984
1	0.00704755463076215446 0.97545250070515454599 0.00421652027567987094 0.00585977662537287558 0.00240778361641405449 0.00452081564741501837 0.00049504849920124479
2	0.00193925249953971952 0.00349307176662139868 0.98500870325183897958 0.00266810077264908281 0.00395817572814669699 0.00102566844506080676 0.00190702753614251075
4	0.00001918621762750100 0.00003330221014315078 0.00001314233434196099 0.00009840942738642939 0.99974284803413293599 0.00003186659154575312 0.00006124518482140140
6	0.07786318449575335698 0.00556094308040046368 0.00840363069448354233 0.00104827541662524276 0.03634049812975917448 0.01170123579417237623 0.85908223238880587758
1	0.02328672955803730293 0.78646640572767367861 0.00770248914405440889 0.14492894864219516005 0.03397823897570512175 0.00270988703074465792 0.00092730092158968839
1	0.00096719457116171785 0.96681595251451546424 0.01182750009726539139 0.00914914644704794069 0.00419712593758916203 0.00669427902651047440 0.00034880140590958224
2	0.01351701254004031641 0.02023943612882295878 0.90119953174034272969 0.01646093476291377034 0.00794673550635855916 0.02017611932489151230 0.02046022999663023312
6	0.05868119667719549903 0.03848711868176842021 0.01527162943268779889 0.00186027268225030275 0.00645300417264041675 0.00750421278888467862 0.87174256556457285772
0	0.92742119487934193689 0.02505888756935769138 0.00050598127086839235 0.01335121464006090199 0.00864802540034200623 0.00995466467437742045 0.01506003156565184457
3	0.01716380780264373587 0.00267969983584918654 0.00066797792645825868 0.97545769612950139482 0.00079426519823912157 0.00125917886160019843 0.00197737424570798744
6	0.01345779625728022941 0.09137558672711589003 0.01442790321962359942 0.01099722108925031000 0.02156598167564986387 0.00536681273915346271 0.84280869829192661680
3	0.00014810524748818920 0.00308272272441628085 0.00001871006225376878 0.99670964389996619115 0.00000636061518351092 0.00002789272869628345 0.00000656472199719755
6	0.05258892638249261509 0.00115291979925598266 0.00044087872631016968 0.00037289014427932543 0.00075499995770511206 0.00150560513049528052 0.94318377985946166842
1	0.00065907264986427570 0.97849764070258848925 0.00135449829691370888 0.01323730619624193146 0.00423226147907577750 0.00158929805803087769 0.00042992261728601094
1	0.00160212126150557411 0.98464078738798377355 0.00261977230551250486 0.00597702915037879624 0.00269212241351918236 0.00077554560908037618 0.00169262187201907506
2	0.00139771113143766267 0.15437721755219718789 0.83020318186908115266 0.00128475533894172999 0.00358245370294476553 0.00321696950124623947 0.00593771090415181647
4	0.07802406964521409194 0.08572009510641742658 0.00445779060416407781 0.02225199455261252235 0.74967197918257078015 0.02964105320801327034 0.03023301770100789848
2	0.02638172779192904382 0.01963626970354734325 0.89117433310554239334 0.00298755404948312020 0.01264568792950715101 0.04113763250173497338 0.00603679491825587049
4	0.25256701183428093005 0.00551534159648673673 0.00131989210217733867 0.00173013706071037930 0.72150957621086375671 0.00608316095676614699 0.01127488023871457516
3	0.00770473469422399380 0.00254217720557777145 0.00045931812538802051 0.98781149045619887072 0.00032673258497741670 0.00009001105506601966 0.00106553587856749116
0	0.98147594639814017548 0.00099770517097760294 0.00003368524365853164 0.00007388751217430857 0.00792734651951336640 0.00010024292682349503 0.00939118622871275809
2	0.00410159033838124274 0.00404237292426718429 0.91074198952652007932 0.00103680101739145021 0.00869298155085259164 0.06890812169415938548 0.00247614294842670758
2	0.01025486804985147569 0.00642629122605657341 0.97354478449352732650 0.00083294447386966721 0.00108787113471519323 0.00099018566441748412 0.00686305495756263460
2	0.00023970995824137059 0.00293080394589971364 0.99308996946327399158 0.00001982142827080675 0.00030693953845056153 0.00338811712772641143 0.00002463853813705157
3	0.08103239610394889769 0.04823532977672748828 0.00444897862051657142 0.80015271634192619565 0.06386307752898841283 0.00090248062876679405 0.00136502099912600892
1	0.00001021956331255591 0.99982052320131631351 0.00009195203252620344 0.00006990117753501327 0.00000327256867455816 0.00000334719719657536 0.00000078425943886972
1	0.00214607445806044893 0.98418819168248872220 0.00318255210622060691 0.00843653200346713809 0.00149143051702856056 0.00027760675502771300 0.00027761247770751693
1	0.00443399933470159987 0.99323434608806748791 0.00096860021258450828 0.00018797939001188564 0.00091806663357416117 0.00020539799562216933 0.00005161034543924987
1	0.01303781926084887979 0.97989647939878876670 0.00147733073558921173 0.00406954152851755728 0.00085303279507504366 0.00023369879045751868 0.00043209749072284029
4	0.00089496149048688245 0.00569191537029414742 0.17424103068767821112 0.00111834577939441964 0.80792617476389816389 0.00845872932724790749 0.00166884258100031581
3	0.01225179338312627937 0.03547315469716658815 0.00990736395764747410 0.93728736640397181112 0.00218115322921853382 0.00016973656718085101 0.00272943176168921608
2	0.02328124157425192839 0.07836601085253171173 0.78030009445964743087 0.02304700889200211184 0.06991539173893072945 0.00332611507597406703 0.02176413740666210614
2	0.00481225579360589246 0.00238867469470722656 0.96186431888658119327 0.00726918702171321617 0.00407972220386732670 0.01809457241887782453 0.00149126898064693022
1	0.00003696298853379168 0.99814312078689970686 0.00078034460432642688 0.00076014351536583358 0.00001791556325831794 0.00023029175298866527 0.00003122078862730467
2	0.00001738913800324426 0.00000107441924536377 0.99991602096288623169 0.00000233354075779967 0.00003236367359728796 0.00002668904365742623 0.00000412922185233733
0	0.92644688243319950338 0.02072348408491362162 0.00363326530028896524 0.01602418520962184748 0.01873529911147496160 0.00976813653485063445 0.00466874732565034090
3	0.00396218945208921206 0.02455637975353761743 0.00255182388721177881 0.96459936164078985410 0.00265151863037805993 0.00022486561187291590 0.00145386102412093190
1	0.01236699616393344657 0.93657880872873666700 0.00501392220782541278 0.02550074389904579547 0.01200823799320183474 0.00529889476728073652 0.00323239623997643001
4	0.00010161637917778170 0.00008877283921062391 0.00028828851663816529 0.00090508985751535536 0.99762111321755653215 0.00009740392763375067 0.00089771526226814762
3	0.00262143373379304873 0.01980245847870136175 0.00039186463559508596 0.97423195916587590482 0.00136675457864987972 0.00028147749523845791 0.00130405191214634443
0	0.92325575248294122765 0.01124151759332797131 0.00257068074821759866 0.00308094168328922188 0.01890204647375736541 0.00496504178999360429 0.03598401922847310058
0	0.99013981313592325240 0.00317922014063123232 0.00045079562531965671 0.00106043625654728374 0.00114679406761061071 0.00004472701893564301 0.00397821375503243282
5	0.00551206169016944976 0.08628993975623229506 0.02423804699120169631 0.02043701592101306377 0.00872161154889687130 0.82954234487104450135 0.02525897922144185875
5	0.01485139241327399634 0.03180387890515187083 0.01831767443048971933 0.01604124298354001402 0.01133240904988436215 0.90475093239131476608 0.00290246982634576912
0	0.99186809973571177235 0.00068024465781236847 0.00007512268818163088 0.00004412289972248554 0.00228336909039078073 0.00028725517176813990 0.00476178575641295499
5	0.02313589717545977767 0.07036223428594730323 0.00024089482217880631 0.00142076021085177254 0.00175298555484015763 0.90203537186024085326 0.00105185609048119772
6	0.04085594901350410313 0.01091151366745481480 0.01702138094197675963 0.01183932813900790554 0.00444200701355181461 0.00402718340608592632 0.91090263781841862567
1	0.02185259958658314350 0.90949717533773088984 0.02125990302070105212 0.01881109009798189249 0.01005645870679683709 0.00688282636402473991 0.01163994688618112672
3	0.00727246051731637779 0.05591123643335983717 0.00474891364647533551 0.91330093164470782519 0.00927009271029588695 0.00547175241639245684 0.00402461263145234040
0	0.93953328255967982763 0.02056920681659136010 0.00316206711637082504 0.01058693646223118554 0.00746752338631399056 0.01102233527091341959 0.00765864838789931477
0	0.96282438048457885671 0.00718619586918759889 0.00009961840413537627 0.00340067687187334917 0.01278212651125690096 0.00725188906046773420 0.00645511279850009140
0	0.90151857627814746543 0.00155751923580742810 0.00221140508379427192 0.00087526705295390395 0.01051710226387905962 0.00551607759037335121 0.07780405249504444842
6	0.05874059869031721809 0.01431710446955943017 0.15929645039504794490 0.00357403205532940988 0.01597864211532188522 0.00185036203642201225 0.74624281023800209667
4	0.00000895642142612748 0.00000426039039504310 0.00003558422306457281 0.00003474746633990191 0.99963267608951378307 0.00000900710229460062 0.00027476830696604351
1	0.00070388525123111958 0.97915540036494030929 0.00767474912717033744 0.00414131336794227971 0.00250989355990185927 0.00540064678161538206 0.00041411154719879294
1	0.00671992296664323738 0.98517450421958852047 0.00015851683114206385 0.00478132552278604829 0.00200530805672244567 0.00081434502521609154 0.00034607737790265982
0	0.89758812240955332395 0.04041968598782984257 0.00199535752168005041 0.00423909935903675830 0.03710638902761671104 0.00218983982952187422 0.01646150586476146163
5	0.00128155990272834676 0.01714991796974307467 0.00032163179238020205 0.00010044097124980302 0.00074319071410891449 0.98034373116513706670 0.00005952748465245557
2	0.01557817461374644101 0.08457997238430021991 0.81897318792326978532 0.02402454689799343041 0.04406934363172275437 0.00981785647617524834 0.00295691807279216141
0	0.96207737698542761251 0.02199917102068822336 0.00066797244756457196 0.00023919567431981406 0.01298143038099865663 0.00121083545018747102 0.00082401804081358812
1	0.00363789905447951681 0.92841374756698735737 0.00142573444767992883 0.04722706338615978439 0.00052274473594092756 0.01530465164773490462 0.00346815916101679512
6	0.00156608700854184201 0.00177097758799244637 0.00735676983485879493 0.00142965998195599439 0.27302294966215423511 0.00113412304090342508 0.71371943288359329660
6	0.00378590051148379892 0.00120445195337380421 0.00290083497531819397 0.00091933510431742164 0.01064758861703843026 0.00100612483425179065 0.97953576400421660253
3	0.05155947839576258823 0.05006443820199737993 0.02902910698050671298 0.83367640634769024643 0.01093190186831538395 0.01889765707866124939 0.00584101112706645990
1	0.00044025844498727116 0.98758703419253701661 0.00201212450232423961 0.00921029968350751786 0.00029858394667554199 0.00037417835268987261 0.00007752087727901291
1	0.06418741302009198235 0.67597776046329405286 0.08551212933900410873 0.08064744001878629276 0.03766072241084823802 0.02301973990963958674 0.03299479483833610977
1	0.00568515853837601830 0.94793799454279992212 0.00594364781109671739 0.00408946587457273587 0.01410968787695627592 0.02051715721956068328 0.00171688813663806888
4	0.02242487040164202819 0.04732946578513837904 0.00960142760048765358 0.02379505096241001441 0.87672205765362809515 0.00434882289076596491 0.01577830470592779533
3	0.00198020577247990000 0.00002076657296290857 0.00002520979026412013 0.99774664452287431526 0.00002335555199904086 0.00017837315476952053 0.00002544463465036938
1	0.00010930188987300691 0.99589405494790050888 0.00028516826335123132 0.00211178266052391506 0.00032833415144793737 0.00104475881410608876 0.00022659927279613544
4	0.00108121856421848996 0.00035829058567321396 0.00053198640861797726 0.00151475585653432286 0.99062005895319427129 0.00053480034269320930 0.00535888928906856719
2	0.00080116247429442764 0.00110522221388364029 0.99599483653946196959 0.00027567924001201344 0.00101993505109577564 0.00059326132345966355 0.00020990315779253311
2	0.11131334547168542093 0.22497295422875171478 0.49646467628299850716 0.02837450606042697318 0.08936520306905927635 0.03125267738766647485 0.01825663749941176459
4	0.00816205894432705907 0.00992230222760740431 0.00389799450702114480 0.00232363126320169660 0.82853232639780893809 0.14596027914122922109 0.00120140751880476546
4	0.01524354366206801849 0.00841932070588495389 0.00940551064256251075 0.05126584403332521550 0.90755450178215857360 0.00530287089337212834 0.00280840828062867880
2	0.00064421752491194495 0.00016145916152035829 0.99846732228796564179 0.00036777211710273868 0.00008873228625730939 0.00025139016718930173 0.00001910645505287021
3	0.00068240127996920560 0.00014299913299819497 0.00052526340392825672 0.99756165513743877415 0.00057061815937528267 0.00031801767172145258 0.00019904521456855329
1	0.04085803349643214039 0.68162049999302054548 0.00032077479653144379 0.16054082116831264182 0.10948912621772632914 0.00617530257275342425 0.00099544175522338504
4	0.00005930692284920350 0.00020235776097038069 0.00002939700459286838 0.00018300138858060318 0.99920055693180465095 0.00004311827957474657 0.00028226171162749447
1	0.00001159054804283496 0.99964977094191931339 0.00029887669543496504 0.00001896646258288533 0.00000391306783696347 0.00001541662041435181 0.00000146566376864570
2	0.02067792887435632165 0.02062317150023270165 0.87434508855049020148 0.00171541917749475472 0.03931370893538396749 0.04309433539930204726 0.00023034756274053711
1	0.00127162768883436043 0.99639531356880295387 0.00011074086161278622 0.00125653804775042446 0.00038925810931790560 0.00043293298355178707 0.00014358874013018936
0	0.81389205304690215304 0.01526059315923188053 0.00856555102330156491 0.02657130659166568459 0.03590819846241565666 0.05016730686799034805 0.04963499084849255089
0	0.80873453552509344533 0.15891447719524781634 0.00145583417641072959 0.01279866969228924019 0.00937802492877851286 0.00272851933384619287 0.00598993914833408515
4	0.00455670503854644585 0.05977659822404549766 0.00092978839604955608 0.00022618124219096086 0.90085725470796751413 0.01569958706059988718 0.01795388533060038316
6	0.01210703769731092359 0.00019735740198237008 0.00013205047701527267 0.00026006029634796516 0.00474007345698193409 0.00012562655264363292 0.98243779411771769983
2	0.01290213663234564441 0.05925329601660659501 0.74995974313041224857 0.02333283616951874889 0.02537416380593057047 0.07230895152013148974 0.05686887272505438545
1	0.00019141544125563423 0.99786767296267175897 0.00099657011965102239 0.00045225524397710977 0.00019926893150506780 0.00021112232784474820 0.00008169497309259341
0	0.83735570962556682417 0.11329244028957760615 0.01675837688739040265 0.02228107687371800108 0.00261213134786525544 0.00340523802864642778 0.00429502694723557250
2	0.00039443386432157950 0.00004266693679953291 0.99862092529594026491 0.00012141064757033308 0.00037221427301840714 0.00014465787962139972 0.00030369110272911686
1	0.00160150298932468932 0.98264270031047473708 0.00309014670681245730 0.01057844966293804839 0.00114484503826481343 0.00068637120347673337 0.00025598408870798687
1	0.01720899388091085350 0.79083873891648248655 0.03072987635481913907 0.05677248756648888700 0.02393309848803631956 0.02481077462559953470 0.05570603016766231125
0	0.83960276562688551660 0.10001231900894352878 0.01226583572574869302 0.00476960839284912199 0.01013874005851207565 0.01849800703107074007 0.01471272415599032476
3	0.00280153512911410609 0.00353628733920982726 0.00013835237227533741 0.98905955950330914916 0.00002503430377670522 0.00420331978565111151 0.00023591156666512953
3	0.00423398616332968519 0.02969111770735341840 0.00030779813966030857 0.96447914382307442516 0.00024015497917313509 0.00058166199659927817 0.00046613719080979698
1	0.00397368193047745698 0.92718627424432098483 0.03422721813018354819 0.00374985000462944211 0.00071972320540150919 0.02126526911902588621 0.00887798336596115276
3	0.00108402249131303759 0.00154471038246447689 0.00006305623456287498 0.99713945306055595807 0.00002598104586418359 0.00003045417585580015 0.00011232260938338620
5	0.00879012286073776322 0.00050299558368145289 0.00037182329152883674 0.00511787934788356623 0.00763108275311526977 0.97691395964907101757 0.00067213651398152362
4	0.03368037219215460482 0.01836458648336760507 0.01897871004811605214 0.00263605833281670403 0.89854509173597063576 0.00796872767876986507 0.01982645352880404652
2	0.00233157088726596408 0.00115712440863438809 0.98900327737007798223 0.00460543649313911296 0.00117333616293799283 0.00141833244169799590 0.00031092223624573092
1	0.00351284946844668960 0.99440755350678933233 0.00083962757230168826 0.00049234725672733359 0.00020783957440131576 0.00014274834214918113 0.00039703427918413349
5	0.00097106297124922522 0.00073917061724238778 0.00003719331049730843 0.00016442835369363511 0.00068161454255759378 0.99718877578148179541 0.00021775442327819552
3	0.01021046259339558442 0.10793736743526519128 0.02360708181655556473 0.81686291595776239216 0.02146469448134688540 0.00957936499970558214 0.01033811271596907222
4	0.02989545081337054155 0.12002191010889090572 0.01908687026069290360 0.00641034319626644384 0.79348452308077821460 0.01325307047423914496 0.01784783206576222997
1	0.00314583801394963157 0.97427673787844459863 0.00047733754734548256 0.00209462229360787193 0.00232660694018891256 0.01565868299237907491 0.00202017433408472084
6	0.00087547534287733830 0.00001761981280780454 0.00778227594024843636 0.00006445090472019506 0.00047142631294485346 0.00107688269741610201 0.98971186898898511064
1	0.00889209959501024473 0.93628920535399107195 0.00115144026064358906 0.00120879028183166364 0.01364860274572055922 0.02717732805136516966 0.01163253371143770781
4	0.09979736436754212126 0.00279155009594021569 0.00100833382723232987 0.00129706118945467391 0.81310040567528985012 0.02698830831871198987 0.05501697652582894504
1	0.00113013395324190399 0.96766734173517288120 0.00709842037497155146 0.00527474205352653023 0.00094159836388304911 0.01628236453864980240 0.00160539898055493181
0	0.83396054383042750313 0.02631182176270441611 0.00475913407559979112 0.05333073795519686910 0.01722751189370612043 0.03327303404603019349 0.03113721643633522024
5	0.00337897338465284686 0.00391195196428056804 0.00005805528317711858 0.00016244214068542476 0.00012516415855888700 0.99197598215068227834 0.00038743091796290499
2	0.00063196025645381878 0.00101763691009376612 0.99647908030935417045 0.00018581266982454971 0.00059362169650976719 0.00090235428897652594 0.00018953386878759818
2	0.00001484143169971149 0.00000348218572381826 0.99974326868165452886 0.00000401753971803790 0.00002433018353395066 0.00020939828716839596 0.00000066169050312711
1	0.01466650598901032831 0.97063654261216547603 0.00519358527878080022 0.00125847987888863251 0.00197505974992319075 0.00557064898062967738 0.00069917751060151977
1	0.00537567241425743365 0.94384081321479440518 0.01356691738919200800 0.01508609115643777011 0.00977730204534408426 0.00953229126123534068 0.00282091251873943429
3	0.04173061225922680001 0.04556191697800843210 0.00075784956498831471 0.90723436667016121859 0.00320669698309437520 0.00064249091363586066 0.00086606663088538362
5	0.01055429072532812311 0.00353469057539506195 0.00905256147708873547 0.02449958570593612633 0.05905957988680839849 0.89038284446161164443 0.00291644716783223418
1	0.03160412317928260745 0.88773917492065701484 0.01074767170992584758 0.00129854965707095946 0.01421716363507982694 0.04547083184750445872 0.00892248505047947039
5	0.00011378924175734891 0.00018813330789737537 0.00001360289753093392 0.00000838931879116021 0.00000238355457672483 0.99966759021622586534 0.00000611146322123695
1	0.01984156348376850745 0.74253282402463138823 0.01075126994803082478 0.09861932018947885958 0.00453444870687237135 0.11855714855885345071 0.00516342508836444437
0	0.97458749309983472298 0.00893560507737820031 0.00086381864820466163 0.00366806648693186960 0.00278209243097664273 0.00295651042616080530 0.00620641383051322854
2	0.00046894061080674193 0.00169176499264720240 0.98962320394134872803 0.00075885331993943181 0.00242644216652640726 0.00249133601800091307 0.00253945895073091161
3	0.00563334761266669898 0.07459724313915813698 0.00114885704142411163 0.91009060131209118527 0.00128896785072780485 0.00603648190636257246 0.00120450113756851839
1	0.03914752586900360071 0.83685574857661648718 0.03526416890996825204 0.04240634554210349905 0.00146587913506530704 0.03308010638988983371 0.01178022557735319310
1	0.00515379221097598920 0.96319917426658996362 0.00951890656801437918 0.00248996561188327302 0.00584522236189161278 0.00363890684863160847 0.01015403213201192256
1	0.00042733603148907659 0.99345170475558619572 0.00050208105797155966 0.00342593952103799337 0.00108687954512488535 0.00098142125432543041 0.00012463783446621144
0	0.73615645699929999068 0.04315519195832127897 0.00125596660652347388 0.02855035917984529575 0.05023491727773373577 0.00321483632371721405 0.13743227165455898509
1	0.08914753017394251577 0.68348286065727203997 0.03694346002785592331 0.01856330648514719836 0.01634832945605573656 0.12198422571964839811 0.03353028748007806648
4	0.00015155068495782865 0.00728666841233880768 0.01220546673854473567 0.01709034469010149021 0.95117669836405349670 0.00527062591516106078 0.00681864519484224902
6	0.00013214176897755222 0.00436123009095777236 0.00034145704472834275 0.00120863131146063652 0.06092358338011416574 0.00035949550233000212 0.93267346090143166126
1	0.17241896800750430852 0.51468012823393693989 0.10910644791763442207 0.14490719604157359379 0.02015561507173992822 0.01879836901115488831 0.01993327571645598859
5	0.00220567017382549942 0.00115170070714973403 0.00013592539086212458 0.00004023779066868240 0.00011399098763998275 0.99622683091961861113 0.00012564403023592764
4	0.03238463163344953294 0.12731576659374807536 0.02562322629651298672 0.02917574762031982863 0.72486004536995718439 0.02026272373081761460 0.04037785875519496470
3	0.01445758597707593428 0.03032249172948654065 0.00349189111763107633 0.94056079067613140854 0.00580780048703491512 0.00282108416931166946 0.00253835584332794822
3	0.00207239566414333786 0.01589825954424894591 0.00017800586460259171 0.98131018588069651720 0.00004061124916949731 0.00009806997100192388 0.00040247182613772285
0	0.99102768604923752171 0.00049321425894227144 0.00019587425423398441 0.00061430066646755977 0.00643430191181243970 0.00076662225228009699 0.00046800060702585151
3	0.00145806299917792116 0.00927257016378496383 0.00222908972121898608 0.97996659737309810279 0.00268490081661019011 0.00255845713697859653 0.00183032178913124189
1	0.00957134430696638359 0.87302896558801967863 0.00780831176784548778 0.01664923858675262588 0.07921041913396545397 0.00297207437649727856 0.01075964623995256247
1	0.00030813520591492640 0.97494807833704233424 0.00457294749345940697 0.01494625605135847281 0.00273361130864375286 0.00243192860074723394 0.00005904300283464012
1	0.03031023397935628250 0.86493987814399131420 0.00478308436798294007 0.07283480004909766159 0.01524403216344854227 0.00384073574588691524 0.00804723555023609434
3	0.01461990465672282150 0.03420654877548141154 0.01966808251789416151 0.83330490069326468294 0.03266070284618045189 0.01062795965500530279 0.05491190085545144539
0	0.89985816095624127087 0.02878213721040091821 0.02116522304421436518 0.03613739653735423968 0.00790319227292374249 0.00196666432039754608 0.00418722565846768764
0	0.91624149655219211397 0.04898970085265916263 0.00007835387214222541 0.01125212667320159114 0.01900511938119105876 0.00201510750349183539 0.00241809516512208906
3	0.01038867047102867529 0.06693496600168073740 0.03308780556737853790 0.82359605182432826798 0.02820352092351450721 0.01477976326324711813 0.02300922194882221161
4	0.04914539229749562838 0.03138860916761686964 0.01024844505444861067 0.01126855844603404794 0.81263951289524838373 0.06784552940804920718 0.01746395273110694021
0	0.89418992564969901338 0.03641562645685739869 0.00656390424045523533 0.02360622173612917166 0.00917913067662395887 0.00743566837525472257 0.02260952286498060793
3	0.00317916216606135317 0.00318669832269773004 0.00054638627355610620 0.99131722349499717950 0.00086043892820938928 0.00025582218553564783 0.00065426862894225998
1	0.00000807133737670285 0.99945298382874192544 0.00020686295555622880 0.00014423781888607827 0.00004636327581322877 0.00010117457351522002 0.00004030621011242764
6	0.01275507275253215562 0.00971579610853176047 0.00190299382615699585 0.00552792609302417068 0.01982305186950258577 0.00813509323482506513 0.94214006611542755465
1	0.00061233485359197452 0.97554567169522976577 0.00472686789310344888 0.00028414778416079598 0.00043500615008615589 0.01815139196254549753 0.00024457966128220670
5	0.01752248518291719265 0.00318739400334385001 0.01934770024216388856 0.00079187239298927675 0.00343824590147300728 0.95334713445185059744 0.00236516782526283035
4	0.00000051777046984503 0.00000092477923904017 0.00000669647219445894 0.00000014956626770762 0.99997529969205911637 0.00000083105240200013 0.00001558066736850987
6	0.00295837496514955679 0.00829992107413018466 0.00061258215389936881 0.00155759396217676157 0.05745919403742496406 0.00550004304818391306 0.92361229075903517050
2	0.00052835856675528055 0.00036683301881388567 0.99454452806346249627 0.00038225434784972738 0.00146035582859320684 0.00069413990049996851 0.00202353027402685801
1	0.00032861322849800324 0.98248448787020659090 0.00123580346120948570 0.00772110831437030406 0.00275401541027298427 0.00457480818608197153 0.00090116352935988478
2	0.00068700625121196897 0.01046115204044733779 0.96950126195736574530 0.00647826225775682569 0.00067565350092840522 0.01156300785561229991 0.00063365613667713133
1	0.01704715111434295521 0.86700931381745460769 0.00553926937647501727 0.03968263340593854854 0.02012735726122292026 0.03570137586774822097 0.01489289915681772485
6	0.00435453324210358182 0.03690559268370566942 0.00362121657369371755 0.00412108258722864752 0.00825629799888159474 0.01761421516429276940 0.92512706175009395970
6	0.04484776605891923479 0.00463001819992945544 0.03869316748359041824 0.00489841159016163406 0.00928734731517923996 0.01304887951333575519 0.88459440983888437682
1	0.00000742356534766908 0.99978920009007687941 0.00012871263641314022 0.00004655499982472821 0.00000696482546216571 0.00001967889585885753 0.00000146498701656816
2	0.00124615062382124652 0.00069209663024404902 0.98840486967343621494 0.00007992877515535315 0.00726836353098944850 0.00175613274689112174 0.00055245801946205157
1	0.00013037304958301993 0.99812437814178289752 0.00040019020547077020 0.00095842098463237789 0.00006737344754967381 0.00031758762044295280 0.00000167655053711415
2	0.00040567200665880642 0.00273554449137191139 0.98970957952075921948 0.00008147945952987201 0.00018635402021232884 0.00679065525705367917 0.00009071524441510204
3	0.04598720865256870211 0.01887860393834977016 0.00817422826516421563 0.86323535527071526552 0.03688581154370907528 0.01838588179717519019 0.00845291053231750529
3	0.00351769171457632810 0.00262190531603838286 0.00183522525282778215 0.98653409939210356949 0.00288048990836319713 0.00177348126443116700 0.00083710715165936206
3	0.01565698061124284890 0.01548111104012447198 0.00718627795979052443 0.95866287185925735947 0.00094418650752833171 0.00083663455141234542 0.00123193747064373298
3	0.01607353956831146860 0.03673497447322176396 0.01157358525341878157 0.92760998116121629042 0.00258911775984533655 0.00224426274225369852 0.00317453904173291019
1	0.00080754434338228484 0.98863149128565874779 0.00077660859558584565 0.00019667462405282022 0.00860098241036846671 0.00087121935942116298 0.00011547938153131283
6	0.05113832603489622958 0.02655017890773742756 0.00268681844566173072 0.05283046188264273191 0.00601740523464332471 0.00978827591194953404 0.85098853358246884238
1	0.02015012013123638340 0.72713670732108914851 0.02473400426269095967 0.17885797821311114064 0.02426350525725714385 0.01532665309079863161 0.00953103172381616556
0	0.61964161580139331953 0.13619299524839698079 0.00398856132801736138 0.22339507625717078265 0.01041580448682187174 0.00349712731195553480 0.00286881956624428355
5	0.01902405698035776471 0.02110369626671759757 0.00460161956611825941 0.03304445905390725885 0.00070222532071744664 0.92016291072034728238 0.00136103209183433666
1	0.11532645516781274420 0.81371193018037180078 0.00563740902659287495 0.03625967214966947794 0.00591045499855712402 0.01673051818332173604 0.00642356029367453438
0	0.85474728732620186555 0.01619438969743235493 0.03095688393476401373 0.04025681778520882187 0.04798618132880129450 0.00524232903171900719 0.00461611089587252686
1	0.17716521596953105355 0.61349022152779997263 0.03849766894396142863 0.03675626482567582315 0.07587860902053288059 0.02312299055862371278 0.03508902915387507315
2	0.00210612346236814909 0.01130566151984929019 0.96328241983182227859 0.00200997866634391531 0.00629504848448299292 0.01419660848407826477 0.00080415955105490574
1	0.00222777793804492452 0.97423683236704150534 0.00652107960294313199 0.01186676430558759009 0.00055051703464505640 0.00307831663702333403 0.00151871211471414245
0	0.80420056836076603268 0.02070820141064773356 0.09258401999850904285 0.00746504988510498374 0.06063850408768137190 0.00375685649565348596 0.01064679976163714764
1	0.00414257440183956552 0.97205640945273152909 0.00669149925439336754 0.00456240477003175705 0.00032776328591460244 0.01069305659486034961 0.00152629224022931783
1	0.03316443379871422681 0.95603468846321115748 0.00285858194229113641 0.00058350919621932981 0.00628287988173878084 0.00021663847756154812 0.00085926824026331060
5	0.00255057319111632848 0.02440877452572251874 0.00019132440938730901 0.02831531062595752518 0.00179808778738770178 0.94195201068856837523 0.00078391877186043699
4	0.00083634296528245120 0.00021115979748588122 0.00083883418340140246 0.00058819118924937231 0.99348521425188374145 0.00245903630788103051 0.00158122130481554114
0	0.80630253412957963999 0.07333565722457346947 0.02573061401505175386 0.02491138248952656439 0.04766202301640695693 0.01236362761143586925 0.00969416151342573570
1	0.07683012581623420434 0.55527272293578056050 0.05823969130862644700 0.15559284479944646140 0.07281411596317534374 0.04676889046447210013 0.03448160871226525759
3	0.09825065151565516575 0.15679330756478701558 0.02399689033966767929 0.67357090415060316690 0.03799930507808958052 0.00188937193469436112 0.00749956941650271099
0	0.96300313363800604805 0.01106348855775507282 0.00439835894560878030 0.00145894849788752445 0.00411071526897121772 0.01239763651693245351 0.00356771857483863947
2	0.00076661061048415426 0.00261903030208085865 0.99179806258117253481 0.00078224014215497206 0.00159459452914586120 0.00188907592352932684 0.00055038591143153216
1	0.00007404705763909013 0.99951915927433254705 0.00005264269353297175 0.00020579597618631718 0.00003106370389823316 0.00007506145272791382 0.00004222984168195039
2	0.00008238520131987262 0.00281243571626769951 0.98036856381973869201 0.00010940374571320424 0.00320198980344284971 0.01306464338863585518 0.00036057832488104916
2	0.00008619039106132488 0.00014199527364901977 0.99341974586563008831 0.00044214097780800676 0.00011637978862322356 0.00563112711016349170 0.00016242059306676465
0	0.91801017517401306556 0.00675487150063277999 0.01191809330409555716 0.01736171343702518424 0.02349020427162794300 0.00204634233887368046 0.02041859997373167077
1	0.00047244107220406270 0.98477111472078726617 0.00097677567811291070 0.00982649483708114557 0.00136483861024885573 0.00239927595367334405 0.00018905912789188235
6	0.09976733260769504730 0.00031457826809756735 0.00069309155486364728 0.00153404005763779446 0.04491018756953154417 0.00026816732729412185 0.85251260261488026604
3	0.00831948991692493464 0.00123605328649645848 0.01107627836452636065 0.97826342266534538350 0.00042573426294275957 0.00041665966649661132 0.00026236183726773216
5	0.01307995571318129602 0.00714247427473151293 0.01391557476076193782 0.00049374293613757537 0.00633393214942466146 0.95822068515132974298 0.00081363501443299240
2	0.07172001189854454450 0.02685888676290914406 0.83435328199248615100 0.01267567233304109885 0.03070025989034850383 0.01482285334523406051 0.00886903377743623531
